ref	ball_pos	gear_angle	motor_voltage	zero
0.000	29.337	0.041	0.000	0.000
0.004	29.337	0.041	0.000	0.000
0.008	29.337	0.040	0.000	0.000
0.013	29.337	0.041	-0.024	0.000
0.017	29.337	0.041	-0.033	0.000
0.021	29.337	0.041	-0.042	0.000
0.025	29.326	0.041	-0.052	0.000
0.030	29.326	0.041	-0.063	0.000
0.034	29.326	0.040	-0.076	0.000
0.038	29.337	0.041	-0.082	0.000
0.042	29.347	0.038	-0.469	0.000
0.046	29.347	0.038	-0.478	0.000
0.051	29.326	0.041	-0.483	0.000
0.055	29.347	0.041	-0.492	0.000
0.059	29.337	0.040	-0.505	0.000
0.063	29.357	0.040	-0.514	0.000
0.067	29.357	0.041	-0.520	0.000
0.071	29.347	0.043	-0.526	0.000
0.076	29.357	0.043	-0.538	0.000
0.080	29.337	0.044	-0.544	0.000
0.084	29.357	0.046	-0.550	0.000
0.088	29.357	0.046	-0.559	0.000
0.092	29.357	0.047	-0.565	0.000
0.096	29.347	0.047	-0.575	0.000
0.100	29.357	0.049	-0.581	0.000
0.104	29.347	0.049	-0.590	0.000
0.108	29.368	0.053	-0.589	0.000
0.112	29.347	0.053	-0.598	0.000
0.116	29.347	0.056	-0.601	0.000
0.120	29.357	0.056	-0.610	0.000
0.123	29.368	0.056	-0.617	0.000
0.127	29.357	0.058	-0.623	0.000
0.131	29.347	0.062	-0.622	0.000
0.135	29.347	0.062	-0.632	0.000
0.139	29.368	0.063	-0.637	0.000
0.142	29.347	0.065	-0.641	0.000
0.146	29.368	0.066	-0.647	0.000
0.150	29.368	0.066	-0.656	0.000
0.154	29.368	0.068	-0.662	0.000
0.157	29.368	0.071	-0.662	0.000
0.161	29.368	0.071	-0.672	0.000
0.164	29.378	0.074	-0.672	0.000
0.168	29.378	0.074	-0.681	0.000
0.171	29.368	0.075	-0.685	0.000
0.175	29.378	0.077	-0.691	0.000
0.178	29.368	0.078	-0.694	0.000
0.182	29.378	0.080	-0.700	0.000
0.185	29.389	0.081	-0.704	0.000
0.188	29.368	0.083	-0.707	0.000
0.192	29.378	0.087	-0.706	0.000
0.195	29.378	0.089	-0.710	0.000
0.198	29.399	0.087	-0.721	0.000
0.201	29.378	0.090	-0.721	0.000
0.204	29.389	0.092	-0.724	0.000
0.207	29.378	0.093	-0.728	0.000
0.210	29.378	0.095	-0.731	0.000
0.213	29.378	0.097	-0.731	0.000
0.216	29.378	0.099	-0.735	0.000
0.219	29.389	0.102	-0.735	0.000
0.222	29.389	0.103	-0.739	0.000
0.225	29.389	0.105	-0.742	0.000
0.228	29.389	0.106	-0.746	0.000
0.231	29.389	0.109	-0.746	0.000
0.233	29.399	0.111	-0.747	0.000
0.236	29.389	0.112	-0.751	0.000
0.238	29.389	0.115	-0.748	0.000
0.241	29.399	0.117	-0.752	0.000
0.244	29.378	0.118	-0.756	0.000
0.246	29.399	0.123	-0.750	0.000
0.248	29.389	0.124	-0.751	0.000
0.251	29.389	0.124	-0.758	0.000
0.253	29.420	0.127	-0.756	0.000
0.255	29.389	0.129	-0.757	0.000
0.258	29.409	0.133	-0.754	0.000
0.260	29.389	0.133	-0.758	0.000
0.262	29.389	0.136	-0.756	0.000
0.264	29.409	0.137	-0.757	0.000
0.266	29.389	0.140	-0.755	0.000
0.268	29.389	0.140	-0.760	0.000
0.270	29.389	0.145	-0.754	0.000
0.271	29.420	0.143	-0.760	0.000
0.273	29.399	0.146	-0.758	0.000
0.275	29.409	0.149	-0.756	0.000
0.277	29.399	0.151	-0.757	0.000
0.278	29.409	0.152	-0.756	0.000
0.280	29.409	0.157	-0.750	0.000
0.281	29.399	0.155	-0.756	0.000
0.283	29.399	0.160	-0.750	0.000
0.284	29.399	0.160	-0.752	0.000
0.285	29.389	0.161	-0.751	0.000
0.287	29.399	0.164	-0.749	0.000
0.288	29.420	0.168	-0.741	0.000
0.289	29.409	0.167	-0.747	0.000
0.290	29.409	0.168	-0.746	0.000
0.291	29.409	0.168	-0.748	0.000
0.292	29.420	0.171	-0.743	0.000
0.293	29.420	0.176	-0.735	0.000
0.294	29.409	0.176	-0.738	0.000
0.295	29.420	0.180	-0.730	0.000
0.296	29.409	0.179	-0.735	0.000
0.296	29.420	0.180	-0.732	0.000
0.297	29.420	0.185	-0.724	0.000
0.298	29.420	0.186	-0.723	0.000
0.298	29.440	0.186	-0.723	0.000
0.298	29.409	0.188	-0.719	0.000
0.299	29.440	0.191	-0.715	0.000
0.299	29.409	0.191	-0.715	0.000
0.299	29.430	0.195	-0.704	0.000
0.300	29.420	0.194	-0.710	0.000
0.300	29.430	0.195	-0.707	0.000
0.300	29.420	0.198	-0.700	0.000
0.300	29.420	0.198	-0.700	0.000
0.300	29.440	0.201	-0.693	0.000
0.300	29.420	0.201	-0.693	0.000
0.300	29.430	0.202	-0.689	0.000
0.300	29.420	0.205	-0.682	0.000
0.299	29.420	0.207	-0.676	0.000
0.299	29.430	0.208	-0.673	0.000
0.299	29.430	0.207	-0.676	0.000
0.298	29.409	0.210	-0.667	0.000
0.298	29.409	0.211	-0.664	0.000
0.297	29.430	0.213	-0.658	0.000
0.296	29.430	0.216	-0.649	0.000
0.296	29.440	0.214	-0.652	0.000
0.295	29.420	0.214	-0.650	0.000
0.294	29.430	0.217	-0.640	0.000
0.293	29.440	0.220	-0.631	0.000
0.292	29.440	0.220	-0.629	0.000
0.291	29.420	0.222	-0.623	0.000
0.290	29.430	0.222	-0.621	0.000
0.289	29.451	0.222	-0.618	0.000
0.288	29.451	0.225	-0.609	0.000
0.287	29.451	0.225	-0.607	0.000
0.286	29.440	0.228	-0.597	0.000
0.284	29.451	0.231	-0.586	0.000
0.283	29.440	0.231	-0.583	0.000
0.282	29.440	0.231	-0.581	0.000
0.280	29.430	0.229	-0.580	0.000
0.279	29.440	0.231	-0.574	0.000
0.277	29.451	0.233	-0.562	0.000
0.275	29.440	0.232	-0.561	0.000
0.274	29.451	0.232	-0.559	0.000
0.272	29.451	0.233	-0.551	0.000
0.270	29.451	0.233	-0.546	0.000
0.268	29.461	0.235	-0.538	0.000
0.266	29.461	0.236	-0.529	0.000
0.264	29.451	0.238	-0.521	0.000
0.262	29.430	0.235	-0.524	0.000
0.260	29.451	0.236	-0.515	0.000
0.258	29.430	0.239	-0.504	0.000
0.256	29.440	0.238	-0.502	0.000
0.254	29.451	0.239	-0.494	0.000
0.251	29.451	0.238	-0.491	0.000
0.249	29.451	0.242	-0.476	0.000
0.247	29.451	0.242	-0.471	0.000
0.244	29.451	0.241	-0.467	0.000
0.242	29.451	0.242	-0.089	0.000
0.239	29.451	0.242	-0.082	0.000
0.236	29.451	0.241	-0.079	0.000
0.234	29.440	0.242	-0.070	0.000
0.231	29.451	0.242	-0.063	0.000
0.228	29.440	0.242	-0.056	0.000
0.226	29.440	0.242	-0.052	0.000
0.223	29.440	0.242	-0.045	0.000
0.220	29.440	0.242	-0.038	0.000
0.217	29.440	0.241	-0.034	0.000
0.214	29.451	0.242	-0.023	0.000
0.211	29.430	0.241	-0.020	0.000
0.208	29.440	0.239	-0.016	0.000
0.205	29.451	0.238	-0.013	0.000
0.202	29.440	0.239	-0.002	0.000
0.199	29.430	0.238	0.001	0.000
0.196	29.440	0.238	0.008	0.000
0.192	29.430	0.235	0.011	0.000
0.189	29.451	0.235	0.018	0.000
0.186	29.430	0.233	0.022	0.000
0.182	29.430	0.233	0.031	0.000
0.179	29.430	0.233	0.038	0.000
0.176	29.430	0.232	0.042	0.000
0.172	29.430	0.229	0.044	0.000
0.169	29.430	0.231	0.055	0.000
0.165	29.430	0.229	0.060	0.000
0.162	29.440	0.229	0.067	0.000
0.158	29.440	0.228	0.073	0.000
0.154	29.440	0.228	0.083	0.000
0.151	29.440	0.225	0.083	0.000
0.147	29.430	0.225	0.092	0.000
0.143	29.430	0.223	0.098	0.000
0.140	29.440	0.223	0.105	0.000
0.136	29.430	0.220	0.108	0.000
0.132	29.430	0.220	0.117	0.000
0.128	29.420	0.219	0.123	0.000
0.124	29.430	0.216	0.126	0.000
0.120	29.430	0.216	0.135	0.000
0.117	29.409	0.216	0.142	0.000
0.113	29.420	0.214	0.148	0.000
0.109	29.430	0.213	0.154	0.000
0.105	29.430	0.213	0.163	0.000
0.101	29.420	0.210	0.166	0.000
0.097	29.440	0.208	0.172	0.000
0.093	29.430	0.207	0.178	0.000
0.089	29.420	0.207	0.187	0.000
0.085	29.420	0.204	0.189	0.000
0.081	29.430	0.202	0.195	0.000
0.076	29.430	0.201	0.204	0.000
0.072	29.409	0.199	0.209	0.000
0.068	29.420	0.199	0.219	0.000
0.064	29.420	0.197	0.221	0.000
0.060	29.420	0.197	0.231	0.000
0.056	29.420	0.194	0.233	0.000
0.052	29.420	0.194	0.243	0.000
0.047	29.420	0.192	0.251	0.000
0.043	29.409	0.189	0.253	0.000
0.039	29.420	0.189	0.263	0.000
0.035	29.420	0.188	0.269	0.000
0.031	29.420	0.185	0.271	0.000
0.026	29.420	0.183	0.279	0.000
0.022	29.430	0.182	0.285	0.000
0.018	29.409	0.182	0.295	0.000
0.014	29.420	0.179	0.297	0.000
0.009	29.420	0.177	0.305	0.000
0.005	29.409	0.174	0.308	0.000
0.001	29.420	0.171	0.310	0.000
-0.003	29.420	0.171	0.320	0.000
-0.008	29.420	0.168	0.324	0.000
-0.012	29.420	0.168	0.334	0.000
-0.016	29.420	0.163	0.329	0.000
-0.020	29.420	0.163	0.339	0.000
-0.024	29.409	0.161	0.345	0.000
-0.029	29.420	0.160	0.353	0.000
-0.033	29.399	0.157	0.355	0.000
-0.037	29.409	0.154	0.358	0.000
-0.041	29.409	0.154	0.367	0.000
-0.046	29.409	0.149	0.369	0.000
-0.050	29.389	0.148	0.375	0.000
-0.054	29.389	0.146	0.380	0.000
-0.058	29.420	0.142	0.379	0.000
-0.062	29.420	0.139	0.382	0.000
-0.066	29.389	0.139	0.391	0.000
-0.070	29.420	0.134	0.390	0.000
-0.075	29.399	0.133	0.399	0.000
-0.079	29.399	0.129	0.398	0.000
-0.083	29.399	0.129	0.407	0.000
-0.087	29.399	0.124	0.406	0.000
-0.091	29.409	0.121	0.408	0.000
-0.095	29.389	0.118	0.411	0.000
-0.099	29.409	0.115	0.413	0.000
-0.103	29.420	0.114	0.419	0.000
-0.107	29.420	0.112	0.425	0.000
-0.111	29.399	0.108	0.424	0.000
-0.115	29.399	0.105	0.427	0.000
-0.119	29.389	0.103	0.432	0.000
-0.123	29.420	0.099	0.431	0.000
-0.126	29.399	0.097	0.435	0.000
-0.130	29.389	0.095	0.437	0.000
-0.134	29.389	0.092	0.440	0.000
-0.138	29.389	0.089	0.442	0.000
-0.142	29.399	0.083	0.438	0.000
-0.145	29.399	0.084	0.448	0.000
-0.149	29.399	0.080	0.447	0.000
-0.153	29.399	0.080	0.457	0.000
-0.156	29.409	0.077	0.457	0.000
-0.160	29.399	0.072	0.456	0.000
-0.164	29.389	0.069	0.458	0.000
-0.167	29.399	0.068	0.462	0.000
-0.171	29.389	0.065	0.464	0.000
-0.174	29.399	0.062	0.464	0.000
-0.177	29.389	0.058	0.461	0.000
-0.181	29.378	0.056	0.467	0.000
-0.184	29.399	0.052	0.464	0.000
-0.188	29.389	0.049	0.466	0.000
-0.191	29.389	0.044	0.463	0.000
-0.194	29.389	0.041	0.463	0.000
-0.197	29.399	0.040	0.466	0.000
-0.201	29.389	0.037	0.469	0.000
-0.204	29.389	0.032	0.465	0.000
-0.207	29.368	0.031	0.469	0.000
-0.210	29.389	0.026	0.466	0.000
-0.213	29.378	0.024	0.466	0.000
-0.216	29.389	0.022	0.469	0.000
-0.219	29.389	0.018	0.466	0.000
-0.222	29.368	0.015	0.466	0.000
-0.224	29.399	0.012	0.464	0.000
-0.227	29.389	0.009	0.464	0.000
-0.230	29.368	0.004	0.461	0.000
-0.233	29.399	0.003	0.464	0.000
-0.235	29.368	-0.000	0.462	0.000
-0.238	29.368	-0.003	0.462	0.000
-0.240	29.368	-0.008	0.456	0.000
-0.243	29.357	-0.009	0.460	0.000
-0.245	29.357	-0.012	0.458	0.000
-0.248	29.357	-0.016	0.454	0.000
-0.250	29.357	-0.019	0.452	0.000
-0.253	29.357	-0.021	0.455	0.000
-0.255	29.357	-0.024	0.453	0.000
-0.257	29.357	-0.027	0.451	0.000
-0.259	29.337	-0.030	0.449	0.000
-0.261	29.337	-0.033	0.447	0.000
-0.263	29.337	-0.037	0.441	0.000
-0.265	29.347	-0.039	0.442	0.000
-0.267	29.347	-0.042	0.440	0.000
-0.269	29.337	-0.044	0.438	0.000
-0.271	29.326	-0.047	0.435	0.000
-0.273	29.347	-0.050	0.433	0.000
-0.275	29.337	-0.053	0.431	0.000
-0.276	29.357	-0.058	0.423	0.000
-0.278	29.347	-0.059	0.424	0.000
-0.279	29.337	-0.064	0.416	0.000
-0.281	29.337	-0.065	0.417	0.000
-0.282	29.326	-0.068	0.412	0.000
-0.284	29.337	-0.071	0.410	0.000
-0.285	29.347	-0.071	0.413	0.000
-0.286	29.337	-0.076	0.405	0.000
-0.288	29.326	-0.080	0.399	0.000
-0.289	29.337	-0.083	0.394	0.000
-0.290	29.357	-0.086	0.390	0.000
-0.291	29.326	-0.087	0.388	0.000
-0.292	29.347	-0.089	0.387	0.000
-0.293	29.337	-0.093	0.379	0.000
-0.294	29.357	-0.096	0.375	0.000
-0.295	29.337	-0.099	0.370	0.000
-0.295	29.337	-0.102	0.363	0.000
-0.296	29.326	-0.102	0.365	0.000
-0.297	29.337	-0.105	0.361	0.000
-0.297	29.337	-0.108	0.354	0.000
-0.298	29.337	-0.111	0.349	0.000
-0.298	29.347	-0.112	0.346	0.000
-0.299	29.347	-0.117	0.338	0.000
-0.299	29.337	-0.118	0.334	0.000
-0.299	29.347	-0.121	0.327	0.000
-0.300	29.357	-0.123	0.326	0.000
-0.300	29.326	-0.124	0.323	0.000
-0.300	29.347	-0.127	0.316	0.000
-0.300	29.337	-0.130	0.309	0.000
-0.300	29.347	-0.132	0.305	0.000
-0.300	29.347	-0.136	0.295	0.000
-0.300	29.347	-0.139	0.288	0.000
-0.300	29.347	-0.141	0.285	0.000
-0.299	29.347	-0.144	0.275	0.000
-0.299	29.347	-0.145	0.272	0.000
-0.299	29.347	-0.148	0.265	0.000
-0.298	29.357	-0.149	0.259	0.000
-0.298	29.337	-0.152	0.252	0.000
-0.297	29.357	-0.154	0.246	0.000
-0.297	29.337	-0.155	0.243	0.000
-0.296	29.357	-0.158	0.234	0.000
-0.295	29.347	-0.157	0.235	0.000
-0.294	29.337	-0.160	0.225	0.000
-0.294	29.357	-0.164	0.215	0.000
-0.293	29.357	-0.164	0.213	0.000
-0.292	29.347	-0.166	0.207	0.000
-0.291	29.347	-0.172	0.190	0.000
-0.290	29.347	-0.172	0.188	0.000
-0.288	29.357	-0.173	0.180	0.000
-0.287	29.357	-0.175	0.174	0.000
-0.286	29.357	-0.176	0.168	0.000
-0.285	29.357	-0.178	0.163	0.000
-0.283	29.337	-0.180	0.151	0.000
-0.282	29.347	-0.182	0.145	0.000
-0.280	29.337	-0.183	0.137	0.000
-0.279	29.337	-0.183	0.135	0.000
-0.277	29.347	-0.185	0.126	0.000
-0.276	29.347	-0.188	0.117	0.000
-0.274	29.337	-0.189	0.109	0.000
-0.272	29.357	-0.191	0.101	0.000
-0.270	29.347	-0.191	0.096	0.000
-0.269	29.337	-0.192	0.090	0.000
-0.267	29.326	-0.194	0.082	0.000
-0.265	29.337	-0.195	0.074	0.000
-0.263	29.337	-0.195	0.069	0.000
-0.261	29.347	-0.198	0.058	0.000
-0.258	29.378	-0.200	0.047	0.000
-0.256	29.399	-0.200	0.042	0.000
-0.254	29.389	-0.200	0.038	0.000
-0.252	29.389	-0.201	0.029	0.000
-0.249	29.409	-0.203	0.019	0.000
-0.247	29.399	-0.204	0.011	0.000
-0.245	29.420	-0.206	0.003	0.000
-0.242	29.420	-0.207	-0.008	0.000
-0.240	29.420	-0.207	-0.013	0.000
-0.237	29.420	-0.209	-0.023	0.000
-0.234	29.420	-0.210	-0.034	0.000
-0.232	29.440	-0.210	-0.038	0.000
-0.229	29.420	-0.212	-0.049	0.000
-0.226	29.430	-0.210	-0.053	0.000
-0.223	29.430	-0.212	-0.063	0.000
-0.221	29.440	-0.213	-0.071	0.000
-0.218	29.451	-0.214	-0.082	0.000
-0.215	29.430	-0.213	-0.085	0.000
-0.212	29.451	-0.213	-0.462	0.000
-0.209	29.440	-0.214	-0.473	0.000
-0.206	29.451	-0.213	-0.476	0.000
-0.203	29.461	-0.216	-0.490	0.000
-0.199	29.461	-0.216	-0.500	0.000
-0.196	29.451	-0.216	-0.507	0.000
-0.193	29.472	-0.216	-0.514	0.000
-0.190	29.461	-0.214	-0.518	0.000
-0.186	29.472	-0.214	-0.527	0.000
-0.183	29.472	-0.214	-0.534	0.000
-0.180	29.472	-0.214	-0.541	0.000
-0.176	29.492	-0.213	-0.547	0.000
-0.173	29.472	-0.213	-0.554	0.000
-0.169	29.472	-0.212	-0.560	0.000
-0.166	29.472	-0.212	-0.567	0.000
-0.162	29.482	-0.213	-0.580	0.000
-0.159	29.492	-0.210	-0.580	0.000
-0.155	29.503	-0.210	-0.589	0.000
-0.151	29.492	-0.212	-0.602	0.000
-0.148	29.492	-0.209	-0.602	0.000
-0.144	29.523	-0.207	-0.608	0.000
-0.140	29.523	-0.207	-0.618	0.000
-0.137	29.513	-0.207	-0.625	0.000
-0.133	29.534	-0.207	-0.634	0.000
-0.129	29.534	-0.207	-0.643	0.000
-0.125	29.544	-0.204	-0.646	0.000
-0.121	29.544	-0.204	-0.655	0.000
-0.117	29.544	-0.204	-0.665	0.000
-0.113	29.544	-0.203	-0.671	0.000
-0.110	29.555	-0.201	-0.674	0.000
-0.106	29.555	-0.201	-0.684	0.000
-0.102	29.555	-0.201	-0.693	0.000
-0.098	29.555	-0.198	-0.695	0.000
-0.094	29.575	-0.197	-0.701	0.000
-0.090	29.586	-0.195	-0.707	0.000
-0.086	29.586	-0.195	-0.717	0.000
-0.081	29.606	-0.192	-0.721	0.000
-0.077	29.596	-0.191	-0.727	0.000
-0.073	29.606	-0.191	-0.737	0.000
-0.069	29.617	-0.188	-0.739	0.000
-0.065	29.606	-0.189	-0.752	0.000
-0.061	29.617	-0.188	-0.758	0.000
-0.057	29.617	-0.186	-0.764	0.000
-0.053	29.638	-0.183	-0.766	0.000
-0.048	29.638	-0.183	-0.778	0.000
-0.044	29.638	-0.180	-0.781	0.000
-0.040	29.658	-0.180	-0.790	0.000
-0.036	29.648	-0.179	-0.796	0.000
-0.032	29.658	-0.178	-0.802	0.000
-0.027	29.658	-0.176	-0.810	0.000
-0.023	29.669	-0.175	-0.816	0.000
-0.019	29.669	-0.172	-0.819	0.000
-0.015	29.658	-0.173	-0.831	0.000
-0.010	29.658	-0.169	-0.833	0.000
-0.006	29.658	-0.166	-0.835	0.000
-0.002	29.690	-0.166	-0.845	0.000
0.002	29.658	-0.164	-0.850	0.000
0.007	29.658	-0.161	-0.855	0.000
0.011	29.679	-0.160	-0.861	0.000
0.015	29.679	-0.158	-0.867	0.000
0.019	29.679	-0.157	-0.873	0.000
0.024	29.700	-0.152	-0.874	0.000
0.028	29.721	-0.151	-0.880	0.000
0.032	29.721	-0.151	-0.890	0.000
0.036	29.721	-0.148	-0.892	0.000
0.040	29.721	-0.146	-0.898	0.000
0.045	29.741	-0.145	-0.906	0.000
0.049	29.773	-0.144	-0.912	0.000
0.053	29.783	-0.139	-0.911	0.000
0.057	29.793	-0.136	-0.914	0.000
0.061	29.793	-0.135	-0.920	0.000
0.065	29.804	-0.135	-0.929	0.000
0.070	29.793	-0.133	-0.937	0.000
0.074	29.783	-0.130	-0.940	0.000
0.078	29.804	-0.127	-0.942	0.000
0.082	29.814	-0.124	-0.945	0.000
0.086	29.793	-0.123	-0.951	0.000
0.090	29.804	-0.123	-0.960	0.000
0.094	29.814	-0.120	-0.962	0.000
0.098	29.835	-0.118	-0.968	0.000
0.102	29.824	-0.115	-0.971	0.000
0.106	29.835	-0.111	-0.970	0.000
0.110	29.856	-0.111	-0.979	0.000
0.114	29.845	-0.107	-0.978	0.000
0.118	29.866	-0.104	-0.981	0.000
0.122	29.856	-0.104	-0.990	0.000
0.126	29.856	-0.101	-0.992	0.000
0.129	29.866	-0.096	-0.989	0.000
0.133	29.876	-0.095	-0.995	0.000
0.137	29.887	-0.092	-0.997	0.000
0.141	29.876	-0.089	-1.000	0.000
0.145	29.897	-0.086	-1.002	0.000
0.148	29.876	-0.084	-1.006	0.000
0.152	29.897	-0.083	-1.012	0.000
0.156	29.918	-0.077	-1.007	0.000
0.159	29.928	-0.077	-1.014	0.000
0.163	29.949	-0.074	-1.017	0.000
0.166	29.970	-0.073	-1.020	0.000
0.170	30.001	-0.070	-1.023	0.000
0.173	30.001	-0.065	-1.020	0.000
0.177	30.001	-0.067	-1.032	0.000
0.180	30.011	-0.059	-1.022	0.000
0.183	30.032	-0.056	-1.022	0.000
0.187	30.053	-0.053	-1.025	0.000
0.190	30.053	-0.052	-1.028	0.000
0.193	30.053	-0.050	-1.032	0.000
0.197	30.053	-0.049	-1.038	0.000
0.200	30.063	-0.046	-1.038	0.000
0.203	30.073	-0.042	-1.034	0.000
0.206	30.063	-0.039	-1.035	0.000
0.209	30.084	-0.034	-1.031	0.000
0.212	30.084	-0.033	-1.035	0.000
0.215	30.084	-0.030	-1.035	0.000
0.218	30.094	-0.028	-1.038	0.000
0.221	30.105	-0.025	-1.039	0.000
0.224	30.105	-0.021	-1.035	0.000
0.227	30.105	-0.018	-1.035	0.000
0.229	30.115	-0.015	-1.033	0.000
0.232	30.105	-0.012	-1.033	0.000
0.235	30.115	-0.008	-1.030	0.000
0.237	30.125	-0.006	-1.031	0.000
0.240	30.125	-0.003	-1.031	0.000
0.242	30.146	-0.002	-1.032	0.000
0.245	30.167	0.003	-1.029	0.000
0.247	30.177	0.006	-1.027	0.000
0.250	30.177	0.009	-1.027	0.000
0.252	30.198	0.012	-1.025	0.000
0.254	30.188	0.016	-1.019	0.000
0.257	30.198	0.018	-1.022	0.000
0.259	30.198	0.022	-1.017	0.000
0.261	30.229	0.025	-1.014	0.000
0.263	30.208	0.028	-1.012	0.000
0.265	30.219	0.029	-1.013	0.000
0.267	30.229	0.034	-1.008	0.000
0.269	30.239	0.035	-1.009	0.000
0.271	30.250	0.040	-1.003	0.000
0.272	30.239	0.041	-1.002	0.000
0.274	30.250	0.046	-0.996	0.000
0.276	30.271	0.047	-0.998	0.000
0.278	30.260	0.053	-0.988	0.000
0.279	30.291	0.055	-0.987	0.000
0.281	30.291	0.058	-0.985	0.000
0.282	30.291	0.062	-0.977	0.000
0.284	30.281	0.065	-0.975	0.000
0.285	30.302	0.066	-0.974	0.000
0.286	30.312	0.068	-0.972	0.000
0.287	30.302	0.071	-0.968	0.000
0.289	30.312	0.074	-0.966	0.000
0.290	30.322	0.077	-0.961	0.000
0.291	30.322	0.080	-0.956	0.000
0.292	30.343	0.083	-0.952	0.000
0.293	30.354	0.086	-0.947	0.000
0.294	30.364	0.087	-0.946	0.000
0.295	30.364	0.090	-0.941	0.000
0.295	30.374	0.093	-0.934	0.000
0.296	30.374	0.095	-0.933	0.000
0.297	30.364	0.099	-0.925	0.000
0.297	30.374	0.102	-0.918	0.000
0.298	30.364	0.105	-0.914	0.000
0.298	30.374	0.106	-0.910	0.000
0.299	30.385	0.112	-0.899	0.000
0.299	30.374	0.112	-0.899	0.000
0.299	30.395	0.115	-0.892	0.000
0.300	30.385	0.118	-0.887	0.000
0.300	30.395	0.121	-0.880	0.000
0.300	30.416	0.124	-0.873	0.000
0.300	30.437	0.126	-0.870	0.000
0.300	30.426	0.127	-0.866	0.000
0.300	30.437	0.130	-0.859	0.000
0.300	30.437	0.133	-0.852	0.000
0.300	30.457	0.134	-0.849	0.000
0.299	30.447	0.137	-0.840	0.000
0.299	30.457	0.139	-0.836	0.000
0.299	30.447	0.143	-0.826	0.000
0.298	30.457	0.145	-0.820	0.000
0.298	30.457	0.148	-0.813	0.000
0.297	30.457	0.151	-0.804	0.000
0.297	30.468	0.151	-0.804	0.000
0.296	30.499	0.154	-0.794	0.000
0.295	30.509	0.155	-0.789	0.000
0.295	30.509	0.155	-0.789	0.000
0.294	30.530	0.160	-0.776	0.000
0.293	30.530	0.161	-0.770	0.000
0.292	30.530	0.165	-0.757	0.000
0.291	30.530	0.165	-0.755	0.000
0.290	30.530	0.167	-0.749	0.000
0.289	30.551	0.171	-0.736	0.000
0.288	30.551	0.171	-0.734	0.000
0.286	30.551	0.171	-0.729	0.000
0.285	30.551	0.174	-0.720	0.000
0.284	30.551	0.177	-0.711	0.000
0.282	30.551	0.180	-0.699	0.000
0.281	30.561	0.180	-0.697	0.000
0.279	30.571	0.180	-0.692	0.000
0.278	30.582	0.183	-0.683	0.000
0.276	30.571	0.186	-0.671	0.000
0.274	30.582	0.188	-0.663	0.000
0.273	30.582	0.188	-0.661	0.000
0.271	30.582	0.189	-0.652	0.000
0.269	30.582	0.191	-0.644	0.000
0.267	30.582	0.192	-0.636	0.000
0.265	30.582	0.195	-0.624	0.000
0.263	30.571	0.197	-0.616	0.000
0.261	30.582	0.197	-0.611	0.000
0.259	30.592	0.198	-0.603	0.000
0.257	30.592	0.199	-0.595	0.000
0.255	30.603	0.201	-0.587	0.000
0.252	30.592	0.202	-0.576	0.000
0.250	30.603	0.204	-0.568	0.000
0.248	30.603	0.204	-0.564	0.000
0.245	30.623	0.207	-0.550	0.000
0.243	30.634	0.207	-0.545	0.000
0.240	30.634	0.207	-0.538	0.000
0.238	30.634	0.210	-0.526	0.000
0.235	30.654	0.208	-0.523	0.000
0.232	30.634	0.213	-0.505	0.000
0.230	30.644	0.213	-0.500	0.000
0.227	30.665	0.213	-0.493	0.000
0.224	30.644	0.213	-0.486	0.000
0.221	30.654	0.214	-0.476	0.000
0.218	30.665	0.216	-0.465	0.000
0.215	30.654	0.216	-0.088	0.000
0.212	30.654	0.216	-0.081	0.000
0.209	30.665	0.216	-0.074	0.000
0.206	30.675	0.219	-0.060	0.000
0.203	30.675	0.216	-0.060	0.000
0.200	30.675	0.217	-0.050	0.000
0.197	30.686	0.214	-0.049	0.000
0.194	30.675	0.216	-0.039	0.000
0.191	30.686	0.214	-0.035	0.000
0.187	30.696	0.214	-0.026	0.000
0.184	30.696	0.214	-0.019	0.000
0.181	30.696	0.214	-0.012	0.000
0.177	30.696	0.214	-0.002	0.000
0.174	30.696	0.213	0.001	0.000
0.170	30.686	0.214	0.014	0.000
0.167	30.706	0.213	0.018	0.000
0.163	30.696	0.211	0.023	0.000
0.160	30.696	0.211	0.031	0.000
0.156	30.696	0.210	0.036	0.000
0.152	30.696	0.210	0.046	0.000
0.149	30.706	0.208	0.049	0.000
0.145	30.696	0.208	0.059	0.000
0.141	30.706	0.207	0.065	0.000
0.137	30.706	0.205	0.071	0.000
0.134	30.706	0.205	0.078	0.000
0.130	30.727	0.202	0.080	0.000
0.126	30.706	0.201	0.086	0.000
0.122	30.706	0.202	0.099	0.000
0.118	30.706	0.201	0.105	0.000
0.114	30.706	0.201	0.114	0.000
0.110	30.706	0.198	0.117	0.000
0.106	30.717	0.198	0.126	0.000
0.103	30.727	0.197	0.130	0.000
0.099	30.696	0.197	0.139	0.000
0.094	30.706	0.192	0.140	0.000
0.090	30.696	0.194	0.153	0.000
0.086	30.696	0.191	0.156	0.000
0.082	30.706	0.192	0.169	0.000
0.078	30.706	0.189	0.171	0.000
0.074	30.686	0.188	0.177	0.000
0.070	30.706	0.186	0.183	0.000
0.066	30.696	0.186	0.192	0.000
0.062	30.706	0.183	0.195	0.000
0.058	30.696	0.183	0.204	0.000
0.053	30.696	0.180	0.209	0.000
0.049	30.706	0.177	0.211	0.000
0.045	30.696	0.177	0.221	0.000
0.041	30.706	0.173	0.220	0.000
0.037	30.686	0.174	0.233	0.000
0.032	30.696	0.171	0.237	0.000
0.028	30.686	0.171	0.247	0.000
0.024	30.686	0.168	0.249	0.000
0.020	30.706	0.168	0.259	0.000
0.016	30.696	0.164	0.258	0.000
0.011	30.696	0.161	0.262	0.000
0.007	30.675	0.163	0.275	0.000
0.003	30.686	0.161	0.281	0.000
-0.001	30.686	0.157	0.280	0.000
-0.006	30.686	0.157	0.292	0.000
-0.010	30.696	0.155	0.298	0.000
-0.014	30.686	0.152	0.300	0.000
-0.018	30.696	0.149	0.303	0.000
-0.023	30.686	0.148	0.311	0.000
-0.027	30.696	0.146	0.317	0.000
-0.031	30.696	0.143	0.319	0.000
-0.035	30.675	0.142	0.325	0.000
-0.039	30.675	0.140	0.331	0.000
-0.044	30.696	0.139	0.340	0.000
-0.048	30.686	0.136	0.342	0.000
-0.052	30.686	0.133	0.344	0.000
-0.056	30.686	0.130	0.347	0.000
-0.060	30.686	0.127	0.349	0.000
-0.065	30.686	0.127	0.361	0.000
-0.069	30.665	0.124	0.364	0.000
-0.073	30.675	0.120	0.363	0.000
-0.077	30.675	0.118	0.368	0.000
-0.081	30.675	0.118	0.378	0.000
-0.085	30.665	0.114	0.377	0.000
-0.089	30.665	0.112	0.383	0.000
-0.093	30.665	0.108	0.382	0.000
-0.097	30.665	0.106	0.388	0.000
-0.101	30.665	0.102	0.387	0.000
-0.105	30.654	0.100	0.393	0.000
-0.109	30.654	0.099	0.399	0.000
-0.113	30.665	0.095	0.397	0.000
-0.117	30.665	0.093	0.403	0.000
-0.121	30.665	0.092	0.409	0.000
-0.125	30.665	0.089	0.412	0.000
-0.129	30.654	0.089	0.421	0.000
-0.132	30.654	0.083	0.414	0.000
-0.136	30.654	0.078	0.413	0.000
-0.140	30.665	0.078	0.423	0.000
-0.144	30.654	0.075	0.425	0.000
-0.147	30.654	0.074	0.429	0.000
-0.151	30.634	0.069	0.428	0.000
-0.155	30.644	0.066	0.430	0.000
-0.158	30.623	0.065	0.434	0.000
-0.162	30.644	0.061	0.433	0.000
-0.165	30.623	0.059	0.436	0.000
-0.169	30.644	0.058	0.442	0.000
-0.173	30.634	0.055	0.445	0.000
-0.176	30.623	0.050	0.441	0.000
-0.179	30.623	0.049	0.445	0.000
-0.183	30.623	0.046	0.447	0.000
-0.186	30.613	0.041	0.444	0.000
-0.189	30.613	0.038	0.444	0.000
-0.193	30.613	0.035	0.447	0.000
-0.196	30.613	0.034	0.450	0.000
-0.199	30.623	0.029	0.447	0.000
-0.202	30.613	0.029	0.454	0.000
-0.205	30.603	0.024	0.447	0.000
-0.208	30.603	0.022	0.450	0.000
-0.211	30.603	0.019	0.451	0.000
-0.214	30.603	0.016	0.451	0.000
-0.217	30.603	0.012	0.447	0.000
-0.220	30.613	0.010	0.451	0.000
-0.223	30.613	0.006	0.448	0.000
-0.226	30.603	0.004	0.451	0.000
-0.229	30.603	-0.000	0.448	0.000
-0.231	30.592	-0.005	0.442	0.000
-0.234	30.603	-0.005	0.449	0.000
-0.237	30.592	-0.008	0.449	0.000
-0.239	30.592	-0.012	0.443	0.000
-0.242	30.582	-0.013	0.447	0.000
-0.244	30.582	-0.016	0.445	0.000
-0.247	30.582	-0.019	0.445	0.000
-0.249	30.592	-0.024	0.439	0.000
-0.252	30.592	-0.028	0.436	0.000
-0.254	30.592	-0.028	0.440	0.000
-0.256	30.571	-0.031	0.438	0.000
-0.258	30.582	-0.034	0.436	0.000
-0.260	30.582	-0.037	0.434	0.000
-0.262	30.592	-0.040	0.431	0.000
-0.264	30.582	-0.042	0.433	0.000
-0.266	30.582	-0.047	0.424	0.000
-0.268	30.582	-0.047	0.428	0.000
-0.270	30.582	-0.052	0.422	0.000
-0.272	30.561	-0.056	0.417	0.000
-0.274	30.582	-0.056	0.421	0.000
-0.276	30.571	-0.062	0.412	0.000
-0.277	30.571	-0.062	0.415	0.000
-0.279	30.571	-0.067	0.409	0.000
-0.280	30.561	-0.068	0.408	0.000
-0.282	30.571	-0.071	0.406	0.000
-0.283	30.551	-0.074	0.401	0.000
-0.285	30.561	-0.076	0.402	0.000
-0.286	30.561	-0.078	0.398	0.000
-0.287	30.571	-0.083	0.389	0.000
-0.288	30.561	-0.086	0.385	0.000
-0.289	30.582	-0.089	0.380	0.000
-0.291	30.551	-0.090	0.382	0.000
-0.292	30.551	-0.093	0.377	0.000
-0.293	30.561	-0.095	0.376	0.000
-0.293	30.561	-0.098	0.369	0.000
-0.294	30.551	-0.101	0.364	0.000
-0.295	30.582	-0.102	0.363	0.000
-0.296	30.561	-0.107	0.355	0.000
-0.297	30.561	-0.108	0.354	0.000
-0.297	30.551	-0.111	0.347	0.000
-0.298	30.551	-0.114	0.342	0.000
-0.298	30.551	-0.115	0.339	0.000
-0.299	30.551	-0.118	0.334	0.000
-0.299	30.540	-0.120	0.331	0.000
-0.299	30.551	-0.123	0.324	0.000
-0.300	30.561	-0.126	0.319	0.000
-0.300	30.561	-0.129	0.312	0.000
-0.300	30.551	-0.132	0.305	0.000
-0.300	30.551	-0.135	0.298	0.000
-0.300	30.551	-0.135	0.298	0.000
-0.300	30.561	-0.139	0.288	0.000
-0.300	30.551	-0.141	0.285	0.000
-0.300	30.551	-0.144	0.278	0.000
-0.299	30.561	-0.145	0.272	0.000
-0.299	30.540	-0.148	0.265	0.000
-0.299	30.540	-0.149	0.261	0.000
-0.298	30.551	-0.151	0.256	0.000
-0.298	30.540	-0.154	0.249	0.000
-0.297	30.551	-0.157	0.239	0.000
-0.297	30.551	-0.157	0.239	0.000
-0.296	30.551	-0.160	0.230	0.000
-0.296	30.530	-0.163	0.223	0.000
-0.295	30.530	-0.163	0.221	0.000
-0.294	30.540	-0.166	0.211	0.000
-0.293	30.540	-0.167	0.206	0.000
-0.292	30.540	-0.169	0.200	0.000
-0.291	30.551	-0.173	0.187	0.000
-0.290	30.551	-0.175	0.181	0.000
-0.289	30.551	-0.178	0.172	0.000
-0.288	30.551	-0.179	0.166	0.000
-0.287	30.551	-0.178	0.167	0.000
-0.285	30.540	-0.180	0.156	0.000
-0.284	30.571	-0.180	0.153	0.000
-0.283	30.561	-0.185	0.140	0.000
-0.281	30.561	-0.186	0.132	0.000
-0.280	30.551	-0.188	0.126	0.000
-0.278	30.582	-0.188	0.122	0.000
-0.276	30.551	-0.188	0.117	0.000
-0.275	30.571	-0.192	0.104	0.000
-0.273	30.582	-0.194	0.096	0.000
-0.271	30.571	-0.194	0.091	0.000
-0.269	30.582	-0.195	0.083	0.000
-0.268	30.571	-0.197	0.077	0.000
-0.266	30.571	-0.197	0.073	0.000
-0.264	30.582	-0.198	0.065	0.000
-0.262	30.582	-0.200	0.056	0.000
-0.259	30.582	-0.201	0.046	0.000
-0.257	30.571	-0.203	0.038	0.000
-0.255	30.571	-0.206	0.026	0.000
-0.253	30.582	-0.206	0.021	0.000
-0.250	30.592	-0.206	0.014	0.000
-0.248	30.582	-0.207	0.006	0.000
-0.246	30.582	-0.207	0.001	0.000
-0.243	30.582	-0.209	-0.009	0.000
-0.241	30.603	-0.210	-0.017	0.000
-0.238	30.592	-0.210	-0.024	0.000
-0.236	30.582	-0.213	-0.036	0.000
-0.233	30.582	-0.212	-0.040	0.000
-0.230	30.592	-0.213	-0.050	0.000
-0.228	30.592	-0.213	-0.055	0.000
-0.225	30.592	-0.216	-0.069	0.000
-0.222	30.603	-0.214	-0.072	0.000
-0.219	30.592	-0.214	-0.079	0.000
-0.216	30.592	-0.216	-0.090	0.000
-0.213	30.613	-0.216	-0.467	0.000
-0.210	30.592	-0.216	-0.474	0.000
-0.207	30.613	-0.219	-0.488	0.000
-0.204	30.613	-0.217	-0.492	0.000
-0.201	30.603	-0.220	-0.506	0.000
-0.198	30.623	-0.220	-0.513	0.000
-0.194	30.634	-0.217	-0.515	0.000
-0.191	30.634	-0.219	-0.526	0.000
-0.188	30.623	-0.219	-0.533	0.000
-0.185	30.634	-0.216	-0.533	0.000
-0.181	30.634	-0.216	-0.542	0.000
-0.178	30.644	-0.216	-0.549	0.000
-0.174	30.634	-0.214	-0.555	0.000
-0.171	30.644	-0.214	-0.562	0.000
-0.167	30.634	-0.213	-0.568	0.000
-0.164	30.644	-0.214	-0.579	0.000
-0.160	30.665	-0.213	-0.585	0.000
-0.157	30.644	-0.210	-0.585	0.000
-0.153	30.654	-0.213	-0.601	0.000
-0.149	30.665	-0.210	-0.603	0.000
-0.146	30.654	-0.210	-0.610	0.000
-0.142	30.675	-0.210	-0.620	0.000
-0.138	30.675	-0.210	-0.629	0.000
-0.135	30.675	-0.207	-0.629	0.000
-0.131	30.686	-0.206	-0.635	0.000
-0.127	30.675	-0.207	-0.648	0.000
-0.123	30.675	-0.206	-0.654	0.000
-0.119	30.696	-0.204	-0.660	0.000
-0.115	30.696	-0.203	-0.666	0.000
-0.111	30.706	-0.203	-0.675	0.000
-0.107	30.706	-0.203	-0.685	0.000
-0.103	30.717	-0.200	-0.687	0.000
-0.099	30.706	-0.200	-0.697	0.000
-0.095	30.706	-0.198	-0.702	0.000
-0.091	30.737	-0.197	-0.708	0.000
-0.087	30.727	-0.195	-0.714	0.000
-0.083	30.727	-0.197	-0.727	0.000
-0.079	30.737	-0.194	-0.730	0.000
-0.075	30.717	-0.192	-0.736	0.000
-0.071	30.727	-0.192	-0.745	0.000
-0.067	30.727	-0.189	-0.747	0.000
-0.063	30.727	-0.188	-0.753	0.000
-0.059	30.727	-0.188	-0.763	0.000
-0.054	30.727	-0.186	-0.771	0.000
-0.050	30.717	-0.185	-0.777	0.000
-0.046	30.727	-0.185	-0.786	0.000
-0.042	30.717	-0.182	-0.789	0.000
-0.038	30.706	-0.180	-0.795	0.000
-0.033	30.717	-0.178	-0.800	0.000
-0.029	30.727	-0.178	-0.809	0.000
-0.025	30.706	-0.173	-0.808	0.000
-0.021	30.727	-0.175	-0.821	0.000
-0.016	30.737	-0.172	-0.826	0.000
-0.012	30.737	-0.170	-0.831	0.000
-0.008	30.748	-0.169	-0.837	0.000
-0.004	30.769	-0.169	-0.847	0.000
0.000	30.769	-0.166	-0.849	0.000
0.005	30.769	-0.163	-0.854	0.000
0.009	30.779	-0.163	-0.863	0.000
0.013	30.789	-0.160	-0.866	0.000
0.017	30.789	-0.158	-0.872	0.000
0.022	30.789	-0.154	-0.873	0.000
0.026	30.800	-0.152	-0.879	0.000
0.030	30.810	-0.151	-0.885	0.000
0.034	30.820	-0.149	-0.891	0.000
0.039	30.820	-0.148	-0.899	0.000
0.043	30.841	-0.146	-0.905	0.000
0.047	30.872	-0.142	-0.904	0.000
0.051	30.862	-0.142	-0.914	0.000
0.055	30.852	-0.139	-0.916	0.000
0.059	30.862	-0.136	-0.918	0.000
0.064	30.893	-0.135	-0.927	0.000
0.068	30.924	-0.133	-0.933	0.000
0.072	30.914	-0.132	-0.939	0.000
0.076	30.924	-0.129	-0.941	0.000
0.080	30.914	-0.129	-0.950	0.000
0.084	30.924	-0.124	-0.949	0.000
0.088	30.955	-0.123	-0.955	0.000
0.092	30.955	-0.121	-0.961	0.000
0.096	30.945	-0.117	-0.960	0.000
0.100	30.955	-0.115	-0.966	0.000
0.104	30.966	-0.112	-0.969	0.000
0.108	30.955	-0.110	-0.971	0.000
0.112	30.955	-0.110	-0.980	0.000
0.116	30.966	-0.107	-0.983	0.000
0.120	30.966	-0.104	-0.985	0.000
0.124	30.955	-0.101	-0.988	0.000
0.128	30.945	-0.098	-0.990	0.000
0.132	30.976	-0.096	-0.996	0.000
0.135	30.955	-0.093	-0.996	0.000
0.139	30.976	-0.092	-1.002	0.000
0.143	30.976	-0.089	-1.005	0.000
0.147	30.997	-0.086	-1.007	0.000
0.150	31.018	-0.083	-1.007	0.000
0.154	31.018	-0.080	-1.010	0.000
0.158	31.038	-0.077	-1.012	0.000
0.161	31.059	-0.077	-1.019	0.000
0.165	31.049	-0.073	-1.018	0.000
0.168	31.049	-0.070	-1.018	0.000
0.172	31.059	-0.068	-1.024	0.000
0.175	31.070	-0.065	-1.024	0.000
0.179	31.080	-0.062	-1.027	0.000
0.182	31.080	-0.058	-1.023	0.000
0.185	31.090	-0.056	-1.027	0.000
0.189	31.101	-0.053	-1.029	0.000
0.192	31.111	-0.049	-1.026	0.000
0.195	31.111	-0.049	-1.033	0.000
0.198	31.132	-0.044	-1.030	0.000
0.202	31.142	-0.042	-1.032	0.000
0.205	31.153	-0.040	-1.036	0.000
0.208	31.153	-0.037	-1.036	0.000
0.211	31.153	-0.033	-1.032	0.000
0.214	31.163	-0.030	-1.032	0.000
0.217	31.163	-0.027	-1.033	0.000
0.220	31.163	-0.024	-1.033	0.000
0.223	31.173	-0.022	-1.036	0.000
0.225	31.184	-0.018	-1.031	0.000
0.228	31.194	-0.015	-1.031	0.000
0.231	31.184	-0.010	-1.027	0.000
0.234	31.184	-0.008	-1.027	0.000
0.236	31.194	-0.006	-1.029	0.000
0.239	31.184	-0.003	-1.029	0.000
0.241	31.194	-0.002	-1.030	0.000
0.244	31.173	0.003	-1.027	0.000
0.246	31.204	0.007	-1.021	0.000
0.249	31.194	0.010	-1.021	0.000
0.251	31.184	0.010	-1.026	0.000
0.253	31.194	0.015	-1.020	0.000
0.256	31.184	0.018	-1.020	0.000
0.258	31.184	0.022	-1.014	0.000
0.260	31.184	0.024	-1.016	0.000
0.262	31.194	0.026	-1.013	0.000
0.264	31.194	0.029	-1.011	0.000
0.266	31.204	0.032	-1.009	0.000
0.268	31.184	0.037	-1.003	0.000
0.270	31.184	0.038	-1.004	0.000
0.272	31.173	0.041	-1.002	0.000
0.273	31.184	0.044	-0.997	0.000
0.275	31.184	0.047	-0.995	0.000
0.277	31.194	0.050	-0.993	0.000
0.278	31.215	0.056	-0.981	0.000
0.280	31.204	0.056	-0.986	0.000
0.281	31.225	0.059	-0.981	0.000
0.283	31.225	0.063	-0.976	0.000
0.284	31.277	0.063	-0.978	0.000
0.286	31.298	0.068	-0.972	0.000
0.287	31.308	0.071	-0.968	0.000
0.288	31.298	0.074	-0.963	0.000
0.289	31.329	0.074	-0.966	0.000
0.290	31.339	0.078	-0.957	0.000
0.291	31.360	0.081	-0.953	0.000
0.292	31.370	0.086	-0.945	0.000
0.293	31.370	0.087	-0.944	0.000
0.294	31.370	0.090	-0.939	0.000
0.295	31.370	0.093	-0.934	0.000
0.296	31.391	0.093	-0.937	0.000
0.296	31.381	0.100	-0.919	0.000
0.297	31.381	0.100	-0.922	0.000
0.298	31.370	0.102	-0.921	0.000
0.298	31.381	0.106	-0.910	0.000
0.299	31.370	0.111	-0.902	0.000
0.299	31.381	0.114	-0.895	0.000
0.299	31.370	0.114	-0.895	0.000
0.300	31.350	0.115	-0.894	0.000
0.300	31.370	0.120	-0.884	0.000
0.300	31.370	0.124	-0.873	0.000
0.300	31.360	0.126	-0.870	0.000
0.300	31.360	0.127	-0.866	0.000
0.300	31.381	0.130	-0.859	0.000
0.300	31.370	0.133	-0.852	0.000
0.300	31.370	0.136	-0.846	0.000
0.300	31.360	0.137	-0.842	0.000
0.299	31.370	0.139	-0.836	0.000
0.299	31.370	0.140	-0.833	0.000
0.299	31.370	0.145	-0.822	0.000
0.298	31.370	0.145	-0.820	0.000
0.298	31.402	0.148	-0.813	0.000
0.297	31.422	0.151	-0.804	0.000
0.296	31.422	0.154	-0.794	0.000
0.296	31.453	0.154	-0.794	0.000
0.295	31.443	0.158	-0.782	0.000
0.294	31.443	0.160	-0.776	0.000
0.293	31.453	0.161	-0.770	0.000
0.292	31.474	0.164	-0.761	0.000
0.291	31.495	0.165	-0.755	0.000
0.290	31.516	0.167	-0.749	0.000
0.289	31.547	0.171	-0.736	0.000
0.288	31.536	0.170	-0.737	0.000
0.287	31.547	0.171	-0.732	0.000
0.286	31.557	0.173	-0.726	0.000
0.284	31.568	0.176	-0.714	0.000
0.283	31.568	0.177	-0.708	0.000
0.281	31.568	0.180	-0.697	0.000
0.280	31.547	0.183	-0.687	0.000
0.278	31.578	0.185	-0.679	0.000
0.277	31.578	0.186	-0.673	0.000
0.275	31.578	0.186	-0.669	0.000
0.273	31.568	0.189	-0.657	0.000
0.272	31.588	0.189	-0.655	0.000
0.270	31.578	0.192	-0.643	0.000
0.268	31.578	0.194	-0.635	0.000
0.266	31.578	0.195	-0.627	0.000
0.264	31.599	0.197	-0.619	0.000
0.262	31.599	0.198	-0.610	0.000
0.260	31.599	0.198	-0.606	0.000
0.258	31.599	0.201	-0.594	0.000
0.256	31.609	0.202	-0.586	0.000
0.253	31.599	0.204	-0.575	0.000
0.251	31.619	0.202	-0.574	0.000
0.249	31.619	0.204	-0.566	0.000
0.246	31.619	0.207	-0.552	0.000
0.244	31.619	0.208	-0.544	0.000
0.241	31.609	0.210	-0.533	0.000
0.239	31.619	0.210	-0.529	0.000
0.236	31.630	0.211	-0.518	0.000
0.234	31.630	0.213	-0.510	0.000
0.231	31.619	0.213	-0.503	0.000
0.228	31.630	0.213	-0.496	0.000
0.225	31.619	0.213	-0.489	0.000
0.223	31.630	0.214	-0.481	0.000
0.220	31.619	0.216	-0.470	0.000
0.217	31.619	0.216	-0.463	0.000
0.214	31.630	0.216	-0.086	0.000
0.211	31.630	0.219	-0.072	0.000
0.208	31.630	0.217	-0.068	0.000
0.205	31.619	0.219	-0.058	0.000
0.202	31.651	0.217	-0.054	0.000
0.198	31.630	0.217	-0.045	0.000
0.195	31.630	0.219	-0.034	0.000
0.192	31.651	0.219	-0.027	0.000
0.189	31.640	0.219	-0.020	0.000
0.185	31.640	0.214	-0.021	0.000
0.182	31.640	0.217	-0.007	0.000
0.179	31.640	0.217	-0.000	0.000
0.175	31.640	0.217	0.009	0.000
0.172	31.640	0.216	0.013	0.000
0.168	31.640	0.214	0.019	0.000
0.165	31.640	0.213	0.022	0.000
0.161	31.640	0.213	0.032	0.000
0.158	31.651	0.213	0.039	0.000
0.154	31.640	0.211	0.045	0.000
0.150	31.640	0.211	0.054	0.000
0.147	31.630	0.208	0.054	0.000
0.143	31.630	0.210	0.067	0.000
0.139	31.640	0.207	0.069	0.000
0.135	31.630	0.207	0.079	0.000
0.132	31.630	0.205	0.082	0.000
0.128	31.619	0.204	0.088	0.000
0.124	31.630	0.202	0.094	0.000
0.120	31.630	0.201	0.100	0.000
0.116	31.630	0.201	0.110	0.000
0.112	31.640	0.199	0.115	0.000
0.108	31.640	0.197	0.118	0.000
0.104	31.630	0.197	0.127	0.000
0.100	31.640	0.195	0.133	0.000
0.096	31.640	0.195	0.143	0.000
0.092	31.619	0.195	0.152	0.000
0.088	31.619	0.192	0.155	0.000
0.084	31.640	0.192	0.164	0.000
0.080	31.619	0.189	0.166	0.000
0.076	31.619	0.188	0.172	0.000
0.072	31.609	0.186	0.178	0.000
0.068	31.630	0.186	0.188	0.000
0.064	31.619	0.183	0.190	0.000
0.059	31.619	0.183	0.202	0.000
0.055	31.619	0.180	0.204	0.000
0.051	31.609	0.179	0.210	0.000
0.047	31.609	0.179	0.220	0.000
0.043	31.609	0.176	0.222	0.000
0.039	31.609	0.174	0.228	0.000
0.034	31.609	0.173	0.236	0.000
0.030	31.609	0.173	0.246	0.000
0.026	31.609	0.171	0.252	0.000
0.022	31.609	0.167	0.251	0.000
0.017	31.599	0.165	0.259	0.000
0.013	31.599	0.165	0.268	0.000
0.009	31.609	0.163	0.271	0.000
0.005	31.609	0.161	0.277	0.000
0.000	31.609	0.160	0.285	0.000
-0.004	31.609	0.157	0.287	0.000
-0.008	31.599	0.154	0.290	0.000
-0.012	31.609	0.154	0.299	0.000
-0.016	31.599	0.152	0.305	0.000
-0.021	31.588	0.149	0.310	0.000
-0.025	31.578	0.146	0.312	0.000
-0.029	31.568	0.145	0.318	0.000
-0.033	31.588	0.143	0.324	0.000
-0.038	31.568	0.140	0.329	0.000
-0.042	31.578	0.139	0.335	0.000
-0.046	31.578	0.136	0.337	0.000
-0.050	31.578	0.133	0.340	0.000
-0.054	31.588	0.131	0.346	0.000
-0.059	31.578	0.129	0.351	0.000
-0.063	31.578	0.126	0.353	0.000
-0.067	31.578	0.124	0.359	0.000
-0.071	31.557	0.124	0.368	0.000
-0.075	31.547	0.121	0.371	0.000
-0.079	31.557	0.117	0.370	0.000
-0.083	31.547	0.114	0.372	0.000
-0.087	31.536	0.112	0.378	0.000
-0.091	31.536	0.111	0.384	0.000
-0.095	31.536	0.106	0.383	0.000
-0.099	31.516	0.105	0.389	0.000
-0.103	31.526	0.103	0.395	0.000
-0.107	31.526	0.099	0.394	0.000
-0.111	31.526	0.097	0.400	0.000
-0.115	31.516	0.093	0.399	0.000
-0.119	31.526	0.092	0.405	0.000
-0.123	31.526	0.093	0.418	0.000
-0.127	31.505	0.087	0.413	0.000
-0.131	31.505	0.084	0.415	0.000
-0.135	31.516	0.083	0.421	0.000
-0.138	31.495	0.080	0.421	0.000
-0.142	31.495	0.077	0.424	0.000
-0.146	31.495	0.074	0.426	0.000
-0.149	31.495	0.071	0.427	0.000
-0.153	31.495	0.068	0.429	0.000
-0.157	31.495	0.065	0.431	0.000
-0.160	31.485	0.065	0.438	0.000
-0.164	31.495	0.061	0.437	0.000
-0.167	31.495	0.059	0.441	0.000
-0.171	31.485	0.056	0.443	0.000
-0.174	31.464	0.053	0.444	0.000
-0.178	31.474	0.049	0.443	0.000
-0.181	31.474	0.046	0.443	0.000
-0.185	31.464	0.044	0.449	0.000
-0.188	31.474	0.041	0.449	0.000
-0.191	31.464	0.038	0.449	0.000
-0.194	31.474	0.035	0.449	0.000
-0.198	31.464	0.031	0.448	0.000
-0.201	31.453	0.028	0.448	0.000
-0.204	31.443	0.026	0.452	0.000
-0.207	31.453	0.024	0.452	0.000
-0.210	31.443	0.019	0.448	0.000
-0.213	31.453	0.018	0.452	0.000
-0.216	31.443	0.015	0.452	0.000
-0.219	31.453	0.012	0.452	0.000
-0.222	31.453	0.009	0.452	0.000
-0.225	31.453	0.006	0.452	0.000
-0.228	31.453	0.003	0.452	0.000
-0.230	31.453	-0.002	0.447	0.000
-0.233	31.443	-0.003	0.450	0.000
-0.236	31.443	-0.006	0.450	0.000
-0.238	31.443	-0.010	0.445	0.000
-0.241	31.433	-0.015	0.441	0.000
-0.243	31.443	-0.015	0.446	0.000
-0.246	31.433	-0.019	0.443	0.000
-0.248	31.433	-0.022	0.440	0.000
-0.250	31.443	-0.024	0.441	0.000
-0.253	31.443	-0.030	0.435	0.000
-0.255	31.443	-0.030	0.439	0.000
-0.257	31.443	-0.033	0.437	0.000
-0.259	31.443	-0.039	0.428	0.000
-0.262	31.433	-0.039	0.435	0.000
-0.264	31.422	-0.042	0.433	0.000
-0.266	31.433	-0.044	0.430	0.000
-0.268	31.433	-0.047	0.428	0.000
-0.269	31.433	-0.049	0.427	0.000
-0.271	31.422	-0.053	0.421	0.000
-0.273	31.433	-0.056	0.419	0.000
-0.275	31.422	-0.058	0.420	0.000
-0.276	31.433	-0.062	0.412	0.000
-0.278	31.422	-0.065	0.410	0.000
-0.280	31.443	-0.067	0.411	0.000
-0.281	31.422	-0.070	0.407	0.000
-0.283	31.433	-0.073	0.404	0.000
-0.284	31.422	-0.074	0.403	0.000
-0.285	31.412	-0.078	0.395	0.000
-0.287	31.422	-0.081	0.393	0.000
-0.288	31.422	-0.083	0.392	0.000
-0.289	31.422	-0.087	0.384	0.000
-0.290	31.433	-0.089	0.383	0.000
-0.291	31.433	-0.090	0.382	0.000
-0.292	31.422	-0.095	0.373	0.000
-0.293	31.422	-0.096	0.372	0.000
-0.294	31.422	-0.102	0.361	0.000
-0.295	31.422	-0.102	0.363	0.000
-0.296	31.422	-0.107	0.355	0.000
-0.296	31.422	-0.108	0.352	0.000
-0.297	31.422	-0.111	0.347	0.000
-0.297	31.422	-0.111	0.347	0.000
-0.298	31.433	-0.114	0.342	0.000
-0.298	31.422	-0.117	0.335	0.000
-0.299	31.412	-0.121	0.327	0.000
-0.299	31.422	-0.123	0.324	0.000
-0.299	31.422	-0.127	0.313	0.000
-0.300	31.422	-0.127	0.316	0.000
-0.300	31.422	-0.129	0.312	0.000
-0.300	31.422	-0.133	0.302	0.000
-0.300	31.422	-0.135	0.298	0.000
-0.300	31.412	-0.139	0.288	0.000
-0.300	31.422	-0.139	0.288	0.000
-0.300	31.422	-0.142	0.281	0.000
-0.300	31.412	-0.144	0.278	0.000
-0.299	31.422	-0.146	0.268	0.000
-0.299	31.412	-0.148	0.265	0.000
-0.299	31.402	-0.148	0.265	0.000
-0.298	31.402	-0.152	0.252	0.000
-0.298	31.412	-0.154	0.249	0.000
-0.297	31.412	-0.154	0.246	0.000
-0.297	31.412	-0.158	0.236	0.000
-0.296	31.402	-0.160	0.230	0.000
-0.295	31.412	-0.163	0.221	0.000
-0.294	31.412	-0.164	0.215	0.000
-0.293	31.391	-0.167	0.206	0.000
-0.293	31.381	-0.169	0.202	0.000
-0.292	31.402	-0.170	0.196	0.000
-0.291	31.370	-0.172	0.190	0.000
-0.289	31.391	-0.175	0.179	0.000
-0.288	31.381	-0.176	0.173	0.000
-0.287	31.370	-0.179	0.164	0.000
-0.286	31.381	-0.180	0.158	0.000
-0.285	31.370	-0.182	0.152	0.000
-0.283	31.360	-0.180	0.151	0.000
-0.282	31.370	-0.183	0.142	0.000
-0.280	31.370	-0.186	0.130	0.000
-0.279	31.381	-0.189	0.121	0.000
-0.277	31.370	-0.189	0.116	0.000
-0.276	31.370	-0.191	0.110	0.000
-0.274	31.370	-0.191	0.105	0.000
-0.272	31.370	-0.194	0.094	0.000
-0.270	31.360	-0.194	0.089	0.000
-0.268	31.370	-0.197	0.077	0.000
-0.266	31.370	-0.200	0.066	0.000
-0.264	31.360	-0.198	0.065	0.000
-0.262	31.360	-0.198	0.060	0.000
-0.260	31.370	-0.201	0.048	0.000
-0.258	31.350	-0.201	0.044	0.000
-0.256	31.370	-0.204	0.032	0.000
-0.254	31.370	-0.203	0.031	0.000
-0.252	31.370	-0.204	0.022	0.000
-0.249	31.370	-0.206	0.012	0.000
-0.247	31.370	-0.207	0.004	0.000
-0.244	31.370	-0.207	-0.003	0.000
-0.242	31.360	-0.207	-0.008	0.000
-0.239	31.350	-0.209	-0.018	0.000
-0.237	31.350	-0.210	-0.027	0.000
-0.234	31.350	-0.213	-0.041	0.000
-0.231	31.350	-0.213	-0.048	0.000
-0.229	31.350	-0.213	-0.052	0.000
-0.226	31.360	-0.214	-0.063	0.000
-0.223	31.350	-0.214	-0.070	0.000
-0.220	31.370	-0.216	-0.081	0.000
-0.217	31.350	-0.216	-0.088	0.000
-0.214	31.360	-0.216	-0.465	0.000
-0.211	31.360	-0.217	-0.475	0.000
-0.208	31.360	-0.217	-0.482	0.000
-0.205	31.350	-0.219	-0.493	0.000
-0.202	31.370	-0.217	-0.496	0.000
-0.199	31.360	-0.219	-0.507	0.000
-0.196	31.360	-0.219	-0.514	0.000
-0.193	31.360	-0.219	-0.521	0.000
-0.189	31.360	-0.216	-0.523	0.000
-0.186	31.339	-0.217	-0.534	0.000
-0.183	31.339	-0.216	-0.537	0.000
-0.179	31.350	-0.214	-0.543	0.000
-0.176	31.370	-0.214	-0.550	0.000
-0.173	31.350	-0.216	-0.561	0.000
-0.169	31.350	-0.213	-0.563	0.000
-0.165	31.350	-0.213	-0.573	0.000
-0.162	31.350	-0.214	-0.583	0.000
-0.158	31.360	-0.210	-0.582	0.000
-0.155	31.339	-0.210	-0.589	0.000
-0.151	31.339	-0.210	-0.599	0.000
-0.147	31.339	-0.212	-0.612	0.000
-0.144	31.350	-0.209	-0.612	0.000
-0.140	31.339	-0.207	-0.618	0.000
-0.136	31.350	-0.207	-0.627	0.000
-0.132	31.339	-0.207	-0.636	0.000
-0.129	31.360	-0.206	-0.640	0.000
-0.125	31.350	-0.204	-0.646	0.000
-0.121	31.360	-0.204	-0.655	0.000
-0.117	31.350	-0.206	-0.668	0.000
-0.113	31.370	-0.203	-0.671	0.000
-0.109	31.370	-0.201	-0.677	0.000
-0.105	31.381	-0.201	-0.686	0.000
-0.101	31.391	-0.201	-0.695	0.000
-0.097	31.402	-0.198	-0.698	0.000
-0.093	31.412	-0.198	-0.707	0.000
-0.089	31.433	-0.195	-0.710	0.000
-0.085	31.422	-0.195	-0.719	0.000
-0.081	31.412	-0.194	-0.725	0.000
-0.077	31.412	-0.194	-0.734	0.000
-0.073	31.412	-0.194	-0.744	0.000
-0.069	31.433	-0.188	-0.739	0.000
-0.065	31.443	-0.188	-0.749	0.000
-0.060	31.464	-0.186	-0.757	0.000
-0.056	31.485	-0.186	-0.766	0.000
-0.052	31.495	-0.183	-0.769	0.000
-0.048	31.495	-0.185	-0.782	0.000
-0.044	31.495	-0.182	-0.784	0.000
-0.039	31.516	-0.180	-0.792	0.000
-0.035	31.495	-0.179	-0.798	0.000
-0.031	31.495	-0.179	-0.808	0.000
-0.027	31.505	-0.178	-0.814	0.000
-0.023	31.516	-0.175	-0.816	0.000
-0.018	31.516	-0.173	-0.824	0.000
-0.014	31.516	-0.170	-0.827	0.000
-0.010	31.516	-0.170	-0.836	0.000
-0.006	31.516	-0.169	-0.842	0.000
-0.001	31.526	-0.166	-0.847	0.000
0.003	31.536	-0.163	-0.849	0.000
0.007	31.536	-0.161	-0.855	0.000
0.011	31.547	-0.163	-0.868	0.000
0.016	31.547	-0.158	-0.869	0.000
0.020	31.547	-0.155	-0.872	0.000
0.024	31.547	-0.154	-0.878	0.000
0.028	31.557	-0.154	-0.887	0.000
0.032	31.568	-0.151	-0.890	0.000
0.037	31.547	-0.148	-0.895	0.000
0.041	31.578	-0.146	-0.900	0.000
0.045	31.568	-0.145	-0.906	0.000
0.049	31.578	-0.142	-0.909	0.000
0.053	31.578	-0.141	-0.915	0.000
0.058	31.578	-0.138	-0.920	0.000
0.062	31.599	-0.135	-0.922	0.000
0.066	31.599	-0.133	-0.928	0.000
0.070	31.588	-0.133	-0.937	0.000
0.074	31.588	-0.130	-0.940	0.000
0.078	31.599	-0.127	-0.942	0.000
0.082	31.619	-0.127	-0.952	0.000
0.086	31.630	-0.121	-0.947	0.000
0.090	31.630	-0.124	-0.963	0.000
0.094	31.630	-0.117	-0.955	0.000
0.099	31.630	-0.117	-0.967	0.000
0.103	31.640	-0.117	-0.977	0.000
0.106	31.661	-0.111	-0.970	0.000
0.110	31.661	-0.111	-0.979	0.000
0.114	31.661	-0.105	-0.975	0.000
0.118	31.682	-0.105	-0.984	0.000
0.122	31.671	-0.101	-0.983	0.000
0.126	31.682	-0.101	-0.992	0.000
0.130	31.671	-0.098	-0.995	0.000
0.134	31.682	-0.095	-0.997	0.000
0.137	31.682	-0.092	-0.997	0.000
0.141	31.682	-0.087	-0.996	0.000
0.145	31.682	-0.089	-1.009	0.000
0.149	31.682	-0.083	-1.005	0.000
0.152	31.682	-0.083	-1.012	0.000
0.156	31.702	-0.078	-1.011	0.000
0.160	31.723	-0.077	-1.017	0.000
0.163	31.744	-0.073	-1.013	0.000
0.167	31.734	-0.073	-1.023	0.000
0.170	31.744	-0.070	-1.023	0.000
0.174	31.744	-0.065	-1.022	0.000
0.177	31.765	-0.062	-1.022	0.000
0.181	31.754	-0.061	-1.028	0.000
0.184	31.754	-0.058	-1.028	0.000
0.187	31.754	-0.055	-1.028	0.000
0.191	31.765	-0.052	-1.031	0.000
0.194	31.775	-0.049	-1.031	0.000
0.197	31.775	-0.046	-1.031	0.000
0.200	31.775	-0.042	-1.027	0.000
0.203	31.775	-0.042	-1.034	0.000
0.206	31.785	-0.039	-1.035	0.000
0.209	31.806	-0.033	-1.028	0.000
0.212	31.806	-0.033	-1.035	0.000
0.215	31.817	-0.030	-1.035	0.000
0.218	31.827	-0.025	-1.031	0.000
0.221	31.827	-0.024	-1.035	0.000
0.224	31.817	-0.018	-1.028	0.000
0.227	31.817	-0.018	-1.035	0.000
0.230	31.817	-0.013	-1.032	0.000
0.232	31.817	-0.012	-1.033	0.000
0.235	31.806	-0.006	-1.026	0.000
0.238	31.796	-0.006	-1.033	0.000
0.240	31.827	-0.002	-1.028	0.000
0.243	31.848	0.003	-1.024	0.000
0.245	31.858	0.003	-1.029	0.000
0.248	31.868	0.007	-1.026	0.000
0.250	31.868	0.010	-1.023	0.000
0.252	31.889	0.012	-1.025	0.000
0.255	31.879	0.015	-1.025	0.000
0.257	31.889	0.021	-1.015	0.000
0.259	31.889	0.022	-1.017	0.000
0.261	31.910	0.025	-1.014	0.000
0.263	31.900	0.029	-1.009	0.000
0.265	31.900	0.031	-1.010	0.000
0.267	31.900	0.034	-1.008	0.000
0.269	31.910	0.037	-1.005	0.000
0.271	31.920	0.040	-1.003	0.000
0.273	31.920	0.043	-1.001	0.000
0.274	31.931	0.046	-0.996	0.000
0.276	31.941	0.049	-0.994	0.000
0.278	31.941	0.052	-0.992	0.000
0.279	31.951	0.056	-0.984	0.000
0.281	31.941	0.059	-0.981	0.000
0.282	31.951	0.061	-0.980	0.000
0.284	31.951	0.065	-0.975	0.000
0.285	31.962	0.065	-0.977	0.000
0.286	31.972	0.069	-0.969	0.000
0.288	31.972	0.071	-0.970	0.000
0.289	31.962	0.075	-0.962	0.000
0.290	31.983	0.077	-0.961	0.000
0.291	31.972	0.080	-0.956	0.000
0.292	31.983	0.084	-0.948	0.000
0.293	31.983	0.087	-0.944	0.000
0.294	31.983	0.090	-0.939	0.000
0.295	31.983	0.092	-0.938	0.000
0.295	31.993	0.093	-0.934	0.000
0.296	31.993	0.099	-0.923	0.000
0.297	32.003	0.100	-0.922	0.000
0.297	32.024	0.100	-0.922	0.000
0.298	32.024	0.105	-0.914	0.000
0.298	32.034	0.106	-0.910	0.000
0.299	32.034	0.111	-0.902	0.000
0.299	32.045	0.112	-0.899	0.000
0.299	32.034	0.118	-0.885	0.000
0.300	32.045	0.118	-0.887	0.000
0.300	32.034	0.121	-0.880	0.000
0.300	32.045	0.124	-0.873	0.000
0.300	32.034	0.126	-0.870	0.000
0.300	32.055	0.127	-0.866	0.000
0.300	32.045	0.131	-0.856	0.000
0.300	32.076	0.133	-0.852	0.000
0.300	32.066	0.134	-0.849	0.000
0.299	32.076	0.137	-0.840	0.000
0.299	32.066	0.140	-0.833	0.000
0.299	32.076	0.143	-0.826	0.000
0.298	32.076	0.146	-0.817	0.000
0.298	32.076	0.146	-0.817	0.000
0.297	32.076	0.149	-0.807	0.000
0.297	32.086	0.151	-0.804	0.000
0.296	32.086	0.154	-0.794	0.000
0.295	32.097	0.157	-0.785	0.000
0.295	32.117	0.160	-0.778	0.000
0.294	32.107	0.160	-0.776	0.000
0.293	32.107	0.163	-0.767	0.000
0.292	32.117	0.163	-0.764	0.000
0.291	32.117	0.165	-0.755	0.000
0.290	32.138	0.167	-0.749	0.000
0.289	32.117	0.168	-0.743	0.000
0.287	32.117	0.173	-0.728	0.000
0.286	32.117	0.174	-0.722	0.000
0.285	32.117	0.177	-0.713	0.000
0.284	32.117	0.177	-0.711	0.000
0.282	32.128	0.177	-0.706	0.000
0.281	32.138	0.183	-0.690	0.000
0.279	32.138	0.183	-0.685	0.000
0.278	32.128	0.185	-0.679	0.000
0.276	32.149	0.186	-0.671	0.000
0.274	32.180	0.188	-0.663	0.000
0.272	32.159	0.191	-0.651	0.000
0.271	32.159	0.192	-0.645	0.000
0.269	32.159	0.192	-0.641	0.000
0.267	32.159	0.195	-0.629	0.000
0.265	32.159	0.195	-0.624	0.000
0.263	32.159	0.195	-0.620	0.000
0.261	32.169	0.198	-0.608	0.000
0.259	32.159	0.199	-0.600	0.000
0.257	32.169	0.201	-0.592	0.000
0.254	32.169	0.202	-0.581	0.000
0.252	32.169	0.202	-0.576	0.000
0.250	32.180	0.204	-0.568	0.000
0.247	32.180	0.207	-0.554	0.000
0.245	32.180	0.205	-0.553	0.000
0.242	32.190	0.208	-0.539	0.000
0.240	32.200	0.208	-0.534	0.000
0.237	32.190	0.210	-0.524	0.000
0.235	32.190	0.211	-0.516	0.000
0.232	32.190	0.211	-0.509	0.000
0.229	32.190	0.214	-0.495	0.000
0.227	32.190	0.213	-0.493	0.000
0.224	32.190	0.214	-0.483	0.000
0.221	32.190	0.216	-0.472	0.000
0.218	32.190	0.216	-0.465	0.000
0.215	32.200	0.216	-0.088	0.000
0.212	32.221	0.219	-0.074	0.000
0.209	32.190	0.219	-0.067	0.000
0.206	32.190	0.219	-0.060	0.000
0.203	32.200	0.219	-0.053	0.000
0.200	32.200	0.219	-0.046	0.000
0.197	32.200	0.219	-0.039	0.000
0.193	32.200	0.219	-0.030	0.000
0.190	32.190	0.219	-0.023	0.000
0.187	32.190	0.219	-0.016	0.000
0.183	32.200	0.214	-0.017	0.000
0.180	32.200	0.216	-0.006	0.000
0.177	32.190	0.216	0.001	0.000
0.173	32.190	0.214	0.007	0.000
0.170	32.190	0.214	0.014	0.000
0.166	32.190	0.213	0.020	0.000
0.163	32.200	0.213	0.027	0.000
0.159	32.200	0.213	0.036	0.000
0.156	32.190	0.210	0.036	0.000
0.152	32.190	0.210	0.046	0.000
0.148	32.180	0.208	0.052	0.000
0.145	32.200	0.208	0.059	0.000
0.141	32.190	0.207	0.065	0.000
0.137	32.180	0.207	0.074	0.000
0.133	32.190	0.204	0.077	0.000
0.129	32.190	0.204	0.086	0.000
0.126	32.169	0.204	0.093	0.000
0.122	32.180	0.201	0.095	0.000
0.118	32.169	0.201	0.105	0.000
0.114	32.180	0.198	0.107	0.000
0.110	32.180	0.198	0.117	0.000
0.106	32.200	0.195	0.119	0.000
0.102	32.180	0.197	0.132	0.000
0.098	32.180	0.195	0.138	0.000
0.094	32.190	0.195	0.147	0.000
0.090	32.159	0.195	0.157	0.000
0.086	32.180	0.192	0.159	0.000
0.082	32.169	0.189	0.162	0.000
0.078	32.169	0.188	0.168	0.000
0.074	32.159	0.186	0.174	0.000
0.070	32.159	0.186	0.183	0.000
0.065	32.159	0.185	0.191	0.000
0.061	32.159	0.185	0.201	0.000
0.057	32.149	0.183	0.207	0.000
0.053	32.149	0.180	0.209	0.000
0.049	32.159	0.177	0.211	0.000
0.045	32.138	0.176	0.217	0.000
0.040	32.149	0.174	0.226	0.000
0.036	32.128	0.173	0.232	0.000
0.032	32.138	0.170	0.234	0.000
0.028	32.149	0.170	0.243	0.000
0.024	32.138	0.168	0.249	0.000
0.019	32.138	0.165	0.254	0.000
0.015	32.128	0.164	0.260	0.000
0.011	32.138	0.163	0.266	0.000
0.007	32.138	0.160	0.268	0.000
0.002	32.128	0.160	0.280	0.000
-0.002	32.128	0.157	0.283	0.000
-0.006	32.117	0.157	0.292	0.000
-0.010	32.107	0.155	0.298	0.000
-0.015	32.117	0.152	0.303	0.000
-0.019	32.117	0.151	0.309	0.000
-0.023	32.097	0.148	0.311	0.000
-0.027	32.107	0.148	0.320	0.000
-0.032	32.107	0.140	0.315	0.000
-0.036	32.097	0.142	0.328	0.000
-0.040	32.086	0.139	0.330	0.000
-0.044	32.097	0.136	0.333	0.000
-0.048	32.086	0.133	0.335	0.000
-0.053	32.086	0.133	0.347	0.000
-0.057	32.086	0.130	0.349	0.000
-0.061	32.076	0.129	0.355	0.000
-0.065	32.097	0.126	0.358	0.000
-0.069	32.097	0.124	0.364	0.000
-0.073	32.086	0.121	0.366	0.000
-0.077	32.066	0.117	0.365	0.000
-0.081	32.097	0.115	0.371	0.000
-0.086	32.066	0.114	0.379	0.000
-0.090	32.076	0.112	0.385	0.000
-0.094	32.076	0.108	0.384	0.000
-0.098	32.076	0.105	0.387	0.000
-0.102	32.076	0.105	0.396	0.000
-0.106	32.066	0.102	0.398	0.000
-0.110	32.045	0.099	0.401	0.000
-0.113	32.045	0.096	0.401	0.000
-0.117	32.045	0.092	0.400	0.000
-0.121	32.055	0.092	0.409	0.000
-0.125	32.034	0.089	0.412	0.000
-0.129	32.055	0.086	0.414	0.000
-0.133	32.055	0.083	0.417	0.000
-0.137	32.045	0.081	0.423	0.000
-0.140	32.045	0.078	0.423	0.000
-0.144	32.045	0.074	0.422	0.000
-0.148	32.024	0.069	0.421	0.000
-0.151	32.024	0.071	0.431	0.000
-0.155	32.014	0.069	0.437	0.000
-0.159	32.014	0.065	0.436	0.000
-0.162	32.003	0.062	0.436	0.000
-0.166	32.014	0.059	0.439	0.000
-0.169	32.003	0.056	0.439	0.000
-0.173	32.003	0.053	0.441	0.000
-0.176	32.003	0.050	0.441	0.000
-0.180	31.983	0.047	0.444	0.000
-0.183	31.993	0.043	0.440	0.000
-0.186	31.993	0.041	0.444	0.000
-0.190	31.993	0.040	0.450	0.000
-0.193	31.993	0.035	0.447	0.000
-0.196	31.983	0.034	0.450	0.000
-0.199	31.993	0.031	0.450	0.000
-0.203	31.993	0.025	0.446	0.000
-0.206	31.993	0.024	0.449	0.000
-0.209	31.972	0.022	0.453	0.000
-0.212	31.962	0.018	0.449	0.000
-0.215	31.962	0.016	0.453	0.000
-0.218	31.972	0.013	0.453	0.000
-0.221	31.962	0.009	0.450	0.000
-0.223	31.962	0.006	0.448	0.000
-0.226	31.951	0.003	0.448	0.000
-0.229	31.941	-0.000	0.448	0.000
-0.232	31.951	-0.003	0.448	0.000
-0.234	31.972	-0.008	0.442	0.000
-0.237	31.951	-0.008	0.449	0.000
-0.240	31.972	-0.012	0.446	0.000
-0.242	31.941	-0.015	0.444	0.000
-0.245	31.951	-0.018	0.444	0.000
-0.247	31.962	-0.021	0.441	0.000
-0.249	31.951	-0.024	0.439	0.000
-0.252	31.941	-0.027	0.439	0.000
-0.254	31.931	-0.030	0.437	0.000
-0.256	31.920	-0.031	0.438	0.000
-0.258	31.931	-0.036	0.433	0.000
-0.261	31.920	-0.037	0.436	0.000
-0.263	31.920	-0.042	0.430	0.000
-0.265	31.931	-0.044	0.428	0.000
-0.267	31.920	-0.047	0.426	0.000
-0.269	31.920	-0.050	0.424	0.000
-0.270	31.910	-0.053	0.419	0.000
-0.272	31.920	-0.053	0.424	0.000
-0.274	31.900	-0.058	0.418	0.000
-0.276	31.910	-0.062	0.412	0.000
-0.277	31.910	-0.065	0.408	0.000
-0.279	31.910	-0.065	0.412	0.000
-0.280	31.900	-0.070	0.404	0.000
-0.282	31.900	-0.071	0.406	0.000
-0.283	31.900	-0.076	0.397	0.000
-0.285	31.900	-0.077	0.399	0.000
-0.286	31.879	-0.080	0.394	0.000
-0.287	31.879	-0.083	0.389	0.000
-0.288	31.879	-0.086	0.385	0.000
-0.290	31.879	-0.089	0.383	0.000
-0.291	31.879	-0.089	0.385	0.000
-0.292	31.879	-0.095	0.373	0.000
-0.293	31.868	-0.096	0.372	0.000
-0.294	31.868	-0.099	0.368	0.000
-0.294	31.868	-0.102	0.361	0.000
-0.295	31.879	-0.105	0.356	0.000
-0.296	31.879	-0.107	0.355	0.000
-0.297	31.868	-0.110	0.350	0.000
-0.297	31.879	-0.114	0.340	0.000
-0.298	31.879	-0.115	0.339	0.000
-0.298	31.879	-0.117	0.335	0.000
-0.299	31.858	-0.118	0.334	0.000
-0.299	31.879	-0.123	0.324	0.000
-0.299	31.868	-0.124	0.320	0.000
-0.300	31.868	-0.129	0.312	0.000
-0.300	31.858	-0.130	0.309	0.000
-0.300	31.858	-0.132	0.305	0.000
-0.300	31.868	-0.135	0.298	0.000
-0.300	31.858	-0.138	0.292	0.000
-0.300	31.858	-0.139	0.288	0.000
-0.300	31.858	-0.142	0.281	0.000
-0.300	31.837	-0.144	0.278	0.000
-0.299	31.868	-0.145	0.272	0.000
-0.299	31.858	-0.148	0.265	0.000
-0.299	31.858	-0.148	0.265	0.000
-0.298	31.858	-0.152	0.252	0.000
-0.298	31.858	-0.154	0.249	0.000
-0.297	31.858	-0.155	0.243	0.000
-0.297	31.858	-0.160	0.232	0.000
-0.296	31.848	-0.161	0.227	0.000
-0.295	31.868	-0.163	0.221	0.000
-0.295	31.858	-0.164	0.217	0.000
-0.294	31.848	-0.166	0.211	0.000
-0.293	31.868	-0.169	0.202	0.000
-0.292	31.868	-0.170	0.196	0.000
-0.291	31.858	-0.172	0.190	0.000
-0.290	31.848	-0.173	0.185	0.000
-0.289	31.848	-0.176	0.175	0.000
-0.288	31.837	-0.178	0.170	0.000
-0.286	31.858	-0.179	0.161	0.000
-0.285	31.868	-0.180	0.156	0.000
-0.284	31.858	-0.183	0.146	0.000
-0.282	31.858	-0.183	0.142	0.000
-0.281	31.858	-0.186	0.132	0.000
-0.279	31.868	-0.186	0.128	0.000
-0.278	31.858	-0.189	0.118	0.000
-0.276	31.858	-0.191	0.110	0.000
-0.275	31.858	-0.194	0.101	0.000
-0.273	31.858	-0.194	0.096	0.000
-0.271	31.858	-0.195	0.088	0.000
-0.269	31.868	-0.194	0.087	0.000
-0.267	31.858	-0.198	0.072	0.000
-0.265	31.868	-0.200	0.063	0.000
-0.263	31.868	-0.198	0.062	0.000
-0.261	31.848	-0.203	0.047	0.000
-0.259	31.858	-0.203	0.042	0.000
-0.257	31.858	-0.203	0.038	0.000
-0.255	31.868	-0.204	0.030	0.000
-0.253	31.858	-0.206	0.021	0.000
-0.250	31.858	-0.209	0.007	0.000
-0.248	31.858	-0.207	0.006	0.000
-0.245	31.879	-0.212	-0.011	0.000
-0.243	31.889	-0.210	-0.013	0.000
-0.240	31.879	-0.210	-0.020	0.000
-0.238	31.879	-0.212	-0.028	0.000
-0.235	31.879	-0.213	-0.038	0.000
-0.233	31.889	-0.213	-0.043	0.000
-0.230	31.879	-0.214	-0.054	0.000
-0.227	31.889	-0.217	-0.068	0.000
-0.224	31.889	-0.216	-0.071	0.000
-0.222	31.879	-0.216	-0.076	0.000
-0.219	31.879	-0.216	-0.083	0.000
-0.216	31.889	-0.217	-0.463	0.000
-0.213	31.889	-0.219	-0.474	0.000
-0.210	31.900	-0.219	-0.481	0.000
-0.207	31.900	-0.219	-0.488	0.000
-0.204	31.900	-0.219	-0.495	0.000
-0.201	31.910	-0.219	-0.502	0.000
-0.197	31.900	-0.219	-0.511	0.000
-0.194	31.910	-0.217	-0.515	0.000
-0.191	31.910	-0.219	-0.526	0.000
-0.188	31.920	-0.219	-0.533	0.000
-0.184	31.920	-0.217	-0.539	0.000
-0.181	31.920	-0.214	-0.539	0.000
-0.177	31.920	-0.216	-0.552	0.000
-0.174	31.920	-0.214	-0.555	0.000
-0.171	31.920	-0.214	-0.562	0.000
-0.167	31.931	-0.216	-0.575	0.000
-0.164	31.920	-0.214	-0.579	0.000
-0.160	31.931	-0.212	-0.581	0.000
-0.156	31.931	-0.210	-0.587	0.000
-0.153	31.941	-0.213	-0.601	0.000
-0.149	31.951	-0.210	-0.603	0.000
-0.145	31.951	-0.212	-0.616	0.000
-0.142	31.962	-0.210	-0.620	0.000
-0.138	31.962	-0.207	-0.622	0.000
-0.134	31.962	-0.207	-0.632	0.000
-0.130	31.993	-0.206	-0.638	0.000
-0.126	31.993	-0.207	-0.650	0.000
-0.123	31.993	-0.206	-0.654	0.000
-0.119	31.983	-0.203	-0.657	0.000
-0.115	31.983	-0.204	-0.669	0.000
-0.111	31.993	-0.204	-0.679	0.000
-0.107	31.983	-0.203	-0.685	0.000
-0.103	31.993	-0.201	-0.691	0.000
-0.099	31.983	-0.201	-0.700	0.000
-0.095	31.993	-0.198	-0.702	0.000
-0.091	32.003	-0.198	-0.712	0.000
-0.087	32.014	-0.197	-0.718	0.000
-0.083	32.003	-0.195	-0.724	0.000
-0.079	32.003	-0.194	-0.730	0.000
-0.075	32.014	-0.191	-0.732	0.000
-0.070	32.024	-0.194	-0.751	0.000
-0.066	32.024	-0.189	-0.750	0.000
-0.062	32.024	-0.188	-0.756	0.000
-0.058	32.024	-0.186	-0.762	0.000
-0.054	32.045	-0.188	-0.774	0.000
-0.050	32.034	-0.183	-0.773	0.000
-0.046	32.055	-0.183	-0.783	0.000
-0.041	32.055	-0.180	-0.788	0.000
-0.037	32.034	-0.180	-0.797	0.000
-0.033	32.066	-0.180	-0.806	0.000
-0.029	32.076	-0.178	-0.809	0.000
-0.024	32.076	-0.175	-0.814	0.000
-0.020	32.097	-0.175	-0.823	0.000
-0.016	32.097	-0.169	-0.819	0.000
-0.012	32.086	-0.170	-0.831	0.000
-0.008	32.107	-0.170	-0.841	0.000
-0.003	32.117	-0.167	-0.846	0.000
0.001	32.107	-0.164	-0.848	0.000
0.005	32.117	-0.163	-0.854	0.000
0.009	32.128	-0.160	-0.857	0.000
0.014	32.138	-0.158	-0.865	0.000
0.018	32.138	-0.157	-0.871	0.000
0.022	32.128	-0.155	-0.877	0.000
0.026	32.138	-0.154	-0.883	0.000
0.031	32.138	-0.151	-0.887	0.000
0.035	32.159	-0.151	-0.897	0.000
0.039	32.159	-0.148	-0.899	0.000
0.043	32.169	-0.146	-0.905	0.000
0.047	32.169	-0.144	-0.908	0.000
0.052	32.180	-0.141	-0.912	0.000
0.056	32.169	-0.139	-0.918	0.000
0.060	32.169	-0.138	-0.924	0.000
0.064	32.169	-0.135	-0.927	0.000
0.068	32.169	-0.133	-0.933	0.000
0.072	32.190	-0.130	-0.935	0.000
0.076	32.190	-0.129	-0.941	0.000
0.081	32.190	-0.127	-0.949	0.000
0.085	32.190	-0.124	-0.952	0.000
0.089	32.190	-0.121	-0.954	0.000
0.093	32.211	-0.120	-0.960	0.000
0.097	32.232	-0.117	-0.963	0.000
0.101	32.232	-0.117	-0.972	0.000
0.105	32.242	-0.112	-0.971	0.000
0.109	32.252	-0.111	-0.977	0.000
0.113	32.242	-0.111	-0.986	0.000
0.117	32.252	-0.107	-0.985	0.000
0.120	32.273	-0.104	-0.985	0.000
0.124	32.263	-0.102	-0.991	0.000
0.128	32.273	-0.098	-0.990	0.000
0.132	32.273	-0.096	-0.996	0.000
0.136	32.294	-0.095	-1.002	0.000
0.140	32.283	-0.092	-1.005	0.000
0.143	32.294	-0.090	-1.008	0.000
0.147	32.294	-0.086	-1.007	0.000
0.151	32.294	-0.083	-1.010	0.000
0.154	32.315	-0.081	-1.013	0.000
0.158	32.315	-0.078	-1.016	0.000
0.162	32.335	-0.077	-1.021	0.000
0.165	32.325	-0.074	-1.022	0.000
0.169	32.325	-0.071	-1.024	0.000
0.172	32.325	-0.068	-1.024	0.000
0.176	32.335	-0.065	-1.027	0.000
0.179	32.335	-0.062	-1.027	0.000
0.182	32.356	-0.059	-1.027	0.000
0.186	32.377	-0.058	-1.033	0.000
0.189	32.367	-0.055	-1.033	0.000
0.192	32.367	-0.050	-1.029	0.000
0.196	32.408	-0.047	-1.032	0.000
0.199	32.398	-0.044	-1.032	0.000
0.202	32.408	-0.042	-1.032	0.000
0.205	32.429	-0.039	-1.032	0.000
0.208	32.429	-0.036	-1.032	0.000
0.211	32.418	-0.034	-1.036	0.000
0.214	32.439	-0.031	-1.036	0.000
0.217	32.439	-0.027	-1.033	0.000
0.220	32.439	-0.024	-1.033	0.000
0.223	32.470	-0.021	-1.033	0.000
0.226	32.460	-0.018	-1.033	0.000
0.228	32.470	-0.016	-1.034	0.000
0.231	32.481	-0.012	-1.031	0.000
0.234	32.481	-0.009	-1.031	0.000
0.236	32.491	-0.006	-1.029	0.000
0.239	32.491	-0.005	-1.032	0.000
0.242	32.501	-0.002	-1.032	0.000
0.244	32.491	0.003	-1.027	0.000
0.247	32.512	0.006	-1.027	0.000
0.249	32.491	0.007	-1.028	0.000
0.251	32.501	0.012	-1.022	0.000
0.254	32.533	0.015	-1.022	0.000
0.256	32.533	0.018	-1.020	0.000
0.258	32.543	0.021	-1.018	0.000
0.260	32.543	0.024	-1.016	0.000
0.262	32.543	0.025	-1.017	0.000
0.264	32.543	0.029	-1.011	0.000
0.266	32.564	0.032	-1.009	0.000
0.268	32.574	0.035	-1.007	0.000
0.270	32.584	0.038	-1.004	0.000
0.272	32.595	0.041	-1.002	0.000
0.274	32.584	0.044	-1.000	0.000
0.275	32.584	0.047	-0.995	0.000
0.277	32.605	0.052	-0.989	0.000
0.279	32.605	0.053	-0.991	0.000
0.280	32.605	0.053	-0.993	0.000
0.282	32.616	0.058	-0.987	0.000
0.283	32.657	0.061	-0.983	0.000
0.284	32.626	0.065	-0.975	0.000
0.286	32.626	0.068	-0.972	0.000
0.287	32.647	0.069	-0.971	0.000
0.288	32.657	0.072	-0.967	0.000
0.289	32.678	0.077	-0.959	0.000
0.290	32.667	0.080	-0.954	0.000
0.291	32.678	0.081	-0.953	0.000
0.292	32.678	0.086	-0.945	0.000
0.293	32.699	0.087	-0.944	0.000
0.294	32.688	0.090	-0.939	0.000
0.295	32.688	0.095	-0.931	0.000
0.296	32.688	0.095	-0.933	0.000
0.296	32.699	0.097	-0.926	0.000
0.297	32.709	0.100	-0.922	0.000
0.298	32.730	0.105	-0.914	0.000
0.298	32.730	0.105	-0.914	0.000
0.299	32.740	0.108	-0.909	0.000
0.299	32.750	0.111	-0.902	0.000
0.299	32.761	0.114	-0.895	0.000
0.300	32.750	0.118	-0.887	0.000
0.300	32.740	0.118	-0.887	0.000
0.300	32.740	0.121	-0.880	0.000
0.300	32.740	0.126	-0.870	0.000
0.300	32.750	0.129	-0.863	0.000
0.300	32.771	0.130	-0.859	0.000
0.300	32.782	0.131	-0.856	0.000
0.300	32.792	0.136	-0.846	0.000
0.299	32.792	0.137	-0.840	0.000
0.299	32.782	0.137	-0.840	0.000
0.299	32.792	0.142	-0.829	0.000
0.298	32.782	0.145	-0.820	0.000
0.298	32.792	0.146	-0.817	0.000
0.298	32.813	0.148	-0.813	0.000
0.297	32.823	0.151	-0.804	0.000
0.296	32.833	0.152	-0.798	0.000
0.296	32.833	0.157	-0.787	0.000
0.295	32.844	0.157	-0.785	0.000
0.294	32.833	0.157	-0.783	0.000
0.293	32.833	0.160	-0.774	0.000
0.292	32.844	0.163	-0.764	0.000
0.291	32.854	0.165	-0.755	0.000
0.290	32.865	0.167	-0.749	0.000
0.289	32.865	0.168	-0.743	0.000
0.288	32.875	0.170	-0.737	0.000
0.287	32.896	0.173	-0.728	0.000
0.285	32.875	0.176	-0.717	0.000
0.284	32.896	0.176	-0.714	0.000
0.283	32.885	0.177	-0.708	0.000
0.281	32.906	0.179	-0.700	0.000
0.280	32.906	0.182	-0.691	0.000
0.278	32.916	0.183	-0.683	0.000
0.277	32.916	0.183	-0.680	0.000
0.275	32.927	0.188	-0.665	0.000
0.273	32.927	0.188	-0.661	0.000
0.271	32.937	0.189	-0.652	0.000
0.270	32.937	0.192	-0.643	0.000
0.268	32.937	0.194	-0.635	0.000
0.266	32.916	0.194	-0.630	0.000
0.264	32.927	0.195	-0.622	0.000
0.262	32.937	0.198	-0.610	0.000
0.260	32.927	0.198	-0.606	0.000
0.258	32.937	0.201	-0.594	0.000
0.255	32.937	0.201	-0.587	0.000
0.253	32.916	0.204	-0.575	0.000
0.251	32.927	0.205	-0.567	0.000
0.248	32.937	0.207	-0.557	0.000
0.246	32.937	0.207	-0.552	0.000
0.244	32.937	0.208	-0.544	0.000
0.241	32.948	0.207	-0.540	0.000
0.238	32.948	0.211	-0.523	0.000
0.236	32.948	0.211	-0.518	0.000
0.233	32.948	0.210	-0.514	0.000
0.231	32.948	0.208	-0.513	0.000
0.228	32.948	0.213	-0.496	0.000
0.225	32.958	0.216	-0.482	0.000
0.222	32.989	0.216	-0.475	0.000
0.219	32.989	0.213	-0.475	0.000
0.216	32.999	0.219	-0.084	0.000
0.213	33.010	0.217	-0.080	0.000
0.210	33.020	0.217	-0.073	0.000
0.207	33.020	0.219	-0.063	0.000
0.204	33.020	0.217	-0.059	0.000
0.201	33.020	0.219	-0.048	0.000
0.198	33.031	0.217	-0.045	0.000
0.195	33.031	0.217	-0.038	0.000
0.192	33.031	0.216	-0.034	0.000
0.188	33.031	0.219	-0.018	0.000
0.185	33.031	0.217	-0.014	0.000
0.182	33.031	0.217	-0.007	0.000
0.178	33.020	0.214	-0.005	0.000
0.175	33.031	0.216	0.006	0.000
0.171	33.041	0.213	0.008	0.000
0.168	33.051	0.213	0.015	0.000
0.164	33.041	0.211	0.021	0.000
0.161	33.041	0.210	0.025	0.000
0.157	33.041	0.211	0.038	0.000
0.154	33.041	0.210	0.041	0.000
0.150	33.051	0.207	0.044	0.000
0.146	33.041	0.208	0.056	0.000
0.142	33.041	0.207	0.062	0.000
0.139	33.041	0.207	0.069	0.000
0.135	33.072	0.204	0.072	0.000
0.131	33.062	0.204	0.081	0.000
0.127	33.051	0.201	0.084	0.000
0.123	33.062	0.201	0.093	0.000
0.120	33.051	0.199	0.097	0.000
0.116	33.051	0.201	0.110	0.000
0.112	33.051	0.198	0.112	0.000
0.108	33.051	0.197	0.118	0.000
0.104	33.041	0.195	0.124	0.000
0.100	33.072	0.194	0.130	0.000
0.096	33.041	0.192	0.136	0.000
0.092	33.041	0.192	0.145	0.000
0.088	33.062	0.189	0.148	0.000
0.084	33.041	0.191	0.160	0.000
0.080	33.041	0.186	0.159	0.000
0.076	33.072	0.186	0.169	0.000
0.071	33.072	0.186	0.181	0.000
0.067	33.062	0.183	0.183	0.000
0.063	33.062	0.182	0.189	0.000
0.059	33.072	0.180	0.195	0.000
0.055	33.051	0.177	0.197	0.000
0.051	33.051	0.177	0.207	0.000
0.046	33.062	0.177	0.218	0.000
0.042	33.062	0.174	0.221	0.000
0.038	33.051	0.171	0.223	0.000
0.034	33.051	0.170	0.229	0.000
0.030	33.051	0.171	0.242	0.000
0.025	33.051	0.170	0.250	0.000
0.021	33.051	0.167	0.253	0.000
0.017	33.072	0.165	0.259	0.000
0.013	33.062	0.163	0.261	0.000
0.008	33.041	0.163	0.273	0.000
0.004	33.041	0.158	0.272	0.000
