ref	v	theta	v	ball
0.100	-5.000	0.151	0.000	0.000
0.100	-5.000	0.152	0.000	0.000
0.100	-5.000	0.152	0.000	0.000
0.100	-5.000	0.151	1.014	0.000
0.100	-5.000	0.152	1.043	0.000
0.100	-5.000	0.151	1.014	0.000
0.100	-5.000	0.149	0.984	0.000
0.100	-5.000	0.152	1.043	0.000
0.100	-5.000	0.152	1.043	0.000
0.100	-5.000	0.151	1.014	0.000
0.100	-5.000	0.151	1.014	0.000
0.100	-5.000	0.149	0.984	0.000
0.100	-5.000	0.148	0.955	0.000
0.100	-5.000	0.146	0.925	0.000
0.100	-5.000	0.149	0.984	0.000
0.100	-5.000	0.142	0.836	0.000
0.100	-5.000	0.145	0.895	0.000
0.100	-5.000	0.143	0.866	0.000
0.100	-5.000	0.143	0.866	0.000
0.100	-5.000	0.140	0.807	0.000
0.100	-5.000	0.143	0.866	0.000
0.100	-5.000	0.140	0.807	0.000
0.100	-5.000	0.140	0.807	0.000
0.100	-5.000	0.140	0.807	0.000
0.100	-5.000	0.140	0.807	0.000
0.100	-5.000	0.140	0.807	0.000
0.100	-5.000	0.139	0.777	0.000
0.100	-5.000	0.139	0.777	0.000
0.100	-5.000	0.137	0.748	0.000
0.100	-5.000	0.136	0.718	0.000
0.100	-5.000	0.136	0.718	0.000
0.100	-5.000	0.134	0.688	0.000
0.100	-5.000	0.133	0.659	0.000
0.100	-5.000	0.133	0.659	0.000
0.100	-5.000	0.131	0.629	0.000
0.100	-5.000	0.131	0.629	0.000
0.100	-5.000	0.130	0.600	0.000
0.100	-5.000	0.129	0.570	0.000
0.100	-5.000	0.129	0.570	0.000
0.100	-5.000	0.126	0.511	0.000
0.100	-5.000	0.126	0.511	0.000
0.100	-5.000	0.124	0.481	0.000
0.100	-5.000	0.124	0.481	0.000
0.100	-5.000	0.123	0.452	0.000
0.100	-5.000	0.124	0.481	0.000
0.100	-5.000	0.121	0.422	0.000
0.100	-5.000	0.120	0.393	0.000
0.100	-5.000	0.120	0.393	0.000
0.100	-5.000	0.120	0.393	0.000
0.100	-5.000	0.120	0.393	0.000
0.100	-5.000	0.117	0.334	0.000
0.100	-5.000	0.115	0.304	0.000
0.100	-5.000	0.117	0.334	0.000
0.100	-5.000	0.114	0.275	0.000
0.100	-5.000	0.117	0.334	0.000
0.100	-5.000	0.114	0.275	0.000
0.100	-5.000	0.114	0.275	0.000
0.100	-5.000	0.114	0.275	0.000
0.100	-5.000	0.112	0.245	0.000
0.100	-5.000	0.112	0.245	0.000
0.100	-5.000	0.111	0.215	0.000
0.100	-5.000	0.111	0.215	0.000
0.100	-5.000	0.109	0.186	0.000
0.100	-5.000	0.108	0.156	0.000
0.100	-5.000	0.108	0.156	0.000
0.100	-5.000	0.108	0.156	0.000
0.100	-5.000	0.108	0.156	0.000
0.100	-5.000	0.106	0.127	0.000
0.100	-5.000	0.105	0.097	0.000
0.100	-5.000	0.105	0.097	0.000
0.100	-5.000	0.105	0.097	0.000
0.100	-5.000	0.105	0.097	0.000
0.100	-5.000	0.103	0.068	0.000
0.100	-5.000	0.103	0.068	0.000
0.100	-5.000	0.105	0.097	0.000
0.100	-5.000	0.105	0.097	0.000
0.100	-5.000	0.103	0.068	0.000
0.100	-5.000	0.103	0.068	0.000
0.100	-5.000	0.105	0.097	0.000
0.100	-5.000	0.102	0.038	0.000
0.100	-5.000	0.100	0.008	0.000
0.100	-5.000	0.102	0.038	0.000
0.100	-5.000	0.102	0.038	0.000
0.100	-5.000	0.102	0.038	0.000
0.100	-5.000	0.100	0.008	0.000
0.100	-5.000	0.102	0.038	0.000
0.100	-5.000	0.099	-0.021	0.000
0.100	-5.000	0.102	0.038	0.000
0.100	-5.000	0.102	0.038	0.000
0.100	-5.000	0.099	-0.021	0.000
0.100	-5.000	0.100	0.008	0.000
0.100	-5.000	0.099	-0.021	0.000
0.100	-5.000	0.100	0.008	0.000
0.100	-5.000	0.100	0.008	0.000
0.100	-5.000	0.100	0.008	0.000
0.100	-5.000	0.099	-0.021	0.000
0.100	-5.000	0.102	0.038	0.000
0.100	-5.000	0.102	0.038	0.000
0.100	-5.000	0.102	0.038	0.000
0.100	-5.000	0.099	-0.021	0.000
0.100	-5.000	0.099	-0.021	0.000
0.100	-5.000	0.099	-0.021	0.000
0.100	-5.000	0.099	-0.021	0.000
0.100	-5.000	0.100	0.008	0.000
0.100	-5.000	0.099	-0.021	0.000
0.100	-5.000	0.099	-0.021	0.000
0.100	-5.000	0.097	-0.051	0.000
0.100	-5.000	0.102	0.038	0.000
0.100	-5.000	0.097	-0.051	0.000
0.100	-5.000	0.100	0.008	0.000
0.100	-5.000	0.100	0.008	0.000
0.100	-5.000	0.100	0.008	0.000
0.100	-5.000	0.099	-0.021	0.000
0.100	-5.000	0.100	0.008	0.000
0.100	-5.000	0.099	-0.021	0.000
0.100	-5.000	0.099	-0.021	0.000
0.100	-5.000	0.100	0.008	0.000
0.100	-5.000	0.099	-0.021	0.000
0.100	-5.000	0.100	0.008	0.000
0.100	-5.000	0.099	-0.021	0.000
0.100	-5.000	0.099	-0.021	0.000
0.100	-5.000	0.100	0.008	0.000
0.100	-5.000	0.099	-0.021	0.000
0.100	-5.000	0.100	0.008	0.000
0.100	-5.000	0.100	0.008	0.000
0.100	-5.000	0.100	0.008	0.000
0.100	-5.000	0.099	-0.021	0.000
0.100	-5.000	0.099	-0.021	0.000
0.100	-5.000	0.099	-0.021	0.000
0.100	-5.000	0.099	-0.021	0.000
0.100	-5.000	0.100	0.008	0.000
0.100	-5.000	0.102	0.038	0.000
0.100	-5.000	0.099	-0.021	0.000
0.100	-5.000	0.099	-0.021	0.000
0.100	-5.000	0.100	0.008	0.000
0.100	-5.000	0.100	0.008	0.000
0.100	-5.000	0.099	-0.021	0.000
0.100	-5.000	0.100	0.008	0.000
0.100	-5.000	0.099	-0.021	0.000
0.100	-5.000	0.100	0.008	0.000
0.100	-5.000	0.100	0.008	0.000
0.100	-5.000	0.099	-0.021	0.000
0.100	-5.000	0.099	-0.021	0.000
0.100	-5.000	0.100	0.008	0.000
0.100	-5.000	0.099	-0.021	0.000
0.100	-5.000	0.102	0.038	0.000
0.100	-5.000	0.099	-0.021	0.000
0.100	-5.000	0.099	-0.021	0.000
0.100	-5.000	0.100	0.008	0.000
0.100	-5.000	0.100	0.008	0.000
0.100	-5.000	0.099	-0.021	0.000
0.100	-5.000	0.099	-0.021	0.000
0.100	-5.000	0.102	0.038	0.000
0.100	-5.000	0.100	0.008	0.000
0.100	-5.000	0.100	0.008	0.000
0.100	-5.000	0.100	0.008	0.000
0.100	-5.000	0.099	-0.021	0.000
0.100	-5.000	0.100	0.008	0.000
0.100	-5.000	0.099	-0.021	0.000
0.100	-5.000	0.100	0.008	0.000
0.100	-5.000	0.100	0.008	0.000
0.100	-5.000	0.100	0.008	0.000
0.100	-5.000	0.099	-0.021	0.000
0.100	-5.000	0.100	0.008	0.000
0.100	-5.000	0.097	-0.051	0.000
0.100	-5.000	0.102	0.038	0.000
0.100	-5.000	0.100	0.008	0.000
0.100	-5.000	0.100	0.008	0.000
0.100	-5.000	0.102	0.038	0.000
0.100	-5.000	0.099	-0.021	0.000
0.100	-5.000	0.097	-0.051	0.000
0.100	-5.000	0.100	0.008	0.000
0.100	-5.000	0.100	0.008	0.000
0.100	-5.000	0.099	-0.021	0.000
0.100	-5.000	0.099	-0.021	0.000
0.100	-5.000	0.099	-0.021	0.000
0.100	-5.000	0.097	-0.051	0.000
0.100	-5.000	0.097	-0.051	0.000
0.100	-5.000	0.099	-0.021	0.000
0.100	-5.000	0.100	0.008	0.000
0.100	-5.000	0.100	0.008	0.000
0.100	-5.000	0.100	0.008	0.000
0.100	-5.000	0.099	-0.021	0.000
0.100	-5.000	0.099	-0.021	0.000
0.100	-5.000	0.100	0.008	0.000
0.100	-5.000	0.096	-0.080	0.000
0.100	-5.000	0.100	0.008	0.000
0.100	-5.000	0.099	-0.021	0.000
0.100	-5.000	0.100	0.008	0.000
0.100	-5.000	0.097	-0.051	0.000
0.100	-5.000	0.099	-0.021	0.000
0.100	-5.000	0.099	-0.021	0.000
0.100	-5.000	0.099	-0.021	0.000
0.100	-5.000	0.100	0.008	0.000
0.100	-5.000	0.097	-0.051	0.000
0.100	-5.000	0.099	-0.021	0.000
0.100	-5.000	0.100	0.008	0.000
0.100	-5.000	0.100	0.008	0.000
0.100	-5.000	0.100	0.008	0.000
0.100	-5.000	0.100	0.008	0.000
0.100	-5.000	0.099	-0.021	0.000
0.100	-5.000	0.097	-0.051	0.000
0.100	-5.000	0.100	0.008	0.000
0.100	-5.000	0.100	0.008	0.000
0.100	-5.000	0.099	-0.021	0.000
0.100	-5.000	0.099	-0.021	0.000
0.100	-5.000	0.099	-0.021	0.000
0.100	-5.000	0.097	-0.051	0.000
0.100	-5.000	0.099	-0.021	0.000
0.100	-5.000	0.099	-0.021	0.000
0.100	-5.000	0.100	0.008	0.000
0.100	-5.000	0.100	0.008	0.000
0.100	-5.000	0.100	0.008	0.000
0.100	-5.000	0.099	-0.021	0.000
0.100	-5.000	0.099	-0.021	0.000
0.100	-5.000	0.099	-0.021	0.000
0.100	-5.000	0.100	0.008	0.000
0.100	-5.000	0.099	-0.021	0.000
0.100	-5.000	0.100	0.008	0.000
0.100	-5.000	0.100	0.008	0.000
0.100	-5.000	0.099	-0.021	0.000
0.100	-5.000	0.100	0.008	0.000
0.100	-5.000	0.099	-0.021	0.000
0.100	-5.000	0.099	-0.021	0.000
0.100	-5.000	0.099	-0.021	0.000
0.100	-5.000	0.099	-0.021	0.000
0.100	-5.000	0.099	-0.021	0.000
0.100	-5.000	0.099	-0.021	0.000
0.100	-5.000	0.100	0.008	0.000
0.100	-5.000	0.102	0.038	0.000
0.100	-5.000	0.099	-0.021	0.000
0.100	-5.000	0.100	0.008	0.000
0.100	-5.000	0.100	0.008	0.000
0.100	-5.000	0.100	0.008	0.000
0.100	-5.000	0.097	-0.051	0.000
0.100	-5.000	0.100	0.008	0.000
0.100	-5.000	0.099	-0.021	0.000
0.100	-5.000	0.100	0.008	0.000
0.100	-5.000	0.099	-0.021	0.000
0.100	-5.000	0.099	-0.021	0.000
0.100	-5.000	0.100	0.008	0.000
0.100	-5.000	0.100	0.008	0.000
0.100	-5.000	0.099	-0.021	0.000
0.100	-5.000	0.097	-0.051	0.000
0.100	-5.000	0.100	0.008	0.000
0.100	-5.000	0.097	-0.051	0.000
0.100	-5.000	0.099	-0.021	0.000
0.100	-5.000	0.100	0.008	0.000
0.100	-5.000	0.099	-0.021	0.000
0.100	-5.000	0.099	-0.021	0.000
0.100	-5.000	0.100	0.008	0.000
0.100	-5.000	0.100	0.008	0.000
0.100	-5.000	0.100	0.008	0.000
0.100	-5.000	0.100	0.008	0.000
0.100	-5.000	0.100	0.008	0.000
0.100	-5.000	0.099	-0.021	0.000
0.100	-5.000	0.099	-0.021	0.000
0.100	-5.000	0.099	-0.021	0.000
0.100	-5.000	0.099	-0.021	0.000
0.100	-5.000	0.099	-0.021	0.000
0.100	-5.000	0.097	-0.051	0.000
0.100	-5.000	0.099	-0.021	0.000
0.100	-5.000	0.097	-0.051	0.000
0.100	-5.000	0.099	-0.021	0.000
0.100	-5.000	0.100	0.008	0.000
0.100	-5.000	0.097	-0.051	0.000
0.100	-5.000	0.099	-0.021	0.000
0.100	-5.000	0.099	-0.021	0.000
0.100	-5.000	0.099	-0.021	0.000
0.100	-5.000	0.100	0.008	0.000
0.100	-5.000	0.100	0.008	0.000
0.100	-5.000	0.099	-0.021	0.000
0.100	-5.000	0.099	-0.021	0.000
0.100	-5.000	0.100	0.008	0.000
0.100	-5.000	0.097	-0.051	0.000
0.100	-5.000	0.100	0.008	0.000
0.100	-5.000	0.100	0.008	0.000
0.100	-5.000	0.100	0.008	0.000
0.100	-5.000	0.099	-0.021	0.000
0.100	-5.000	0.102	0.038	0.000
0.100	-5.000	0.100	0.008	0.000
0.100	-5.000	0.099	-0.021	0.000
0.100	-5.000	0.100	0.008	0.000
0.100	-5.000	0.100	0.008	0.000
0.100	-5.000	0.100	0.008	0.000
0.100	-5.000	0.097	-0.051	0.000
0.100	-5.000	0.102	0.038	0.000
0.100	-5.000	0.100	0.008	0.000
0.100	-5.000	0.100	0.008	0.000
0.100	-5.000	0.100	0.008	0.000
0.100	-5.000	0.099	-0.021	0.000
0.100	-5.000	0.099	-0.021	0.000
0.100	-5.000	0.100	0.008	0.000
0.100	-5.000	0.099	-0.021	0.000
0.100	-5.000	0.097	-0.051	0.000
0.100	-5.000	0.100	0.008	0.000
0.100	-5.000	0.100	0.008	0.000
0.100	-5.000	0.096	-0.080	0.000
0.100	-5.000	0.100	0.008	0.000
0.100	-5.000	0.100	0.008	0.000
0.100	-5.000	0.099	-0.021	0.000
0.100	-5.000	0.099	-0.021	0.000
0.100	-5.000	0.100	0.008	0.000
0.100	-5.000	0.099	-0.021	0.000
0.100	-5.000	0.100	0.008	0.000
0.100	-5.000	0.099	-0.021	0.000
0.100	-5.000	0.100	0.008	0.000
0.100	-5.000	0.100	0.008	0.000
0.100	-5.000	0.100	0.008	0.000
0.100	-5.000	0.099	-0.021	0.000
0.100	-5.000	0.100	0.008	0.000
0.100	-5.000	0.100	0.008	0.000
0.100	-5.000	0.099	-0.021	0.000
0.100	-5.000	0.099	-0.021	0.000
0.100	-5.000	0.099	-0.021	0.000
0.100	-5.000	0.100	0.008	0.000
0.100	-5.000	0.099	-0.021	0.000
0.100	-5.000	0.100	0.008	0.000
0.100	-5.000	0.099	-0.021	0.000
0.100	-5.000	0.100	0.008	0.000
0.100	-5.000	0.100	0.008	0.000
0.100	-5.000	0.099	-0.021	0.000
0.100	-5.000	0.099	-0.021	0.000
0.100	-5.000	0.099	-0.021	0.000
0.100	-5.000	0.100	0.008	0.000
0.100	-5.000	0.099	-0.021	0.000
0.100	-5.000	0.100	0.008	0.000
0.100	-5.000	0.099	-0.021	0.000
0.100	-5.000	0.100	0.008	0.000
0.100	-5.000	0.097	-0.051	0.000
0.100	-5.000	0.100	0.008	0.000
0.100	-5.000	0.099	-0.021	0.000
0.100	-5.000	0.099	-0.021	0.000
0.100	-5.000	0.102	0.038	0.000
0.100	-5.000	0.099	-0.021	0.000
0.100	-5.000	0.100	0.008	0.000
0.100	-5.000	0.100	0.008	0.000
0.100	-5.000	0.100	0.008	0.000
0.100	-5.000	0.100	0.008	0.000
0.100	-5.000	0.100	0.008	0.000
0.100	-5.000	0.099	-0.021	0.000
0.100	-5.000	0.100	0.008	0.000
0.100	-5.000	0.099	-0.021	0.000
0.100	-5.000	0.099	-0.021	0.000
0.100	-5.000	0.099	-0.021	0.000
0.100	-5.000	0.100	0.008	0.000
0.100	-5.000	0.100	0.008	0.000
0.100	-5.000	0.100	0.008	0.000
0.100	-5.000	0.100	0.008	0.000
0.100	-5.000	0.099	-0.021	0.000
0.100	-5.000	0.100	0.008	0.000
0.100	-5.000	0.099	-0.021	0.000
0.100	-5.000	0.100	0.008	0.000
0.100	-5.000	0.099	-0.021	0.000
0.100	-5.000	0.100	0.008	0.000
0.100	-5.000	0.100	0.008	0.000
0.100	-5.000	0.099	-0.021	0.000
0.100	-5.000	0.100	0.008	0.000
0.100	-5.000	0.099	-0.021	0.000
0.100	-5.000	0.100	0.008	0.000
0.100	-5.000	0.099	-0.021	0.000
0.100	-5.000	0.100	0.008	0.000
0.100	-5.000	0.102	0.038	0.000
0.100	-5.000	0.099	-0.021	0.000
0.100	-5.000	0.100	0.008	0.000
0.100	-5.000	0.096	-0.080	0.000
0.100	-5.000	0.100	0.008	0.000
0.100	-5.000	0.099	-0.021	0.000
0.100	-5.000	0.100	0.008	0.000
0.100	-5.000	0.100	0.008	0.000
0.100	-5.000	0.099	-0.021	0.000
0.100	-5.000	0.102	0.038	0.000
0.100	-5.000	0.099	-0.021	0.000
0.100	-5.000	0.099	-0.021	0.000
0.100	-5.000	0.099	-0.021	0.000
0.100	-5.000	0.099	-0.021	0.000
0.100	-5.000	0.099	-0.021	0.000
0.100	-5.000	0.099	-0.021	0.000
0.100	-5.000	0.099	-0.021	0.000
0.100	-5.000	0.100	0.008	0.000
0.100	-5.000	0.099	-0.021	0.000
0.100	-5.000	0.100	0.008	0.000
0.100	-5.000	0.100	0.008	0.000
0.100	-5.000	0.099	-0.021	0.000
0.100	-5.000	0.100	0.008	0.000
0.100	-5.000	0.100	0.008	0.000
0.100	-5.000	0.100	0.008	0.000
0.100	-5.000	0.100	0.008	0.000
0.100	-5.000	0.099	-0.021	0.000
0.100	-5.000	0.099	-0.021	0.000
0.100	-5.000	0.100	0.008	0.000
0.100	-5.000	0.100	0.008	0.000
0.100	-5.000	0.099	-0.021	0.000
0.100	-5.000	0.100	0.008	0.000
0.100	-5.000	0.100	0.008	0.000
0.100	-5.000	0.099	-0.021	0.000
0.100	-5.000	0.100	0.008	0.000
0.100	-5.000	0.100	0.008	0.000
0.100	-5.000	0.097	-0.051	0.000
0.100	-5.000	0.099	-0.021	0.000
0.100	-5.000	0.099	-0.021	0.000
0.100	-5.000	0.102	0.038	0.000
0.100	-5.000	0.102	0.038	0.000
0.100	-5.000	0.100	0.008	0.000
0.100	-5.000	0.100	0.008	0.000
0.100	-5.000	0.099	-0.021	0.000
0.100	-5.000	0.100	0.008	0.000
0.100	-5.000	0.099	-0.021	0.000
0.100	-5.000	0.099	-0.021	0.000
0.100	-5.000	0.100	0.008	0.000
0.100	-5.000	0.100	0.008	0.000
0.100	-5.000	0.100	0.008	0.000
0.100	-5.000	0.099	-0.021	0.000
0.100	-5.000	0.100	0.008	0.000
0.100	-5.000	0.097	-0.051	0.000
0.100	-5.000	0.100	0.008	0.000
0.100	-5.000	0.100	0.008	0.000
0.100	-5.000	0.100	0.008	0.000
0.100	-5.000	0.097	-0.051	0.000
0.100	-5.000	0.099	-0.021	0.000
0.100	-5.000	0.100	0.008	0.000
0.100	-5.000	0.097	-0.051	0.000
0.100	-5.000	0.099	-0.021	0.000
0.100	-5.000	0.099	-0.021	0.000
0.100	-5.000	0.100	0.008	0.000
0.100	-5.000	0.099	-0.021	0.000
0.100	-5.000	0.099	-0.021	0.000
0.100	-5.000	0.099	-0.021	0.000
0.100	-5.000	0.100	0.008	0.000
0.100	-5.000	0.099	-0.021	0.000
0.100	-5.000	0.100	0.008	0.000
0.100	-5.000	0.097	-0.051	0.000
0.100	-5.000	0.099	-0.021	0.000
0.100	-5.000	0.100	0.008	0.000
0.100	-5.000	0.099	-0.021	0.000
0.100	-5.000	0.100	0.008	0.000
0.100	-5.000	0.100	0.008	0.000
0.100	-5.000	0.100	0.008	0.000
0.100	-5.000	0.099	-0.021	0.000
0.100	-5.000	0.099	-0.021	0.000
0.100	-5.000	0.100	0.008	0.000
0.100	-5.000	0.100	0.008	0.000
0.100	-5.000	0.099	-0.021	0.000
0.100	-5.000	0.100	0.008	0.000
0.100	-5.000	0.099	-0.021	0.000
0.100	-5.000	0.099	-0.021	0.000
0.100	-5.000	0.100	0.008	0.000
0.100	-5.000	0.100	0.008	0.000
0.100	-5.000	0.099	-0.021	0.000
0.100	-5.000	0.102	0.038	0.000
0.100	-5.000	0.100	0.008	0.000
0.100	-5.000	0.100	0.008	0.000
0.100	-5.000	0.100	0.008	0.000
0.100	-5.000	0.100	0.008	0.000
0.100	-5.000	0.100	0.008	0.000
0.100	-5.000	0.099	-0.021	0.000
0.100	-5.000	0.099	-0.021	0.000
0.100	-5.000	0.099	-0.021	0.000
0.100	-5.000	0.100	0.008	0.000
0.100	-5.000	0.100	0.008	0.000
0.100	-5.000	0.099	-0.021	0.000
0.100	-5.000	0.099	-0.021	0.000
0.100	-5.000	0.102	0.038	0.000
0.100	-5.000	0.100	0.008	0.000
0.100	-5.000	0.099	-0.021	0.000
0.100	-5.000	0.102	0.038	0.000
0.100	-5.000	0.099	-0.021	0.000
0.100	-5.000	0.100	0.008	0.000
0.100	-5.000	0.100	0.008	0.000
0.100	-5.000	0.100	0.008	0.000
0.100	-5.000	0.100	0.008	0.000
0.100	-5.000	0.100	0.008	0.000
0.100	-5.000	0.100	0.008	0.000
0.100	-5.000	0.100	0.008	0.000
0.100	-5.000	0.100	0.008	0.000
0.100	-5.000	0.099	-0.021	0.000
0.100	-5.000	0.099	-0.021	0.000
0.100	-5.000	0.097	-0.051	0.000
0.100	-5.000	0.100	0.008	0.000
0.100	-5.000	0.102	0.038	0.000
0.100	-5.000	0.096	-0.080	0.000
0.100	-5.000	0.099	-0.021	0.000
0.100	-5.000	0.100	0.008	0.000
0.100	-5.000	0.100	0.008	0.000
0.100	-5.000	0.100	0.008	0.000
0.100	-5.000	0.100	0.008	0.000
0.100	-5.000	0.100	0.008	0.000
0.100	-5.000	0.099	-0.021	0.000
0.100	-5.000	0.099	-0.021	0.000
0.100	-5.000	0.100	0.008	0.000
0.100	-5.000	0.100	0.008	0.000
0.100	-5.000	0.100	0.008	0.000
0.100	-5.000	0.100	0.008	0.000
0.100	-5.000	0.100	0.008	0.000
0.100	-5.000	0.099	-0.021	0.000
0.100	-5.000	0.100	0.008	0.000
0.100	-5.000	0.100	0.008	0.000
0.100	-5.000	0.099	-0.021	0.000
0.100	-5.000	0.099	-0.021	0.000
0.100	-5.000	0.100	0.008	0.000
0.000	-5.000	0.100	2.008	0.000
0.000	-5.000	0.102	2.038	0.000
0.000	-5.000	0.102	2.038	0.000
0.000	-5.000	0.102	2.038	0.000
0.000	-5.000	0.102	2.038	0.000
0.000	-5.000	0.100	2.008	0.000
0.000	-5.000	0.100	2.008	0.000
0.000	-5.000	0.099	1.979	0.000
0.000	-5.000	0.097	1.949	0.000
0.000	-5.000	0.097	1.949	0.000
0.000	-5.000	0.095	1.890	0.000
0.000	-5.000	0.093	1.861	0.000
0.000	-5.000	0.093	1.861	0.000
0.000	-5.000	0.092	1.831	0.000
0.000	-5.000	0.090	1.801	0.000
0.000	-5.000	0.087	1.742	0.000
0.000	-5.000	0.086	1.713	0.000
0.000	-5.000	0.084	1.683	0.000
0.000	-5.000	0.083	1.654	0.000
0.000	-5.000	0.080	1.594	0.000
0.000	-5.000	0.078	1.565	0.000
0.000	-5.000	0.077	1.535	0.000
0.000	-5.000	0.075	1.506	0.000
0.000	-5.000	0.072	1.447	0.000
0.000	-5.000	0.072	1.447	0.000
0.000	-5.000	0.069	1.387	0.000
0.000	-5.000	0.068	1.358	0.000
0.000	-5.000	0.066	1.328	0.000
0.000	-5.000	0.063	1.269	0.000
0.000	-5.000	0.061	1.210	0.000
0.000	-5.000	0.058	1.151	0.000
0.000	-5.000	0.056	1.121	0.000
0.000	-5.000	0.055	1.092	0.000
0.000	-5.000	0.052	1.033	0.000
0.000	-5.000	0.052	1.033	0.000
0.000	-5.000	0.052	1.033	0.000
0.000	-5.000	0.049	0.974	0.000
0.000	-5.000	0.046	0.914	0.000
0.000	-5.000	0.044	0.885	0.000
0.000	-5.000	0.041	0.826	0.000
0.000	-5.000	0.040	0.796	0.000
0.000	-5.000	0.038	0.767	0.000
0.000	-5.000	0.037	0.737	0.000
0.000	-5.000	0.035	0.707	0.000
0.000	-5.000	0.032	0.648	0.000
0.000	-5.000	0.031	0.619	0.000
0.000	-5.000	0.031	0.619	0.000
0.000	-5.000	0.028	0.560	0.000
0.000	-5.000	0.028	0.560	0.000
0.000	-5.000	0.025	0.500	0.000
0.000	-5.000	0.025	0.500	0.000
0.000	-5.000	0.022	0.441	0.000
0.000	-5.000	0.022	0.441	0.000
0.000	-5.000	0.019	0.382	0.000
0.000	-5.000	0.018	0.353	0.000
0.000	-5.000	0.015	0.293	0.000
0.000	-5.000	0.016	0.323	0.000
0.000	-5.000	0.016	0.323	0.000
0.000	-5.000	0.013	0.264	0.000
0.000	-5.000	0.012	0.234	0.000
0.000	-5.000	0.010	0.205	0.000
0.000	-5.000	0.010	0.205	0.000
0.000	-5.000	0.009	0.175	0.000
0.000	-5.000	0.007	0.146	0.000
0.000	-5.000	0.007	0.146	0.000
0.000	-5.000	0.006	0.116	0.000
0.000	-5.000	0.007	0.146	0.000
0.000	-5.000	0.004	0.086	0.000
0.000	-5.000	0.004	0.086	0.000
0.000	-5.000	0.006	0.116	0.000
0.000	-5.000	0.004	0.086	0.000
0.000	-5.000	0.003	0.057	0.000
0.000	-5.000	0.003	0.057	0.000
0.000	-5.000	0.001	0.027	0.000
0.000	-5.000	0.001	0.027	0.000
0.000	-5.000	0.001	0.027	0.000
0.000	-5.000	-0.000	-0.002	0.000
0.000	-5.000	-0.002	-0.032	0.000
0.000	-5.000	-0.002	-0.032	0.000
0.000	-5.000	-0.002	-0.032	0.000
0.000	-5.000	-0.002	-0.032	0.000
0.000	-5.000	-0.002	-0.032	0.000
0.000	-5.000	-0.002	-0.032	0.000
0.000	-5.000	-0.003	-0.061	0.000
0.000	-5.000	-0.003	-0.061	0.000
0.000	-5.000	-0.005	-0.091	0.000
0.000	-5.000	-0.005	-0.091	0.000
0.000	-5.000	-0.002	-0.032	0.000
0.000	-5.000	-0.005	-0.091	0.000
0.000	-5.000	-0.005	-0.091	0.000
0.000	-5.000	-0.005	-0.091	0.000
0.000	-5.000	-0.005	-0.091	0.000
0.000	-5.000	-0.005	-0.091	0.000
0.000	-5.000	-0.005	-0.091	0.000
0.000	-5.000	-0.006	-0.120	0.000
0.000	-5.000	-0.006	-0.120	0.000
0.000	-5.000	-0.005	-0.091	0.000
0.000	-5.000	-0.005	-0.091	0.000
0.000	-5.000	-0.005	-0.091	0.000
0.000	-5.000	-0.003	-0.061	0.000
0.000	-5.000	-0.005	-0.091	0.000
0.000	-5.000	-0.005	-0.091	0.000
0.000	-5.000	-0.006	-0.120	0.000
0.000	-5.000	-0.006	-0.120	0.000
0.000	-5.000	-0.005	-0.091	0.000
0.000	-5.000	-0.008	-0.150	0.000
0.000	-5.000	-0.005	-0.091	0.000
0.000	-5.000	-0.006	-0.120	0.000
0.000	-5.000	-0.005	-0.091	0.000
0.000	-5.000	-0.005	-0.091	0.000
0.000	-5.000	-0.005	-0.091	0.000
0.000	-5.000	-0.005	-0.091	0.000
0.000	-5.000	-0.005	-0.091	0.000
0.000	-5.000	-0.005	-0.091	0.000
0.000	-5.000	-0.005	-0.091	0.000
0.000	-5.000	-0.005	-0.091	0.000
0.000	-5.000	-0.005	-0.091	0.000
0.000	-5.000	-0.003	-0.061	0.000
0.000	-5.000	-0.005	-0.091	0.000
0.000	-5.000	-0.005	-0.091	0.000
0.000	-5.000	-0.005	-0.091	0.000
0.000	-5.000	-0.002	-0.032	0.000
0.000	-5.000	-0.005	-0.091	0.000
0.000	-5.000	-0.005	-0.091	0.000
0.000	-5.000	-0.005	-0.091	0.000
0.000	-5.000	-0.005	-0.091	0.000
0.000	-5.000	-0.005	-0.091	0.000
0.000	-5.000	-0.005	-0.091	0.000
0.000	-5.000	-0.005	-0.091	0.000
0.000	-5.000	-0.005	-0.091	0.000
0.000	-5.000	-0.005	-0.091	0.000
0.000	-5.000	-0.005	-0.091	0.000
0.000	-5.000	-0.005	-0.091	0.000
0.000	-5.000	-0.006	-0.120	0.000
0.000	-5.000	-0.006	-0.120	0.000
0.000	-5.000	-0.005	-0.091	0.000
0.000	-5.000	-0.005	-0.091	0.000
0.000	-5.000	-0.003	-0.061	0.000
0.000	-5.000	-0.005	-0.091	0.000
0.000	-5.000	-0.005	-0.091	0.000
0.000	-5.000	-0.005	-0.091	0.000
0.000	-5.000	-0.005	-0.091	0.000
0.000	-5.000	-0.006	-0.120	0.000
0.000	-5.000	-0.005	-0.091	0.000
0.000	-5.000	-0.003	-0.061	0.000
0.000	-5.000	-0.005	-0.091	0.000
0.000	-5.000	-0.005	-0.091	0.000
0.000	-5.000	-0.006	-0.120	0.000
0.000	-5.000	-0.005	-0.091	0.000
0.000	-5.000	-0.005	-0.091	0.000
0.000	-5.000	-0.005	-0.091	0.000
0.000	-5.000	-0.006	-0.120	0.000
0.000	-5.000	-0.005	-0.091	0.000
0.000	-5.000	-0.006	-0.120	0.000
0.000	-5.000	-0.005	-0.091	0.000
0.000	-5.000	-0.005	-0.091	0.000
0.000	-5.000	-0.003	-0.061	0.000
0.000	-5.000	-0.005	-0.091	0.000
0.000	-5.000	-0.005	-0.091	0.000
0.000	-5.000	-0.005	-0.091	0.000
0.000	-5.000	-0.005	-0.091	0.000
0.000	-5.000	-0.005	-0.091	0.000
0.000	-5.000	-0.005	-0.091	0.000
0.000	-5.000	-0.005	-0.091	0.000
0.000	-5.000	-0.005	-0.091	0.000
0.000	-5.000	-0.003	-0.061	0.000
0.000	-5.000	-0.005	-0.091	0.000
0.000	-5.000	-0.005	-0.091	0.000
0.000	-5.000	-0.005	-0.091	0.000
0.000	-5.000	-0.005	-0.091	0.000
0.000	-5.000	-0.005	-0.091	0.000
0.000	-5.000	-0.005	-0.091	0.000
0.000	-5.000	-0.006	-0.120	0.000
0.000	-5.000	-0.005	-0.091	0.000
0.000	-5.000	-0.006	-0.120	0.000
0.000	-5.000	-0.005	-0.091	0.000
0.000	-5.000	-0.005	-0.091	0.000
0.000	-5.000	-0.006	-0.120	0.000
0.000	-5.000	-0.006	-0.120	0.000
0.000	-5.000	-0.005	-0.091	0.000
0.000	-5.000	-0.005	-0.091	0.000
0.000	-5.000	-0.005	-0.091	0.000
0.000	-5.000	-0.005	-0.091	0.000
0.000	-5.000	-0.006	-0.120	0.000
0.000	-5.000	-0.005	-0.091	0.000
0.000	-5.000	-0.005	-0.091	0.000
0.000	-5.000	-0.005	-0.091	0.000
0.000	-5.000	-0.005	-0.091	0.000
0.000	-5.000	-0.003	-0.061	0.000
0.000	-5.000	-0.005	-0.091	0.000
0.000	-5.000	-0.006	-0.120	0.000
0.000	-5.000	-0.006	-0.120	0.000
0.000	-5.000	-0.005	-0.091	0.000
0.000	-5.000	-0.005	-0.091	0.000
0.000	-5.000	-0.005	-0.091	0.000
0.000	-5.000	-0.005	-0.091	0.000
0.000	-5.000	-0.003	-0.061	0.000
0.000	-5.000	-0.005	-0.091	0.000
0.000	-5.000	-0.002	-0.032	0.000
0.000	-5.000	-0.005	-0.091	0.000
0.000	-5.000	-0.005	-0.091	0.000
0.000	-5.000	-0.003	-0.061	0.000
0.000	-5.000	-0.005	-0.091	0.000
0.000	-5.000	-0.002	-0.032	0.000
0.000	-5.000	-0.003	-0.061	0.000
0.000	-5.000	-0.003	-0.061	0.000
0.000	-5.000	-0.003	-0.061	0.000
0.000	-5.000	-0.002	-0.032	0.000
0.000	-5.000	-0.003	-0.061	0.000
0.000	-5.000	-0.003	-0.061	0.000
0.000	-5.000	-0.005	-0.091	0.000
0.000	-5.000	-0.003	-0.061	0.000
0.000	-5.000	-0.003	-0.061	0.000
0.000	-5.000	-0.003	-0.061	0.000
0.000	-5.000	-0.005	-0.091	0.000
0.000	-5.000	-0.002	-0.032	0.000
0.000	-5.000	-0.003	-0.061	0.000
0.000	-5.000	-0.003	-0.061	0.000
0.000	-5.000	-0.002	-0.032	0.000
0.000	-5.000	-0.002	-0.032	0.000
0.000	-5.000	-0.002	-0.032	0.000
0.000	-5.000	-0.002	-0.032	0.000
0.000	-5.000	-0.002	-0.032	0.000
0.000	-5.000	-0.002	-0.032	0.000
0.000	-5.000	-0.002	-0.032	0.000
0.000	-5.000	-0.003	-0.061	0.000
0.000	-5.000	-0.002	-0.032	0.000
0.000	-5.000	-0.002	-0.032	0.000
0.000	-5.000	-0.002	-0.032	0.000
0.000	-5.000	-0.002	-0.032	0.000
0.000	-5.000	-0.002	-0.032	0.000
0.000	-5.000	-0.002	-0.032	0.000
0.000	-5.000	-0.002	-0.032	0.000
0.000	-5.000	-0.003	-0.061	0.000
0.000	-5.000	-0.002	-0.032	0.000
0.000	-5.000	-0.002	-0.032	0.000
0.000	-5.000	-0.002	-0.032	0.000
0.000	-5.000	-0.002	-0.032	0.000
0.000	-5.000	-0.002	-0.032	0.000
0.000	-5.000	-0.003	-0.061	0.000
0.000	-5.000	-0.003	-0.061	0.000
0.000	-5.000	-0.002	-0.032	0.000
0.000	-5.000	-0.002	-0.032	0.000
0.000	-5.000	-0.002	-0.032	0.000
0.000	-5.000	-0.002	-0.032	0.000
0.000	-5.000	-0.002	-0.032	0.000
0.000	-5.000	-0.000	-0.002	0.000
0.000	-5.000	-0.002	-0.032	0.000
0.000	-5.000	-0.003	-0.061	0.000
0.000	-5.000	-0.002	-0.032	0.000
0.000	-5.000	-0.002	-0.032	0.000
0.000	-5.000	-0.002	-0.032	0.000
0.000	-5.000	-0.002	-0.032	0.000
0.000	-5.000	-0.000	-0.002	0.000
0.000	-5.000	-0.002	-0.032	0.000
0.000	-5.000	-0.005	-0.091	0.000
0.000	-5.000	-0.002	-0.032	0.000
0.000	-5.000	-0.002	-0.032	0.000
0.000	-5.000	-0.003	-0.061	0.000
0.000	-5.000	-0.003	-0.061	0.000
0.000	-5.000	-0.002	-0.032	0.000
0.000	-5.000	-0.002	-0.032	0.000
0.000	-5.000	-0.002	-0.032	0.000
0.000	-5.000	-0.002	-0.032	0.000
0.000	-5.000	-0.003	-0.061	0.000
0.000	-5.000	-0.003	-0.061	0.000
0.000	-5.000	-0.002	-0.032	0.000
0.000	-5.000	-0.003	-0.061	0.000
0.000	-5.000	-0.002	-0.032	0.000
0.000	-5.000	-0.002	-0.032	0.000
0.000	-5.000	-0.002	-0.032	0.000
0.000	-5.000	-0.002	-0.032	0.000
0.000	-5.000	-0.002	-0.032	0.000
0.000	-5.000	-0.002	-0.032	0.000
0.000	-5.000	-0.005	-0.091	0.000
0.000	-5.000	-0.002	-0.032	0.000
0.000	-5.000	-0.002	-0.032	0.000
0.000	-5.000	-0.002	-0.032	0.000
0.000	-5.000	-0.002	-0.032	0.000
0.000	-5.000	-0.003	-0.061	0.000
0.000	-5.000	-0.002	-0.032	0.000
0.000	-5.000	-0.002	-0.032	0.000
0.000	-5.000	-0.002	-0.032	0.000
0.000	-5.000	-0.003	-0.061	0.000
0.000	-5.000	-0.002	-0.032	0.000
0.000	-5.000	-0.002	-0.032	0.000
0.000	-5.000	-0.003	-0.061	0.000
0.000	-5.000	-0.002	-0.032	0.000
0.000	-5.000	-0.002	-0.032	0.000
0.000	-5.000	-0.002	-0.032	0.000
0.000	-5.000	-0.002	-0.032	0.000
0.000	-5.000	-0.002	-0.032	0.000
0.000	-5.000	-0.002	-0.032	0.000
0.000	-5.000	-0.002	-0.032	0.000
0.000	-5.000	-0.002	-0.032	0.000
0.000	-5.000	-0.003	-0.061	0.000
0.000	-5.000	-0.002	-0.032	0.000
0.000	-5.000	-0.002	-0.032	0.000
0.000	-5.000	-0.002	-0.032	0.000
0.000	-5.000	-0.002	-0.032	0.000
0.000	-5.000	-0.002	-0.032	0.000
0.000	-5.000	-0.002	-0.032	0.000
0.000	-5.000	-0.002	-0.032	0.000
0.000	-5.000	-0.002	-0.032	0.000
0.000	-5.000	-0.002	-0.032	0.000
0.000	-5.000	-0.002	-0.032	0.000
0.000	-5.000	-0.003	-0.061	0.000
0.000	-5.000	-0.002	-0.032	0.000
0.000	-5.000	-0.002	-0.032	0.000
0.000	-5.000	-0.002	-0.032	0.000
0.000	-5.000	-0.002	-0.032	0.000
0.000	-5.000	-0.002	-0.032	0.000
0.000	-5.000	-0.002	-0.032	0.000
0.000	-5.000	-0.002	-0.032	0.000
0.000	-5.000	-0.002	-0.032	0.000
0.000	-5.000	-0.002	-0.032	0.000
0.000	-5.000	-0.002	-0.032	0.000
0.000	-5.000	-0.002	-0.032	0.000
0.000	-5.000	-0.000	-0.002	0.000
0.000	-5.000	-0.003	-0.061	0.000
0.000	-5.000	-0.003	-0.061	0.000
0.000	-5.000	-0.002	-0.032	0.000
0.000	-5.000	-0.003	-0.061	0.000
0.000	-5.000	-0.003	-0.061	0.000
0.000	-5.000	-0.002	-0.032	0.000
0.000	-5.000	-0.002	-0.032	0.000
0.000	-5.000	-0.003	-0.061	0.000
0.000	-5.000	-0.003	-0.061	0.000
0.000	-5.000	-0.000	-0.002	0.000
0.000	-5.000	-0.003	-0.061	0.000
0.000	-5.000	-0.002	-0.032	0.000
0.000	-5.000	-0.002	-0.032	0.000
0.000	-5.000	-0.002	-0.032	0.000
0.000	-5.000	-0.002	-0.032	0.000
0.000	-5.000	-0.002	-0.032	0.000
0.000	-5.000	-0.002	-0.032	0.000
0.000	-5.000	-0.002	-0.032	0.000
0.000	-5.000	-0.002	-0.032	0.000
0.000	-5.000	-0.002	-0.032	0.000
0.000	-5.000	-0.002	-0.032	0.000
0.000	-5.000	-0.002	-0.032	0.000
0.000	-5.000	-0.002	-0.032	0.000
0.000	-5.000	-0.002	-0.032	0.000
0.000	-5.000	-0.002	-0.032	0.000
0.000	-5.000	-0.002	-0.032	0.000
0.000	-5.000	-0.002	-0.032	0.000
0.000	-5.000	-0.002	-0.032	0.000
0.000	-5.000	-0.003	-0.061	0.000
0.000	-5.000	-0.002	-0.032	0.000
0.000	-5.000	-0.002	-0.032	0.000
0.000	-5.000	-0.002	-0.032	0.000
0.000	-5.000	-0.002	-0.032	0.000
0.000	-5.000	-0.002	-0.032	0.000
0.000	-5.000	-0.002	-0.032	0.000
0.000	-5.000	-0.002	-0.032	0.000
0.000	-5.000	-0.003	-0.061	0.000
0.000	-5.000	-0.002	-0.032	0.000
0.000	-5.000	-0.002	-0.032	0.000
0.000	-5.000	-0.002	-0.032	0.000
0.000	-5.000	-0.002	-0.032	0.000
0.000	-5.000	-0.002	-0.032	0.000
0.000	-5.000	-0.000	-0.002	0.000
0.000	-5.000	-0.002	-0.032	0.000
0.000	-5.000	-0.002	-0.032	0.000
0.000	-5.000	-0.002	-0.032	0.000
0.000	-5.000	-0.002	-0.032	0.000
0.000	-5.000	-0.002	-0.032	0.000
0.000	-5.000	-0.002	-0.032	0.000
0.000	-5.000	-0.002	-0.032	0.000
0.000	-5.000	-0.002	-0.032	0.000
0.000	-5.000	-0.002	-0.032	0.000
0.000	-5.000	-0.002	-0.032	0.000
0.000	-5.000	-0.005	-0.091	0.000
0.000	-5.000	-0.003	-0.061	0.000
0.000	-5.000	-0.002	-0.032	0.000
0.000	-5.000	-0.002	-0.032	0.000
0.000	-5.000	-0.002	-0.032	0.000
0.000	-5.000	-0.002	-0.032	0.000
0.000	-5.000	-0.002	-0.032	0.000
0.000	-5.000	-0.002	-0.032	0.000
0.000	-5.000	-0.000	-0.002	0.000
0.000	-5.000	-0.002	-0.032	0.000
0.000	-5.000	-0.002	-0.032	0.000
0.000	-5.000	-0.002	-0.032	0.000
0.000	-5.000	-0.002	-0.032	0.000
0.000	-5.000	-0.002	-0.032	0.000
0.000	-5.000	-0.002	-0.032	0.000
0.000	-5.000	-0.002	-0.032	0.000
0.000	-5.000	-0.002	-0.032	0.000
0.000	-5.000	-0.002	-0.032	0.000
0.000	-5.000	-0.002	-0.032	0.000
0.000	-5.000	-0.002	-0.032	0.000
0.000	-5.000	-0.002	-0.032	0.000
0.000	-5.000	-0.002	-0.032	0.000
0.000	-5.000	-0.003	-0.061	0.000
0.000	-5.000	-0.002	-0.032	0.000
0.000	-5.000	-0.002	-0.032	0.000
0.000	-5.000	-0.002	-0.032	0.000
0.000	-5.000	-0.002	-0.032	0.000
0.000	-5.000	-0.002	-0.032	0.000
0.000	-5.000	-0.002	-0.032	0.000
0.000	-5.000	-0.002	-0.032	0.000
0.000	-5.000	-0.002	-0.032	0.000
0.000	-5.000	-0.002	-0.032	0.000
0.000	-5.000	-0.002	-0.032	0.000
0.000	-5.000	-0.005	-0.091	0.000
0.000	-5.000	-0.002	-0.032	0.000
0.000	-5.000	-0.002	-0.032	0.000
0.000	-5.000	-0.002	-0.032	0.000
0.000	-5.000	-0.003	-0.061	0.000
0.000	-5.000	-0.002	-0.032	0.000
0.000	-5.000	-0.002	-0.032	0.000
0.000	-5.000	-0.002	-0.032	0.000
0.000	-5.000	-0.002	-0.032	0.000
0.000	-5.000	-0.002	-0.032	0.000
0.000	-5.000	-0.002	-0.032	0.000
0.000	-5.000	-0.003	-0.061	0.000
0.000	-5.000	-0.005	-0.091	0.000
0.000	-5.000	-0.002	-0.032	0.000
0.000	-5.000	-0.002	-0.032	0.000
0.000	-5.000	-0.002	-0.032	0.000
0.000	-5.000	-0.002	-0.032	0.000
0.000	-5.000	-0.002	-0.032	0.000
0.000	-5.000	-0.002	-0.032	0.000
0.000	-5.000	-0.002	-0.032	0.000
0.000	-5.000	-0.002	-0.032	0.000
0.000	-5.000	-0.002	-0.032	0.000
0.000	-5.000	-0.002	-0.032	0.000
0.000	-5.000	-0.003	-0.061	0.000
0.000	-5.000	-0.002	-0.032	0.000
0.000	-5.000	-0.003	-0.061	0.000
0.000	-5.000	-0.002	-0.032	0.000
0.000	-5.000	-0.002	-0.032	0.000
0.000	-5.000	-0.002	-0.032	0.000
0.000	-5.000	-0.002	-0.032	0.000
0.000	-5.000	-0.002	-0.032	0.000
0.000	-5.000	-0.002	-0.032	0.000
0.000	-5.000	-0.002	-0.032	0.000
0.000	-5.000	-0.002	-0.032	0.000
0.000	-5.000	-0.002	-0.032	0.000
0.000	-5.000	-0.002	-0.032	0.000
0.000	-5.000	-0.002	-0.032	0.000
0.000	-5.000	-0.003	-0.061	0.000
0.000	-5.000	-0.003	-0.061	0.000
0.000	-5.000	-0.002	-0.032	0.000
0.000	-5.000	-0.002	-0.032	0.000
0.000	-5.000	-0.002	-0.032	0.000
0.000	-5.000	-0.002	-0.032	0.000
0.000	-5.000	-0.002	-0.032	0.000
0.000	-5.000	-0.002	-0.032	0.000
0.000	-5.000	-0.002	-0.032	0.000
0.000	-5.000	-0.003	-0.061	0.000
0.000	-5.000	-0.002	-0.032	0.000
0.000	-5.000	-0.002	-0.032	0.000
0.000	-5.000	-0.002	-0.032	0.000
0.000	-5.000	-0.002	-0.032	0.000
0.000	-5.000	-0.002	-0.032	0.000
0.000	-5.000	-0.002	-0.032	0.000
0.000	-5.000	-0.002	-0.032	0.000
0.000	-5.000	-0.003	-0.061	0.000
0.000	-5.000	-0.002	-0.032	0.000
0.000	-5.000	-0.002	-0.032	0.000
0.000	-5.000	-0.002	-0.032	0.000
0.000	-5.000	-0.003	-0.061	0.000
0.000	-5.000	-0.002	-0.032	0.000
0.000	-5.000	-0.002	-0.032	0.000
0.000	-5.000	-0.002	-0.032	0.000
0.000	-5.000	-0.002	-0.032	0.000
0.000	-5.000	-0.002	-0.032	0.000
0.000	-5.000	-0.002	-0.032	0.000
0.000	-5.000	-0.002	-0.032	0.000
0.000	-5.000	-0.002	-0.032	0.000
0.000	-5.000	-0.002	-0.032	0.000
0.000	-5.000	-0.003	-0.061	0.000
0.000	-5.000	-0.003	-0.061	0.000
0.000	-5.000	-0.002	-0.032	0.000
0.000	-5.000	-0.002	-0.032	0.000
0.000	-5.000	-0.002	-0.032	0.000
0.000	-5.000	-0.002	-0.032	0.000
0.000	-5.000	-0.002	-0.032	0.000
0.000	-5.000	-0.002	-0.032	0.000
0.000	-5.000	-0.002	-0.032	0.000
0.000	-5.000	-0.002	-0.032	0.000
0.000	-5.000	-0.002	-0.032	0.000
0.000	-5.000	-0.002	-0.032	0.000
0.000	-5.000	-0.002	-0.032	0.000
0.000	-5.000	-0.003	-0.061	0.000
0.000	-5.000	-0.002	-0.032	0.000
0.000	-5.000	-0.002	-0.032	0.000
0.000	-5.000	-0.002	-0.032	0.000
0.000	-5.000	-0.002	-0.032	0.000
0.000	-5.000	-0.000	-0.002	0.000
0.000	-5.000	-0.003	-0.061	0.000
0.000	-5.000	-0.002	-0.032	0.000
0.000	-5.000	-0.002	-0.032	0.000
0.000	-5.000	-0.002	-0.032	0.000
0.000	-5.000	-0.002	-0.032	0.000
0.000	-5.000	-0.002	-0.032	0.000
0.000	-5.000	-0.002	-0.032	0.000
0.000	-5.000	-0.002	-0.032	0.000
0.100	-5.000	-0.002	-2.032	0.000
0.100	-5.000	-0.003	-2.061	0.000
0.100	-5.000	-0.002	-2.032	0.000
0.100	-5.000	-0.005	-2.091	0.000
0.100	-5.000	-0.003	-2.061	0.000
0.100	-5.000	-0.002	-2.032	0.000
0.100	-5.000	-0.002	-2.032	0.000
0.100	-5.000	-0.002	-2.032	0.000
0.100	-5.000	0.001	-1.973	0.000
0.100	-5.000	0.003	-1.943	0.000
0.100	-5.000	0.004	-1.914	0.000
0.100	-5.000	0.004	-1.914	0.000
0.100	-5.000	0.006	-1.884	0.000
0.100	-5.000	0.007	-1.854	0.000
0.100	-5.000	0.009	-1.825	0.000
0.100	-5.000	0.010	-1.795	0.000
0.100	-5.000	0.010	-1.795	0.000
0.100	-5.000	0.013	-1.736	0.000
0.100	-5.000	0.016	-1.677	0.000
0.100	-5.000	0.018	-1.647	0.000
0.100	-5.000	0.019	-1.618	0.000
0.100	-5.000	0.021	-1.588	0.000
0.100	-5.000	0.022	-1.559	0.000
0.100	-5.000	0.024	-1.529	0.000
0.100	-5.000	0.025	-1.500	0.000
0.100	-5.000	0.028	-1.440	0.000
0.100	-5.000	0.029	-1.411	0.000
0.100	-5.000	0.032	-1.352	0.000
0.100	-5.000	0.035	-1.293	0.000
0.100	-5.000	0.037	-1.263	0.000
0.100	-5.000	0.038	-1.233	0.000
0.100	-5.000	0.043	-1.145	0.000
0.100	-5.000	0.043	-1.145	0.000
0.100	-5.000	0.044	-1.115	0.000
0.100	-5.000	0.049	-1.026	0.000
0.100	-5.000	0.049	-1.026	0.000
0.100	-5.000	0.049	-1.026	0.000
0.100	-5.000	0.053	-0.938	0.000
0.100	-5.000	0.056	-0.879	0.000
0.100	-5.000	0.058	-0.849	0.000
0.100	-5.000	0.059	-0.820	0.000
0.100	-5.000	0.059	-0.820	0.000
0.100	-5.000	0.061	-0.790	0.000
0.100	-5.000	0.063	-0.731	0.000
0.100	-5.000	0.066	-0.672	0.000
0.100	-5.000	0.068	-0.642	0.000
0.100	-5.000	0.069	-0.613	0.000
0.100	-5.000	0.072	-0.553	0.000
0.100	-5.000	0.075	-0.494	0.000
0.100	-5.000	0.075	-0.494	0.000
0.100	-5.000	0.078	-0.435	0.000
0.100	-5.000	0.078	-0.435	0.000
0.100	-5.000	0.081	-0.376	0.000
0.100	-5.000	0.081	-0.376	0.000
0.100	-5.000	0.081	-0.376	0.000
0.100	-5.000	0.084	-0.317	0.000
0.100	-5.000	0.084	-0.317	0.000
0.100	-5.000	0.087	-0.258	0.000
0.100	-5.000	0.089	-0.228	0.000
0.100	-5.000	0.090	-0.199	0.000
0.100	-5.000	0.090	-0.199	0.000
0.100	-5.000	0.093	-0.139	0.000
0.100	-5.000	0.093	-0.139	0.000
0.100	-5.000	0.093	-0.139	0.000
0.100	-5.000	0.093	-0.139	0.000
0.100	-5.000	0.093	-0.139	0.000
0.100	-5.000	0.096	-0.080	0.000
0.100	-5.000	0.097	-0.051	0.000
0.100	-5.000	0.097	-0.051	0.000
0.100	-5.000	0.099	-0.021	0.000
0.100	-5.000	0.099	-0.021	0.000
0.100	-5.000	0.100	0.008	0.000
0.100	-5.000	0.100	0.008	0.000
0.100	-5.000	0.102	0.038	0.000
0.100	-5.000	0.102	0.038	0.000
0.100	-5.000	0.102	0.038	0.000
0.100	-5.000	0.105	0.097	0.000
0.100	-5.000	0.103	0.068	0.000
0.100	-5.000	0.105	0.097	0.000
0.100	-5.000	0.105	0.097	0.000
0.100	-5.000	0.105	0.097	0.000
0.100	-5.000	0.105	0.097	0.000
0.100	-5.000	0.105	0.097	0.000
0.100	-5.000	0.105	0.097	0.000
0.100	-5.000	0.106	0.127	0.000
0.100	-5.000	0.105	0.097	0.000
0.100	-5.000	0.105	0.097	0.000
0.100	-5.000	0.105	0.097	0.000
0.100	-5.000	0.108	0.156	0.000
0.100	-5.000	0.105	0.097	0.000
0.100	-5.000	0.106	0.127	0.000
0.100	-5.000	0.106	0.127	0.000
0.100	-5.000	0.108	0.156	0.000
0.100	-5.000	0.106	0.127	0.000
0.100	-5.000	0.108	0.156	0.000
0.100	-5.000	0.108	0.156	0.000
0.100	-5.000	0.105	0.097	0.000
0.100	-5.000	0.106	0.127	0.000
0.100	-5.000	0.108	0.156	0.000
0.100	-5.000	0.108	0.156	0.000
0.100	-5.000	0.108	0.156	0.000
0.100	-5.000	0.105	0.097	0.000
0.100	-5.000	0.108	0.156	0.000
0.100	-5.000	0.105	0.097	0.000
0.100	-5.000	0.108	0.156	0.000
0.100	-5.000	0.106	0.127	0.000
0.100	-5.000	0.106	0.127	0.000
0.100	-5.000	0.108	0.156	0.000
0.100	-5.000	0.105	0.097	0.000
0.100	-5.000	0.108	0.156	0.000
0.100	-5.000	0.108	0.156	0.000
0.100	-5.000	0.108	0.156	0.000
0.100	-5.000	0.108	0.156	0.000
0.100	-5.000	0.105	0.097	0.000
0.100	-5.000	0.108	0.156	0.000
0.100	-5.000	0.105	0.097	0.000
0.100	-5.000	0.106	0.127	0.000
0.100	-5.000	0.106	0.127	0.000
0.100	-5.000	0.108	0.156	0.000
0.100	-5.000	0.105	0.097	0.000
0.100	-5.000	0.108	0.156	0.000
0.100	-5.000	0.108	0.156	0.000
0.100	-5.000	0.105	0.097	0.000
0.100	-5.000	0.106	0.127	0.000
0.100	-5.000	0.106	0.127	0.000
0.100	-5.000	0.105	0.097	0.000
0.100	-5.000	0.105	0.097	0.000
0.100	-5.000	0.108	0.156	0.000
0.100	-5.000	0.105	0.097	0.000
0.100	-5.000	0.108	0.156	0.000
0.100	-5.000	0.108	0.156	0.000
0.100	-5.000	0.108	0.156	0.000
0.100	-5.000	0.108	0.156	0.000
0.100	-5.000	0.106	0.127	0.000
0.100	-5.000	0.108	0.156	0.000
0.100	-5.000	0.106	0.127	0.000
0.100	-5.000	0.106	0.127	0.000
0.100	-5.000	0.108	0.156	0.000
0.100	-5.000	0.108	0.156	0.000
0.100	-5.000	0.105	0.097	0.000
0.100	-5.000	0.106	0.127	0.000
0.100	-5.000	0.108	0.156	0.000
0.100	-5.000	0.105	0.097	0.000
0.100	-5.000	0.105	0.097	0.000
0.100	-5.000	0.108	0.156	0.000
0.100	-5.000	0.108	0.156	0.000
0.100	-5.000	0.106	0.127	0.000
0.100	-5.000	0.106	0.127	0.000
0.100	-5.000	0.108	0.156	0.000
0.100	-5.000	0.106	0.127	0.000
0.100	-5.000	0.108	0.156	0.000
0.100	-5.000	0.106	0.127	0.000
0.100	-5.000	0.108	0.156	0.000
0.100	-5.000	0.105	0.097	0.000
0.100	-5.000	0.108	0.156	0.000
0.100	-5.000	0.106	0.127	0.000
0.100	-5.000	0.108	0.156	0.000
0.100	-5.000	0.108	0.156	0.000
0.100	-5.000	0.106	0.127	0.000
0.100	-5.000	0.106	0.127	0.000
0.100	-5.000	0.106	0.127	0.000
0.100	-5.000	0.108	0.156	0.000
0.100	-5.000	0.105	0.097	0.000
0.100	-5.000	0.105	0.097	0.000
0.100	-5.000	0.105	0.097	0.000
0.100	-5.000	0.108	0.156	0.000
0.100	-5.000	0.105	0.097	0.000
0.100	-5.000	0.105	0.097	0.000
0.100	-5.000	0.105	0.097	0.000
0.100	-5.000	0.105	0.097	0.000
0.100	-5.000	0.105	0.097	0.000
0.100	-5.000	0.105	0.097	0.000
0.100	-5.000	0.105	0.097	0.000
0.100	-5.000	0.105	0.097	0.000
0.100	-5.000	0.105	0.097	0.000
0.100	-5.000	0.105	0.097	0.000
0.100	-5.000	0.105	0.097	0.000
0.100	-5.000	0.103	0.068	0.000
0.100	-5.000	0.103	0.068	0.000
0.100	-5.000	0.105	0.097	0.000
0.100	-5.000	0.105	0.097	0.000
0.100	-5.000	0.103	0.068	0.000
0.100	-5.000	0.102	0.038	0.000
0.100	-5.000	0.105	0.097	0.000
0.100	-5.000	0.105	0.097	0.000
0.100	-5.000	0.100	0.008	0.000
0.100	-5.000	0.103	0.068	0.000
0.100	-5.000	0.102	0.038	0.000
0.100	-5.000	0.103	0.068	0.000
0.100	-5.000	0.102	0.038	0.000
0.100	-5.000	0.102	0.038	0.000
0.100	-5.000	0.100	0.008	0.000
0.100	-5.000	0.103	0.068	0.000
0.100	-5.000	0.103	0.068	0.000
0.100	-5.000	0.102	0.038	0.000
0.100	-5.000	0.102	0.038	0.000
0.100	-5.000	0.102	0.038	0.000
0.100	-5.000	0.102	0.038	0.000
0.100	-5.000	0.102	0.038	0.000
0.100	-5.000	0.102	0.038	0.000
0.100	-5.000	0.102	0.038	0.000
0.100	-5.000	0.102	0.038	0.000
0.100	-5.000	0.102	0.038	0.000
0.100	-5.000	0.102	0.038	0.000
0.100	-5.000	0.102	0.038	0.000
0.100	-5.000	0.103	0.068	0.000
0.100	-5.000	0.102	0.038	0.000
0.100	-5.000	0.100	0.008	0.000
0.100	-5.000	0.102	0.038	0.000
0.100	-5.000	0.102	0.038	0.000
0.100	-5.000	0.102	0.038	0.000
0.100	-5.000	0.102	0.038	0.000
0.100	-5.000	0.103	0.068	0.000
0.100	-5.000	0.102	0.038	0.000
0.100	-5.000	0.102	0.038	0.000
0.100	-5.000	0.102	0.038	0.000
0.100	-5.000	0.100	0.008	0.000
0.100	-5.000	0.102	0.038	0.000
0.100	-5.000	0.102	0.038	0.000
0.100	-5.000	0.102	0.038	0.000
0.100	-5.000	0.102	0.038	0.000
0.100	-5.000	0.100	0.008	0.000
0.100	-5.000	0.102	0.038	0.000
0.100	-5.000	0.100	0.008	0.000
0.100	-5.000	0.102	0.038	0.000
0.100	-5.000	0.100	0.008	0.000
0.100	-5.000	0.102	0.038	0.000
0.100	-5.000	0.099	-0.021	0.000
0.100	-5.000	0.102	0.038	0.000
0.100	-5.000	0.099	-0.021	0.000
0.100	-5.000	0.102	0.038	0.000
0.100	-5.000	0.100	0.008	0.000
0.100	-5.000	0.102	0.038	0.000
0.100	-5.000	0.102	0.038	0.000
0.100	-5.000	0.099	-0.021	0.000
0.100	-5.000	0.102	0.038	0.000
0.100	-5.000	0.102	0.038	0.000
0.100	-5.000	0.100	0.008	0.000
0.100	-5.000	0.102	0.038	0.000
0.100	-5.000	0.103	0.068	0.000
0.100	-5.000	0.102	0.038	0.000
0.100	-5.000	0.102	0.038	0.000
0.100	-5.000	0.102	0.038	0.000
0.100	-5.000	0.102	0.038	0.000
0.100	-5.000	0.100	0.008	0.000
0.100	-5.000	0.102	0.038	0.000
0.100	-5.000	0.102	0.038	0.000
0.100	-5.000	0.102	0.038	0.000
0.100	-5.000	0.102	0.038	0.000
0.100	-5.000	0.102	0.038	0.000
0.100	-5.000	0.102	0.038	0.000
0.100	-5.000	0.102	0.038	0.000
0.100	-5.000	0.100	0.008	0.000
0.100	-5.000	0.100	0.008	0.000
0.100	-5.000	0.102	0.038	0.000
0.100	-5.000	0.102	0.038	0.000
0.100	-5.000	0.102	0.038	0.000
0.100	-5.000	0.102	0.038	0.000
0.100	-5.000	0.102	0.038	0.000
0.100	-5.000	0.102	0.038	0.000
0.100	-5.000	0.102	0.038	0.000
0.100	-5.000	0.102	0.038	0.000
0.100	-5.000	0.102	0.038	0.000
0.100	-5.000	0.102	0.038	0.000
0.100	-5.000	0.102	0.038	0.000
0.100	-5.000	0.100	0.008	0.000
0.100	-5.000	0.102	0.038	0.000
0.100	-5.000	0.100	0.008	0.000
0.100	-5.000	0.102	0.038	0.000
0.100	-5.000	0.102	0.038	0.000
0.100	-5.000	0.102	0.038	0.000
0.100	-5.000	0.102	0.038	0.000
0.100	-5.000	0.102	0.038	0.000
0.100	-5.000	0.102	0.038	0.000
0.100	-5.000	0.100	0.008	0.000
0.100	-5.000	0.102	0.038	0.000
0.100	-5.000	0.102	0.038	0.000
0.100	-5.000	0.102	0.038	0.000
0.100	-5.000	0.102	0.038	0.000
0.100	-5.000	0.099	-0.021	0.000
0.100	-5.000	0.102	0.038	0.000
0.100	-5.000	0.102	0.038	0.000
0.100	-5.000	0.102	0.038	0.000
0.100	-5.000	0.102	0.038	0.000
0.100	-5.000	0.100	0.008	0.000
0.100	-5.000	0.102	0.038	0.000
0.100	-5.000	0.102	0.038	0.000
0.100	-5.000	0.102	0.038	0.000
0.100	-5.000	0.102	0.038	0.000
0.100	-5.000	0.100	0.008	0.000
0.100	-5.000	0.102	0.038	0.000
0.100	-5.000	0.102	0.038	0.000
0.100	-5.000	0.102	0.038	0.000
0.100	-5.000	0.102	0.038	0.000
0.100	-5.000	0.102	0.038	0.000
0.100	-5.000	0.102	0.038	0.000
0.100	-5.000	0.102	0.038	0.000
0.100	-5.000	0.102	0.038	0.000
0.100	-5.000	0.102	0.038	0.000
0.100	-5.000	0.102	0.038	0.000
0.100	-5.000	0.102	0.038	0.000
0.100	-5.000	0.102	0.038	0.000
0.100	-5.000	0.102	0.038	0.000
0.100	-5.000	0.102	0.038	0.000
0.100	-5.000	0.102	0.038	0.000
0.100	-5.000	0.102	0.038	0.000
0.100	-5.000	0.103	0.068	0.000
0.100	-5.000	0.103	0.068	0.000
0.100	-5.000	0.102	0.038	0.000
0.100	-5.000	0.099	-0.021	0.000
0.100	-5.000	0.102	0.038	0.000
0.100	-5.000	0.102	0.038	0.000
0.100	-5.000	0.102	0.038	0.000
0.100	-5.000	0.102	0.038	0.000
0.100	-5.000	0.100	0.008	0.000
0.100	-5.000	0.102	0.038	0.000
0.100	-5.000	0.102	0.038	0.000
0.100	-5.000	0.102	0.038	0.000
0.100	-5.000	0.102	0.038	0.000
0.100	-5.000	0.100	0.008	0.000
0.100	-5.000	0.103	0.068	0.000
0.100	-5.000	0.102	0.038	0.000
0.100	-5.000	0.102	0.038	0.000
0.100	-5.000	0.100	0.008	0.000
0.100	-5.000	0.103	0.068	0.000
0.100	-5.000	0.102	0.038	0.000
0.100	-5.000	0.102	0.038	0.000
0.100	-5.000	0.102	0.038	0.000
0.100	-5.000	0.100	0.008	0.000
0.100	-5.000	0.102	0.038	0.000
0.100	-5.000	0.100	0.008	0.000
0.100	-5.000	0.102	0.038	0.000
0.100	-5.000	0.102	0.038	0.000
0.100	-5.000	0.102	0.038	0.000
0.100	-5.000	0.102	0.038	0.000
0.100	-5.000	0.102	0.038	0.000
0.100	-5.000	0.102	0.038	0.000
0.100	-5.000	0.102	0.038	0.000
0.100	-5.000	0.102	0.038	0.000
0.100	-5.000	0.102	0.038	0.000
0.100	-5.000	0.103	0.068	0.000
0.100	-5.000	0.100	0.008	0.000
0.100	-5.000	0.099	-0.021	0.000
0.100	-5.000	0.102	0.038	0.000
0.100	-5.000	0.102	0.038	0.000
0.100	-5.000	0.103	0.068	0.000
0.100	-5.000	0.100	0.008	0.000
0.100	-5.000	0.102	0.038	0.000
0.100	-5.000	0.102	0.038	0.000
0.100	-5.000	0.102	0.038	0.000
0.100	-5.000	0.102	0.038	0.000
0.100	-5.000	0.102	0.038	0.000
0.100	-5.000	0.102	0.038	0.000
0.100	-5.000	0.102	0.038	0.000
0.100	-5.000	0.100	0.008	0.000
0.100	-5.000	0.102	0.038	0.000
0.100	-5.000	0.102	0.038	0.000
0.100	-5.000	0.102	0.038	0.000
0.100	-5.000	0.102	0.038	0.000
0.100	-5.000	0.102	0.038	0.000
0.100	-5.000	0.102	0.038	0.000
0.100	-5.000	0.103	0.068	0.000
0.100	-5.000	0.102	0.038	0.000
0.100	-5.000	0.103	0.068	0.000
0.100	-5.000	0.102	0.038	0.000
0.100	-5.000	0.100	0.008	0.000
0.100	-5.000	0.102	0.038	0.000
0.100	-5.000	0.102	0.038	0.000
0.100	-5.000	0.100	0.008	0.000
0.100	-5.000	0.102	0.038	0.000
0.100	-5.000	0.103	0.068	0.000
0.100	-5.000	0.102	0.038	0.000
0.100	-5.000	0.100	0.008	0.000
0.100	-5.000	0.100	0.008	0.000
0.100	-5.000	0.102	0.038	0.000
0.100	-5.000	0.102	0.038	0.000
0.100	-5.000	0.100	0.008	0.000
0.100	-5.000	0.100	0.008	0.000
0.100	-5.000	0.102	0.038	0.000
0.100	-5.000	0.102	0.038	0.000
0.100	-5.000	0.102	0.038	0.000
0.100	-5.000	0.102	0.038	0.000
0.100	-5.000	0.102	0.038	0.000
0.100	-5.000	0.100	0.008	0.000
0.100	-5.000	0.100	0.008	0.000
0.100	-5.000	0.103	0.068	0.000
0.100	-5.000	0.102	0.038	0.000
0.100	-5.000	0.102	0.038	0.000
0.100	-5.000	0.100	0.008	0.000
0.100	-5.000	0.103	0.068	0.000
0.100	-5.000	0.100	0.008	0.000
0.100	-5.000	0.102	0.038	0.000
0.100	-5.000	0.100	0.008	0.000
0.100	-5.000	0.102	0.038	0.000
0.100	-5.000	0.100	0.008	0.000
0.100	-5.000	0.102	0.038	0.000
0.100	-5.000	0.102	0.038	0.000
0.100	-5.000	0.100	0.008	0.000
0.100	-5.000	0.100	0.008	0.000
0.100	-5.000	0.102	0.038	0.000
0.100	-5.000	0.102	0.038	0.000
0.100	-5.000	0.102	0.038	0.000
0.100	-5.000	0.102	0.038	0.000
0.100	-5.000	0.102	0.038	0.000
0.100	-5.000	0.102	0.038	0.000
0.100	-5.000	0.102	0.038	0.000
0.100	-5.000	0.102	0.038	0.000
0.100	-5.000	0.102	0.038	0.000
0.100	-5.000	0.102	0.038	0.000
0.100	-5.000	0.102	0.038	0.000
0.100	-5.000	0.102	0.038	0.000
0.100	-5.000	0.100	0.008	0.000
0.100	-5.000	0.102	0.038	0.000
0.100	-5.000	0.100	0.008	0.000
0.100	-5.000	0.099	-0.021	0.000
0.100	-5.000	0.100	0.008	0.000
0.100	-5.000	0.102	0.038	0.000
0.100	-5.000	0.102	0.038	0.000
0.100	-5.000	0.100	0.008	0.000
0.100	-5.000	0.100	0.008	0.000
0.100	-5.000	0.102	0.038	0.000
0.100	-5.000	0.100	0.008	0.000
0.100	-5.000	0.102	0.038	0.000
0.100	-5.000	0.103	0.068	0.000
0.100	-5.000	0.102	0.038	0.000
0.100	-5.000	0.102	0.038	0.000
0.100	-5.000	0.103	0.068	0.000
0.100	-5.000	0.100	0.008	0.000
0.100	-5.000	0.102	0.038	0.000
0.100	-5.000	0.102	0.038	0.000
0.100	-5.000	0.102	0.038	0.000
0.100	-5.000	0.100	0.008	0.000
0.100	-5.000	0.102	0.038	0.000
0.100	-5.000	0.100	0.008	0.000
0.100	-5.000	0.102	0.038	0.000
0.100	-5.000	0.100	0.008	0.000
0.100	-5.000	0.102	0.038	0.000
0.100	-5.000	0.102	0.038	0.000
0.100	-5.000	0.102	0.038	0.000
0.100	-5.000	0.102	0.038	0.000
0.100	-5.000	0.102	0.038	0.000
0.100	-5.000	0.100	0.008	0.000
0.100	-5.000	0.100	0.008	0.000
0.100	-5.000	0.103	0.068	0.000
0.100	-5.000	0.103	0.068	0.000
0.100	-5.000	0.102	0.038	0.000
0.100	-5.000	0.103	0.068	0.000
0.100	-5.000	0.102	0.038	0.000
0.100	-5.000	0.102	0.038	0.000
0.100	-5.000	0.099	-0.021	0.000
0.100	-5.000	0.102	0.038	0.000
0.100	-5.000	0.102	0.038	0.000
0.100	-5.000	0.102	0.038	0.000
0.100	-5.000	0.102	0.038	0.000
0.100	-5.000	0.102	0.038	0.000
0.100	-5.000	0.102	0.038	0.000
0.100	-5.000	0.100	0.008	0.000
0.100	-5.000	0.103	0.068	0.000
0.100	-5.000	0.100	0.008	0.000
0.100	-5.000	0.100	0.008	0.000
0.100	-5.000	0.100	0.008	0.000
0.100	-5.000	0.102	0.038	0.000
0.100	-5.000	0.100	0.008	0.000
0.100	-5.000	0.102	0.038	0.000
0.100	-5.000	0.102	0.038	0.000
0.100	-5.000	0.102	0.038	0.000
0.100	-5.000	0.100	0.008	0.000
0.100	-5.000	0.100	0.008	0.000
0.100	-5.000	0.102	0.038	0.000
0.100	-5.000	0.100	0.008	0.000
0.100	-5.000	0.102	0.038	0.000
0.100	-5.000	0.099	-0.021	0.000
0.100	-5.000	0.102	0.038	0.000
0.100	-5.000	0.100	0.008	0.000
0.100	-5.000	0.100	0.008	0.000
0.100	-5.000	0.100	0.008	0.000
0.100	-5.000	0.102	0.038	0.000
0.100	-5.000	0.100	0.008	0.000
0.100	-5.000	0.102	0.038	0.000
0.100	-5.000	0.100	0.008	0.000
0.100	-5.000	0.099	-0.021	0.000
0.100	-5.000	0.100	0.008	0.000
0.100	-5.000	0.102	0.038	0.000
0.100	-5.000	0.100	0.008	0.000
0.100	-5.000	0.102	0.038	0.000
0.100	-5.000	0.102	0.038	0.000
0.100	-5.000	0.103	0.068	0.000
0.100	-5.000	0.100	0.008	0.000
0.100	-5.000	0.103	0.068	0.000
0.100	-5.000	0.102	0.038	0.000
0.100	-5.000	0.102	0.038	0.000
0.100	-5.000	0.102	0.038	0.000
0.100	-5.000	0.100	0.008	0.000
0.100	-5.000	0.102	0.038	0.000
0.100	-5.000	0.102	0.038	0.000
0.100	-5.000	0.103	0.068	0.000
0.100	-5.000	0.102	0.038	0.000
0.100	-5.000	0.102	0.038	0.000
0.100	-5.000	0.100	0.008	0.000
0.100	-5.000	0.102	0.038	0.000
0.000	-5.000	0.102	2.038	0.000
0.000	-5.000	0.103	2.068	0.000
0.000	-5.000	0.103	2.068	0.000
0.000	-5.000	0.102	2.038	0.000
0.000	-5.000	0.103	2.068	0.000
0.000	-5.000	0.100	2.008	0.000
0.000	-5.000	0.100	2.008	0.000
0.000	-5.000	0.102	2.038	0.000
0.000	-5.000	0.099	1.979	0.000
0.000	-5.000	0.097	1.949	0.000
0.000	-5.000	0.095	1.890	0.000
0.000	-5.000	0.095	1.890	0.000
0.000	-5.000	0.095	1.890	0.000
0.000	-5.000	0.092	1.831	0.000
0.000	-5.000	0.092	1.831	0.000
0.000	-5.000	0.089	1.772	0.000
0.000	-5.000	0.089	1.772	0.000
0.000	-5.000	0.086	1.713	0.000
0.000	-5.000	0.083	1.654	0.000
0.000	-5.000	0.083	1.654	0.000
0.000	-5.000	0.078	1.565	0.000
0.000	-5.000	0.078	1.565	0.000
0.000	-5.000	0.075	1.506	0.000
0.000	-5.000	0.075	1.506	0.000
0.000	-5.000	0.072	1.447	0.000
0.000	-5.000	0.069	1.387	0.000
0.000	-5.000	0.068	1.358	0.000
0.000	-5.000	0.066	1.328	0.000
0.000	-5.000	0.063	1.269	0.000
0.000	-5.000	0.061	1.210	0.000
0.000	-5.000	0.061	1.210	0.000
0.000	-5.000	0.055	1.092	0.000
0.000	-5.000	0.053	1.062	0.000
0.000	-5.000	0.053	1.062	0.000
0.000	-5.000	0.052	1.033	0.000
0.000	-5.000	0.050	1.003	0.000
0.000	-5.000	0.047	0.944	0.000
0.000	-5.000	0.046	0.914	0.000
0.000	-5.000	0.044	0.885	0.000
0.000	-5.000	0.040	0.796	0.000
0.000	-5.000	0.041	0.826	0.000
0.000	-5.000	0.038	0.767	0.000
0.000	-5.000	0.035	0.707	0.000
0.000	-5.000	0.034	0.678	0.000
0.000	-5.000	0.032	0.648	0.000
0.000	-5.000	0.031	0.619	0.000
0.000	-5.000	0.029	0.589	0.000
0.000	-5.000	0.028	0.560	0.000
0.000	-5.000	0.026	0.530	0.000
0.000	-5.000	0.024	0.471	0.000
0.000	-5.000	0.024	0.471	0.000
0.000	-5.000	0.022	0.441	0.000
0.000	-5.000	0.019	0.382	0.000
0.000	-5.000	0.019	0.382	0.000
0.000	-5.000	0.018	0.353	0.000
0.000	-5.000	0.016	0.323	0.000
0.000	-5.000	0.016	0.323	0.000
0.000	-5.000	0.013	0.264	0.000
0.000	-5.000	0.012	0.234	0.000
0.000	-5.000	0.010	0.205	0.000
0.000	-5.000	0.010	0.205	0.000
0.000	-5.000	0.010	0.205	0.000
0.000	-5.000	0.007	0.146	0.000
0.000	-5.000	0.007	0.146	0.000
0.000	-5.000	0.004	0.086	0.000
0.000	-5.000	0.006	0.116	0.000
0.000	-5.000	0.006	0.116	0.000
0.000	-5.000	0.004	0.086	0.000
0.000	-5.000	0.001	0.027	0.000
0.000	-5.000	0.001	0.027	0.000
0.000	-5.000	0.003	0.057	0.000
0.000	-5.000	0.001	0.027	0.000
0.000	-5.000	0.001	0.027	0.000
0.000	-5.000	-0.000	-0.002	0.000
0.000	-5.000	-0.002	-0.032	0.000
0.000	-5.000	-0.005	-0.091	0.000
0.000	-5.000	-0.002	-0.032	0.000
0.000	-5.000	-0.003	-0.061	0.000
0.000	-5.000	-0.003	-0.061	0.000
0.000	-5.000	-0.002	-0.032	0.000
0.000	-5.000	-0.002	-0.032	0.000
0.000	-5.000	-0.003	-0.061	0.000
0.000	-5.000	-0.005	-0.091	0.000
0.000	-5.000	-0.003	-0.061	0.000
0.000	-5.000	-0.006	-0.120	0.000
0.000	-5.000	-0.005	-0.091	0.000
0.000	-5.000	-0.006	-0.120	0.000
0.000	-5.000	-0.005	-0.091	0.000
0.000	-5.000	-0.005	-0.091	0.000
0.000	-5.000	-0.005	-0.091	0.000
0.000	-5.000	-0.006	-0.120	0.000
0.000	-5.000	-0.006	-0.120	0.000
0.000	-5.000	-0.005	-0.091	0.000
0.000	-5.000	-0.005	-0.091	0.000
0.000	-5.000	-0.008	-0.150	0.000
0.000	-5.000	-0.006	-0.120	0.000
0.000	-5.000	-0.008	-0.150	0.000
0.000	-5.000	-0.006	-0.120	0.000
0.000	-5.000	-0.006	-0.120	0.000
0.000	-5.000	-0.006	-0.120	0.000
0.000	-5.000	-0.008	-0.150	0.000
0.000	-5.000	-0.006	-0.120	0.000
0.000	-5.000	-0.006	-0.120	0.000
0.000	-5.000	-0.005	-0.091	0.000
0.000	-5.000	-0.008	-0.150	0.000
0.000	-5.000	-0.006	-0.120	0.000
0.000	-5.000	-0.006	-0.120	0.000
0.000	-5.000	-0.006	-0.120	0.000
0.000	-5.000	-0.006	-0.120	0.000
0.000	-5.000	-0.005	-0.091	0.000
0.000	-5.000	-0.005	-0.091	0.000
0.000	-5.000	-0.005	-0.091	0.000
0.000	-5.000	-0.008	-0.150	0.000
0.000	-5.000	-0.005	-0.091	0.000
0.000	-5.000	-0.006	-0.120	0.000
0.000	-5.000	-0.005	-0.091	0.000
0.000	-5.000	-0.005	-0.091	0.000
0.000	-5.000	-0.005	-0.091	0.000
0.000	-5.000	-0.006	-0.120	0.000
0.000	-5.000	-0.005	-0.091	0.000
0.000	-5.000	-0.005	-0.091	0.000
0.000	-5.000	-0.006	-0.120	0.000
0.000	-5.000	-0.008	-0.150	0.000
0.000	-5.000	-0.005	-0.091	0.000
0.000	-5.000	-0.005	-0.091	0.000
0.000	-5.000	-0.006	-0.120	0.000
0.000	-5.000	-0.005	-0.091	0.000
0.000	-5.000	-0.006	-0.120	0.000
0.000	-5.000	-0.006	-0.120	0.000
0.000	-5.000	-0.006	-0.120	0.000
0.000	-5.000	-0.005	-0.091	0.000
0.000	-5.000	-0.006	-0.120	0.000
0.000	-5.000	-0.005	-0.091	0.000
0.000	-5.000	-0.006	-0.120	0.000
0.000	-5.000	-0.005	-0.091	0.000
0.000	-5.000	-0.005	-0.091	0.000
0.000	-5.000	-0.006	-0.120	0.000
0.000	-5.000	-0.005	-0.091	0.000
0.000	-5.000	-0.005	-0.091	0.000
0.000	-5.000	-0.005	-0.091	0.000
0.000	-5.000	-0.005	-0.091	0.000
0.000	-5.000	-0.008	-0.150	0.000
0.000	-5.000	-0.006	-0.120	0.000
0.000	-5.000	-0.006	-0.120	0.000
0.000	-5.000	-0.005	-0.091	0.000
0.000	-5.000	-0.005	-0.091	0.000
0.000	-5.000	-0.005	-0.091	0.000
0.000	-5.000	-0.005	-0.091	0.000
0.000	-5.000	-0.005	-0.091	0.000
0.000	-5.000	-0.005	-0.091	0.000
0.000	-5.000	-0.005	-0.091	0.000
0.000	-5.000	-0.006	-0.120	0.000
0.000	-5.000	-0.006	-0.120	0.000
0.000	-5.000	-0.005	-0.091	0.000
0.000	-5.000	-0.005	-0.091	0.000
0.000	-5.000	-0.006	-0.120	0.000
0.000	-5.000	-0.006	-0.120	0.000
0.000	-5.000	-0.005	-0.091	0.000
0.000	-5.000	-0.005	-0.091	0.000
0.000	-5.000	-0.006	-0.120	0.000
0.000	-5.000	-0.005	-0.091	0.000
0.000	-5.000	-0.005	-0.091	0.000
0.000	-5.000	-0.005	-0.091	0.000
0.000	-5.000	-0.005	-0.091	0.000
0.000	-5.000	-0.005	-0.091	0.000
0.000	-5.000	-0.005	-0.091	0.000
0.000	-5.000	-0.005	-0.091	0.000
0.000	-5.000	-0.005	-0.091	0.000
0.000	-5.000	-0.005	-0.091	0.000
0.000	-5.000	-0.005	-0.091	0.000
0.000	-5.000	-0.005	-0.091	0.000
0.000	-5.000	-0.005	-0.091	0.000
0.000	-5.000	-0.005	-0.091	0.000
0.000	-5.000	-0.003	-0.061	0.000
0.000	-5.000	-0.005	-0.091	0.000
0.000	-5.000	-0.005	-0.091	0.000
0.000	-5.000	-0.005	-0.091	0.000
0.000	-5.000	-0.005	-0.091	0.000
0.000	-5.000	-0.005	-0.091	0.000
0.000	-5.000	-0.003	-0.061	0.000
0.000	-5.000	-0.003	-0.061	0.000
0.000	-5.000	-0.005	-0.091	0.000
0.000	-5.000	-0.005	-0.091	0.000
0.000	-5.000	-0.005	-0.091	0.000
0.000	-5.000	-0.005	-0.091	0.000
0.000	-5.000	-0.005	-0.091	0.000
0.000	-5.000	-0.005	-0.091	0.000
0.000	-5.000	-0.005	-0.091	0.000
0.000	-5.000	-0.002	-0.032	0.000
0.000	-5.000	-0.002	-0.032	0.000
0.000	-5.000	-0.003	-0.061	0.000
0.000	-5.000	-0.005	-0.091	0.000
0.000	-5.000	-0.003	-0.061	0.000
0.000	-5.000	-0.003	-0.061	0.000
0.000	-5.000	-0.002	-0.032	0.000
0.000	-5.000	-0.003	-0.061	0.000
0.000	-5.000	-0.002	-0.032	0.000
0.000	-5.000	0.001	0.027	0.000
0.000	-5.000	0.001	0.027	0.000
0.000	-5.000	-0.002	-0.032	0.000
0.000	-5.000	-0.003	-0.061	0.000
0.000	-5.000	-0.002	-0.032	0.000
0.000	-5.000	-0.000	-0.002	0.000
0.000	-5.000	-0.005	-0.091	0.000
0.000	-5.000	-0.002	-0.032	0.000
0.000	-5.000	-0.002	-0.032	0.000
0.000	-5.000	-0.002	-0.032	0.000
0.000	-5.000	0.001	0.027	0.000
0.000	-5.000	-0.003	-0.061	0.000
0.000	-5.000	-0.002	-0.032	0.000
0.000	-5.000	-0.002	-0.032	0.000
0.000	-5.000	-0.003	-0.061	0.000
0.000	-5.000	-0.003	-0.061	0.000
0.000	-5.000	-0.005	-0.091	0.000
0.000	-5.000	-0.002	-0.032	0.000
0.000	-5.000	-0.002	-0.032	0.000
0.000	-5.000	-0.003	-0.061	0.000
0.000	-5.000	-0.002	-0.032	0.000
0.000	-5.000	-0.003	-0.061	0.000
0.000	-5.000	-0.002	-0.032	0.000
0.000	-5.000	0.004	0.086	0.000
0.000	-5.000	-0.003	-0.061	0.000
0.000	-5.000	-0.002	-0.032	0.000
0.000	-5.000	-0.003	-0.061	0.000
0.000	-5.000	-0.002	-0.032	0.000
0.000	-5.000	-0.002	-0.032	0.000
0.000	-5.000	-0.002	-0.032	0.000
0.000	-5.000	-0.002	-0.032	0.000
0.000	-5.000	-0.002	-0.032	0.000
0.000	-5.000	-0.002	-0.032	0.000
0.000	-5.000	-0.002	-0.032	0.000
0.000	-5.000	-0.002	-0.032	0.000
0.000	-5.000	-0.002	-0.032	0.000
0.000	-5.000	-0.003	-0.061	0.000
0.000	-5.000	-0.003	-0.061	0.000
0.000	-5.000	0.001	0.027	0.000
0.000	-5.000	-0.002	-0.032	0.000
0.000	-5.000	-0.002	-0.032	0.000
0.000	-5.000	-0.002	-0.032	0.000
0.000	-5.000	-0.002	-0.032	0.000
0.000	-5.000	-0.000	-0.002	0.000
0.000	-5.000	-0.002	-0.032	0.000
0.000	-5.000	-0.002	-0.032	0.000
0.000	-5.000	-0.002	-0.032	0.000
0.000	-5.000	-0.002	-0.032	0.000
0.000	-5.000	-0.002	-0.032	0.000
0.000	-5.000	-0.003	-0.061	0.000
0.000	-5.000	-0.002	-0.032	0.000
0.000	-5.000	-0.002	-0.032	0.000
0.000	-5.000	-0.002	-0.032	0.000
0.000	-5.000	-0.002	-0.032	0.000
0.000	-5.000	-0.002	-0.032	0.000
0.000	-5.000	-0.002	-0.032	0.000
0.000	-5.000	-0.003	-0.061	0.000
0.000	-5.000	-0.002	-0.032	0.000
0.000	-5.000	-0.002	-0.032	0.000
0.000	-5.000	-0.002	-0.032	0.000
0.000	-5.000	-0.002	-0.032	0.000
0.000	-5.000	-0.002	-0.032	0.000
0.000	-5.000	-0.002	-0.032	0.000
0.000	-5.000	-0.002	-0.032	0.000
0.000	-5.000	-0.002	-0.032	0.000
0.000	-5.000	-0.002	-0.032	0.000
0.000	-5.000	-0.003	-0.061	0.000
0.000	-5.000	-0.000	-0.002	0.000
0.000	-5.000	-0.002	-0.032	0.000
0.000	-5.000	-0.002	-0.032	0.000
0.000	-5.000	-0.002	-0.032	0.000
0.000	-5.000	-0.002	-0.032	0.000
0.000	-5.000	-0.003	-0.061	0.000
0.000	-5.000	-0.002	-0.032	0.000
0.000	-5.000	-0.002	-0.032	0.000
0.000	-5.000	-0.002	-0.032	0.000
0.000	-5.000	-0.002	-0.032	0.000
0.000	-5.000	-0.002	-0.032	0.000
0.000	-5.000	-0.002	-0.032	0.000
0.000	-5.000	-0.003	-0.061	0.000
0.000	-5.000	-0.002	-0.032	0.000
0.000	-5.000	-0.002	-0.032	0.000
0.000	-5.000	-0.003	-0.061	0.000
0.000	-5.000	-0.002	-0.032	0.000
0.000	-5.000	-0.002	-0.032	0.000
0.000	-5.000	-0.002	-0.032	0.000
0.000	-5.000	-0.002	-0.032	0.000
0.000	-5.000	-0.003	-0.061	0.000
0.000	-5.000	-0.002	-0.032	0.000
0.000	-5.000	-0.003	-0.061	0.000
0.000	-5.000	-0.002	-0.032	0.000
0.000	-5.000	-0.002	-0.032	0.000
0.000	-5.000	-0.002	-0.032	0.000
0.000	-5.000	-0.002	-0.032	0.000
0.000	-5.000	-0.002	-0.032	0.000
0.000	-5.000	-0.003	-0.061	0.000
0.000	-5.000	-0.002	-0.032	0.000
0.000	-5.000	-0.002	-0.032	0.000
0.000	-5.000	-0.002	-0.032	0.000
0.000	-5.000	-0.002	-0.032	0.000
0.000	-5.000	-0.002	-0.032	0.000
0.000	-5.000	-0.003	-0.061	0.000
0.000	-5.000	-0.003	-0.061	0.000
0.000	-5.000	-0.002	-0.032	0.000
0.000	-5.000	-0.002	-0.032	0.000
0.000	-5.000	-0.003	-0.061	0.000
0.000	-5.000	-0.003	-0.061	0.000
0.000	-5.000	-0.002	-0.032	0.000
0.000	-5.000	-0.002	-0.032	0.000
0.000	-5.000	-0.002	-0.032	0.000
0.000	-5.000	-0.002	-0.032	0.000
0.000	-5.000	-0.003	-0.061	0.000
0.000	-5.000	-0.003	-0.061	0.000
0.000	-5.000	-0.002	-0.032	0.000
0.000	-5.000	-0.005	-0.091	0.000
0.000	-5.000	-0.002	-0.032	0.000
0.000	-5.000	-0.002	-0.032	0.000
0.000	-5.000	-0.002	-0.032	0.000
0.000	-5.000	-0.002	-0.032	0.000
0.000	-5.000	-0.002	-0.032	0.000
0.000	-5.000	-0.002	-0.032	0.000
0.000	-5.000	-0.002	-0.032	0.000
0.000	-5.000	-0.002	-0.032	0.000
0.000	-5.000	-0.002	-0.032	0.000
0.000	-5.000	-0.002	-0.032	0.000
0.000	-5.000	-0.003	-0.061	0.000
0.000	-5.000	-0.002	-0.032	0.000
0.000	-5.000	-0.002	-0.032	0.000
0.000	-5.000	-0.002	-0.032	0.000
0.000	-5.000	-0.002	-0.032	0.000
0.000	-5.000	-0.002	-0.032	0.000
0.000	-5.000	-0.003	-0.061	0.000
0.000	-5.000	-0.002	-0.032	0.000
0.000	-5.000	-0.002	-0.032	0.000
0.000	-5.000	-0.002	-0.032	0.000
0.000	-5.000	-0.002	-0.032	0.000
0.000	-5.000	-0.002	-0.032	0.000
0.000	-5.000	-0.002	-0.032	0.000
0.000	-5.000	-0.002	-0.032	0.000
0.000	-5.000	-0.002	-0.032	0.000
0.000	-5.000	-0.002	-0.032	0.000
0.000	-5.000	-0.002	-0.032	0.000
0.000	-5.000	-0.002	-0.032	0.000
0.000	-5.000	-0.002	-0.032	0.000
0.000	-5.000	-0.002	-0.032	0.000
0.000	-5.000	-0.002	-0.032	0.000
0.000	-5.000	-0.002	-0.032	0.000
0.000	-5.000	-0.002	-0.032	0.000
0.000	-5.000	-0.002	-0.032	0.000
0.000	-5.000	-0.002	-0.032	0.000
0.000	-5.000	-0.002	-0.032	0.000
0.000	-5.000	-0.002	-0.032	0.000
0.000	-5.000	-0.002	-0.032	0.000
0.000	-5.000	-0.002	-0.032	0.000
0.000	-5.000	-0.002	-0.032	0.000
0.000	-5.000	-0.002	-0.032	0.000
0.000	-5.000	-0.002	-0.032	0.000
0.000	-5.000	-0.002	-0.032	0.000
0.000	-5.000	-0.002	-0.032	0.000
0.000	-5.000	-0.002	-0.032	0.000
0.000	-5.000	-0.002	-0.032	0.000
0.000	-5.000	-0.002	-0.032	0.000
0.000	-5.000	-0.002	-0.032	0.000
0.000	-5.000	-0.002	-0.032	0.000
0.000	-5.000	-0.003	-0.061	0.000
0.000	-5.000	-0.002	-0.032	0.000
0.000	-5.000	-0.003	-0.061	0.000
0.000	-5.000	-0.002	-0.032	0.000
0.000	-5.000	-0.002	-0.032	0.000
0.000	-5.000	-0.000	-0.002	0.000
0.000	-5.000	-0.002	-0.032	0.000
0.000	-5.000	-0.002	-0.032	0.000
0.000	-5.000	-0.002	-0.032	0.000
0.000	-5.000	-0.002	-0.032	0.000
0.000	-5.000	-0.002	-0.032	0.000
0.000	-5.000	-0.002	-0.032	0.000
0.000	-5.000	-0.002	-0.032	0.000
0.000	-5.000	-0.002	-0.032	0.000
0.000	-5.000	-0.002	-0.032	0.000
0.000	-5.000	-0.002	-0.032	0.000
0.000	-5.000	-0.002	-0.032	0.000
0.000	-5.000	-0.003	-0.061	0.000
0.000	-5.000	-0.002	-0.032	0.000
0.000	-5.000	-0.002	-0.032	0.000
0.000	-5.000	-0.002	-0.032	0.000
0.000	-5.000	-0.002	-0.032	0.000
0.000	-5.000	-0.002	-0.032	0.000
0.000	-5.000	-0.002	-0.032	0.000
0.000	-5.000	-0.002	-0.032	0.000
0.000	-5.000	-0.002	-0.032	0.000
0.000	-5.000	-0.002	-0.032	0.000
0.000	-5.000	-0.002	-0.032	0.000
0.000	-5.000	-0.003	-0.061	0.000
0.000	-5.000	-0.002	-0.032	0.000
0.000	-5.000	-0.003	-0.061	0.000
0.000	-5.000	-0.002	-0.032	0.000
0.000	-5.000	-0.002	-0.032	0.000
0.000	-5.000	-0.003	-0.061	0.000
0.000	-5.000	-0.002	-0.032	0.000
0.000	-5.000	-0.002	-0.032	0.000
0.000	-5.000	-0.002	-0.032	0.000
0.000	-5.000	-0.002	-0.032	0.000
0.000	-5.000	-0.003	-0.061	0.000
0.000	-5.000	-0.002	-0.032	0.000
0.000	-5.000	-0.003	-0.061	0.000
0.000	-5.000	-0.002	-0.032	0.000
0.000	-5.000	-0.002	-0.032	0.000
0.000	-5.000	-0.002	-0.032	0.000
0.000	-5.000	-0.002	-0.032	0.000
0.000	-5.000	-0.002	-0.032	0.000
0.000	-5.000	-0.002	-0.032	0.000
0.000	-5.000	-0.002	-0.032	0.000
0.000	-5.000	-0.002	-0.032	0.000
0.000	-5.000	-0.002	-0.032	0.000
0.000	-5.000	-0.002	-0.032	0.000
0.000	-5.000	-0.002	-0.032	0.000
0.000	-5.000	-0.002	-0.032	0.000
0.000	-5.000	-0.002	-0.032	0.000
0.000	-5.000	-0.002	-0.032	0.000
0.000	-5.000	-0.002	-0.032	0.000
0.000	-5.000	-0.003	-0.061	0.000
0.000	-5.000	-0.003	-0.061	0.000
0.000	-5.000	-0.002	-0.032	0.000
0.000	-5.000	-0.003	-0.061	0.000
0.000	-5.000	-0.002	-0.032	0.000
0.000	-5.000	-0.000	-0.002	0.000
0.000	-5.000	-0.003	-0.061	0.000
0.000	-5.000	-0.003	-0.061	0.000
0.000	-5.000	-0.002	-0.032	0.000
0.000	-5.000	-0.002	-0.032	0.000
0.000	-5.000	-0.002	-0.032	0.000
0.000	-5.000	-0.002	-0.032	0.000
0.000	-5.000	-0.003	-0.061	0.000
0.000	-5.000	-0.003	-0.061	0.000
0.000	-5.000	-0.002	-0.032	0.000
0.000	-5.000	-0.002	-0.032	0.000
0.000	-5.000	-0.002	-0.032	0.000
0.000	-5.000	-0.002	-0.032	0.000
0.000	-5.000	-0.002	-0.032	0.000
0.000	-5.000	-0.002	-0.032	0.000
0.000	-5.000	-0.002	-0.032	0.000
0.000	-5.000	-0.002	-0.032	0.000
0.000	-5.000	-0.002	-0.032	0.000
0.000	-5.000	-0.002	-0.032	0.000
0.000	-5.000	-0.002	-0.032	0.000
0.000	-5.000	-0.002	-0.032	0.000
0.000	-5.000	-0.002	-0.032	0.000
0.000	-5.000	-0.002	-0.032	0.000
0.000	-5.000	-0.002	-0.032	0.000
0.000	-5.000	-0.002	-0.032	0.000
0.000	-5.000	-0.003	-0.061	0.000
0.000	-5.000	-0.002	-0.032	0.000
0.000	-5.000	-0.002	-0.032	0.000
0.000	-5.000	-0.002	-0.032	0.000
0.000	-5.000	-0.002	-0.032	0.000
0.000	-5.000	-0.002	-0.032	0.000
0.000	-5.000	-0.002	-0.032	0.000
0.000	-5.000	-0.005	-0.091	0.000
0.000	-5.000	-0.003	-0.061	0.000
0.000	-5.000	-0.002	-0.032	0.000
0.000	-5.000	-0.002	-0.032	0.000
0.000	-5.000	-0.002	-0.032	0.000
0.000	-5.000	-0.002	-0.032	0.000
0.000	-5.000	-0.002	-0.032	0.000
0.000	-5.000	-0.003	-0.061	0.000
0.000	-5.000	-0.002	-0.032	0.000
0.000	-5.000	-0.002	-0.032	0.000
0.000	-5.000	-0.002	-0.032	0.000
0.000	-5.000	-0.002	-0.032	0.000
0.000	-5.000	-0.002	-0.032	0.000
0.000	-5.000	-0.002	-0.032	0.000
0.000	-5.000	-0.002	-0.032	0.000
0.000	-5.000	-0.003	-0.061	0.000
0.000	-5.000	-0.002	-0.032	0.000
0.000	-5.000	-0.002	-0.032	0.000
0.000	-5.000	-0.003	-0.061	0.000
0.000	-5.000	-0.002	-0.032	0.000
0.000	-5.000	-0.003	-0.061	0.000
0.000	-5.000	-0.002	-0.032	0.000
0.000	-5.000	-0.002	-0.032	0.000
0.000	-5.000	-0.002	-0.032	0.000
0.000	-5.000	-0.002	-0.032	0.000
0.000	-5.000	-0.002	-0.032	0.000
0.000	-5.000	-0.002	-0.032	0.000
0.000	-5.000	-0.002	-0.032	0.000
0.000	-5.000	-0.002	-0.032	0.000
0.000	-5.000	-0.000	-0.002	0.000
0.000	-5.000	-0.002	-0.032	0.000
0.000	-5.000	-0.002	-0.032	0.000
0.000	-5.000	-0.002	-0.032	0.000
0.000	-5.000	-0.002	-0.032	0.000
0.000	-5.000	-0.003	-0.061	0.000
0.000	-5.000	-0.002	-0.032	0.000
0.000	-5.000	-0.002	-0.032	0.000
0.000	-5.000	-0.002	-0.032	0.000
0.000	-5.000	-0.002	-0.032	0.000
0.000	-5.000	-0.002	-0.032	0.000
0.000	-5.000	-0.002	-0.032	0.000
0.000	-5.000	-0.002	-0.032	0.000
0.000	-5.000	-0.002	-0.032	0.000
0.000	-5.000	-0.002	-0.032	0.000
0.000	-5.000	-0.002	-0.032	0.000
0.000	-5.000	-0.002	-0.032	0.000
