0.000	-5.000	0.022	0.000	0.000
0.000	-5.000	0.024	0.000	0.000
0.000	-5.000	0.022	0.000	0.000
0.600	-5.000	0.022	-8.669	0.000
0.600	-5.000	0.019	-8.713	0.000
0.600	-5.000	0.018	-8.736	0.000
0.600	-5.000	0.018	-8.736	0.000
0.600	-5.000	0.016	-8.758	0.000
0.600	-5.000	0.018	-8.736	0.000
0.600	-5.000	0.016	-8.758	0.000
0.600	-5.000	0.018	-8.736	0.000
0.600	-5.000	0.022	-8.669	0.000
0.600	-5.000	0.025	-8.625	0.000
0.600	-5.000	0.025	-8.625	0.000
0.600	-5.000	0.029	-8.558	0.000
0.600	-5.000	0.034	-8.492	0.000
0.600	-5.000	0.037	-8.447	0.000
0.600	-5.000	0.041	-8.381	0.000
0.600	-5.000	0.044	-8.336	0.000
0.600	-5.000	0.049	-8.270	0.000
0.600	-5.000	0.053	-8.203	0.000
0.600	-5.000	0.058	-8.137	0.000
0.600	-5.000	0.062	-8.070	0.000
0.600	-5.000	0.069	-7.959	0.000
0.600	-5.000	0.072	-7.915	0.000
0.600	-5.000	0.077	-7.849	0.000
0.600	-5.000	0.084	-7.738	0.000
0.600	-5.000	0.090	-7.649	0.000
0.600	-5.000	0.096	-7.560	0.000
0.600	-5.000	0.100	-7.494	0.000
0.600	-5.000	0.108	-7.383	0.000
0.600	-5.000	0.112	-7.316	0.000
0.600	-5.000	0.121	-7.183	0.000
0.600	-5.000	0.126	-7.117	0.000
0.600	-5.000	0.131	-7.028	0.000
0.600	-5.000	0.136	-6.961	0.000
0.600	-5.000	0.143	-6.851	0.000
0.600	-5.000	0.152	-6.718	0.000
0.600	-5.000	0.157	-6.651	0.000
0.600	-5.000	0.164	-6.540	0.000
0.600	-5.000	0.171	-6.429	0.000
0.600	-5.000	0.176	-6.363	0.000
0.600	-5.000	0.185	-6.230	0.000
0.600	-5.000	0.191	-6.141	0.000
0.600	-5.000	0.199	-6.008	0.000
0.600	-5.000	0.207	-5.897	0.000
0.600	-5.000	0.214	-5.786	0.000
0.600	-5.000	0.222	-5.675	0.000
0.600	-5.000	0.229	-5.564	0.000
0.600	-5.000	0.235	-5.476	0.000
0.600	-5.000	0.242	-5.365	0.000
0.600	-5.000	0.250	-5.254	0.000
0.600	-5.000	0.257	-5.143	0.000
0.600	-5.000	0.266	-5.010	0.000
0.600	-5.000	0.272	-4.921	0.000
0.600	-5.000	0.279	-4.810	0.000
0.600	-5.000	0.288	-4.677	0.000
0.600	-5.000	0.294	-4.589	0.000
0.600	-5.000	0.304	-4.433	0.000
0.600	-5.000	0.312	-4.323	0.000
0.600	-5.000	0.316	-4.256	0.000
0.600	-5.000	0.325	-4.123	0.000
0.600	-5.000	0.334	-3.990	0.000
0.600	-5.000	0.341	-3.879	0.000
0.600	-5.000	0.349	-3.768	0.000
0.600	-5.000	0.356	-3.657	0.000
0.600	-5.000	0.364	-3.546	0.000
0.600	-5.000	0.372	-3.413	0.000
0.600	-5.000	0.377	-3.347	0.000
0.600	-5.000	0.384	-3.236	0.000
0.600	-5.000	0.393	-3.103	0.000
0.600	-5.000	0.401	-2.992	0.000
0.600	-5.000	0.406	-2.903	0.000
0.600	-5.000	0.415	-2.770	0.000
0.600	-5.000	0.421	-2.682	0.000
0.600	-5.000	0.427	-2.593	0.000
0.600	-5.000	0.436	-2.460	0.000
0.600	-5.000	0.440	-2.393	0.000
0.600	-5.000	0.449	-2.260	0.000
0.600	-5.000	0.455	-2.171	0.000
0.600	-5.000	0.461	-2.083	0.000
0.600	-5.000	0.469	-1.972	0.000
0.600	-5.000	0.474	-1.883	0.000
0.600	-5.000	0.479	-1.817	0.000
0.600	-5.000	0.486	-1.706	0.000
0.600	-5.000	0.491	-1.639	0.000
0.600	-5.000	0.497	-1.551	0.000
0.600	-5.000	0.504	-1.440	0.000
0.600	-5.000	0.508	-1.373	0.000
0.600	-5.000	0.514	-1.284	0.000
0.600	-5.000	0.517	-1.240	0.000
0.600	-5.000	0.522	-1.174	0.000
0.600	-5.000	0.528	-1.085	0.000
0.600	-5.000	0.532	-1.018	0.000
0.600	-5.000	0.537	-0.952	0.000
0.600	-5.000	0.541	-0.885	0.000
0.600	-5.000	0.545	-0.819	0.000
0.600	-5.000	0.550	-0.752	0.000
0.600	-5.000	0.554	-0.686	0.000
0.600	-5.000	0.557	-0.641	0.000
0.600	-5.000	0.562	-0.575	0.000
0.600	-5.000	0.566	-0.508	0.000
0.600	-5.000	0.569	-0.464	0.000
0.600	-5.000	0.574	-0.397	0.000
0.600	-5.000	0.576	-0.353	0.000
0.600	-5.000	0.581	-0.287	0.000
0.600	-5.000	0.585	-0.220	0.000
0.600	-5.000	0.585	-0.220	0.000
0.600	-5.000	0.588	-0.176	0.000
0.600	-5.000	0.591	-0.131	0.000
0.600	-5.000	0.596	-0.065	0.000
0.600	-5.000	0.594	-0.087	0.000
0.600	-5.000	0.597	-0.043	0.000
0.600	-5.000	0.600	0.002	0.000
0.600	-5.000	0.602	0.024	0.000
0.600	-5.000	0.603	0.046	0.000
0.600	-5.000	0.606	0.090	0.000
0.600	-5.000	0.606	0.090	0.000
0.600	-5.000	0.606	0.090	0.000
0.600	-5.000	0.609	0.135	0.000
0.600	-5.000	0.609	0.135	0.000
0.600	-5.000	0.610	0.157	0.000
0.600	-5.000	0.610	0.157	0.000
0.600	-5.000	0.612	0.179	0.000
0.600	-5.000	0.612	0.179	0.000
0.600	-5.000	0.613	0.201	0.000
0.600	-5.000	0.615	0.223	0.000
0.600	-5.000	0.613	0.201	0.000
0.600	-5.000	0.615	0.223	0.000
0.600	-5.000	0.613	0.201	0.000
0.600	-5.000	0.616	0.246	0.000
0.600	-5.000	0.618	0.268	0.000
0.600	-5.000	0.616	0.246	0.000
0.600	-5.000	0.619	0.290	0.000
0.600	-5.000	0.619	0.290	0.000
0.600	-5.000	0.619	0.290	0.000
0.600	-5.000	0.619	0.290	0.000
0.600	-5.000	0.621	0.312	0.000
0.600	-5.000	0.621	0.312	0.000
0.600	-5.000	0.621	0.312	0.000
0.600	-5.000	0.621	0.312	0.000
0.600	-5.000	0.619	0.290	0.000
0.600	-5.000	0.619	0.290	0.000
0.600	-5.000	0.621	0.312	0.000
0.600	-5.000	0.621	0.312	0.000
0.600	-5.000	0.619	0.290	0.000
0.600	-5.000	0.621	0.312	0.000
0.600	-5.000	0.621	0.312	0.000
0.600	-5.000	0.621	0.312	0.000
0.600	-5.000	0.621	0.312	0.000
0.600	-5.000	0.621	0.312	0.000
0.600	-5.000	0.622	0.334	0.000
0.600	-5.000	0.621	0.312	0.000
0.600	-5.000	0.621	0.312	0.000
0.600	-5.000	0.621	0.312	0.000
0.600	-5.000	0.621	0.312	0.000
0.600	-5.000	0.619	0.290	0.000
0.600	-5.000	0.621	0.312	0.000
0.600	-5.000	0.621	0.312	0.000
0.600	-5.000	0.621	0.312	0.000
0.600	-5.000	0.619	0.290	0.000
0.600	-5.000	0.621	0.312	0.000
0.600	-5.000	0.621	0.312	0.000
0.600	-5.000	0.619	0.290	0.000
0.600	-5.000	0.621	0.312	0.000
0.600	-5.000	0.621	0.312	0.000
0.600	-5.000	0.619	0.290	0.000
0.600	-5.000	0.619	0.290	0.000
0.600	-5.000	0.621	0.312	0.000
0.600	-5.000	0.622	0.334	0.000
0.600	-5.000	0.622	0.334	0.000
0.600	-5.000	0.621	0.312	0.000
0.600	-5.000	0.621	0.312	0.000
0.600	-5.000	0.621	0.312	0.000
0.600	-5.000	0.619	0.290	0.000
0.600	-5.000	0.621	0.312	0.000
0.600	-5.000	0.619	0.290	0.000
0.600	-5.000	0.621	0.312	0.000
0.600	-5.000	0.618	0.268	0.000
0.600	-5.000	0.618	0.268	0.000
0.600	-5.000	0.619	0.290	0.000
0.600	-5.000	0.616	0.246	0.000
0.600	-5.000	0.616	0.246	0.000
0.600	-5.000	0.616	0.246	0.000
0.600	-5.000	0.616	0.246	0.000
0.600	-5.000	0.616	0.246	0.000
0.600	-5.000	0.615	0.223	0.000
0.600	-5.000	0.616	0.246	0.000
0.600	-5.000	0.613	0.201	0.000
0.600	-5.000	0.615	0.223	0.000
0.600	-5.000	0.615	0.223	0.000
0.600	-5.000	0.613	0.201	0.000
0.600	-5.000	0.613	0.201	0.000
0.600	-5.000	0.613	0.201	0.000
0.600	-5.000	0.613	0.201	0.000
0.600	-5.000	0.612	0.179	0.000
0.600	-5.000	0.613	0.201	0.000
0.600	-5.000	0.612	0.179	0.000
0.600	-5.000	0.612	0.179	0.000
0.600	-5.000	0.610	0.157	0.000
0.600	-5.000	0.610	0.157	0.000
0.600	-5.000	0.609	0.135	0.000
0.600	-5.000	0.609	0.135	0.000
0.600	-5.000	0.610	0.157	0.000
0.600	-5.000	0.612	0.179	0.000
0.600	-5.000	0.608	0.113	0.000
0.600	-5.000	0.608	0.113	0.000
0.600	-5.000	0.609	0.135	0.000
0.600	-5.000	0.606	0.090	0.000
0.600	-5.000	0.606	0.090	0.000
0.600	-5.000	0.609	0.135	0.000
0.600	-5.000	0.608	0.113	0.000
0.600	-5.000	0.608	0.113	0.000
0.600	-5.000	0.608	0.113	0.000
0.600	-5.000	0.606	0.090	0.000
0.600	-5.000	0.608	0.113	0.000
0.600	-5.000	0.605	0.068	0.000
0.600	-5.000	0.606	0.090	0.000
0.600	-5.000	0.606	0.090	0.000
0.600	-5.000	0.606	0.090	0.000
0.600	-5.000	0.605	0.068	0.000
0.600	-5.000	0.606	0.090	0.000
0.600	-5.000	0.603	0.046	0.000
0.600	-5.000	0.606	0.090	0.000
0.600	-5.000	0.605	0.068	0.000
0.600	-5.000	0.605	0.068	0.000
0.600	-5.000	0.605	0.068	0.000
0.600	-5.000	0.605	0.068	0.000
0.600	-5.000	0.603	0.046	0.000
0.600	-5.000	0.603	0.046	0.000
0.600	-5.000	0.603	0.046	0.000
0.600	-5.000	0.605	0.068	0.000
0.600	-5.000	0.603	0.046	0.000
0.600	-5.000	0.605	0.068	0.000
0.600	-5.000	0.605	0.068	0.000
0.600	-5.000	0.603	0.046	0.000
0.600	-5.000	0.602	0.024	0.000
0.600	-5.000	0.605	0.068	0.000
0.600	-5.000	0.603	0.046	0.000
0.600	-5.000	0.605	0.068	0.000
0.600	-5.000	0.603	0.046	0.000
0.600	-5.000	0.602	0.024	0.000
0.600	-5.000	0.603	0.046	0.000
0.600	-5.000	0.600	0.002	0.000
0.600	-5.000	0.600	0.002	0.000
0.600	-5.000	0.602	0.024	0.000
0.600	-5.000	0.602	0.024	0.000
0.600	-5.000	0.602	0.024	0.000
0.600	-5.000	0.602	0.024	0.000
0.600	-5.000	0.602	0.024	0.000
0.600	-5.000	0.602	0.024	0.000
0.600	-5.000	0.602	0.024	0.000
0.600	-5.000	0.602	0.024	0.000
0.600	-5.000	0.602	0.024	0.000
0.600	-5.000	0.602	0.024	0.000
0.600	-5.000	0.600	0.002	0.000
0.600	-5.000	0.602	0.024	0.000
0.600	-5.000	0.602	0.024	0.000
0.600	-5.000	0.602	0.024	0.000
0.600	-5.000	0.602	0.024	0.000
0.600	-5.000	0.603	0.046	0.000
0.600	-5.000	0.602	0.024	0.000
0.600	-5.000	0.602	0.024	0.000
0.600	-5.000	0.600	0.002	0.000
0.600	-5.000	0.600	0.002	0.000
0.600	-5.000	0.602	0.024	0.000
0.600	-5.000	0.602	0.024	0.000
0.600	-5.000	0.602	0.024	0.000
0.600	-5.000	0.602	0.024	0.000
0.600	-5.000	0.602	0.024	0.000
0.600	-5.000	0.602	0.024	0.000
0.600	-5.000	0.600	0.002	0.000
0.600	-5.000	0.602	0.024	0.000
0.600	-5.000	0.603	0.046	0.000
0.600	-5.000	0.602	0.024	0.000
0.600	-5.000	0.600	0.002	0.000
0.600	-5.000	0.602	0.024	0.000
0.600	-5.000	0.602	0.024	0.000
0.600	-5.000	0.603	0.046	0.000
0.600	-5.000	0.602	0.024	0.000
0.600	-5.000	0.602	0.024	0.000
0.600	-5.000	0.600	0.002	0.000
0.600	-5.000	0.602	0.024	0.000
0.600	-5.000	0.600	0.002	0.000
0.600	-5.000	0.602	0.024	0.000
0.600	-5.000	0.602	0.024	0.000
0.600	-5.000	0.602	0.024	0.000
0.600	-5.000	0.602	0.024	0.000
0.600	-5.000	0.602	0.024	0.000
0.600	-5.000	0.602	0.024	0.000
0.600	-5.000	0.600	0.002	0.000
0.600	-5.000	0.602	0.024	0.000
0.600	-5.000	0.603	0.046	0.000
0.600	-5.000	0.602	0.024	0.000
0.600	-5.000	0.600	0.002	0.000
0.600	-5.000	0.602	0.024	0.000
0.600	-5.000	0.603	0.046	0.000
0.600	-5.000	0.600	0.002	0.000
0.600	-5.000	0.600	0.002	0.000
0.600	-5.000	0.602	0.024	0.000
0.600	-5.000	0.602	0.024	0.000
0.600	-5.000	0.602	0.024	0.000
0.600	-5.000	0.602	0.024	0.000
0.600	-5.000	0.603	0.046	0.000
0.600	-5.000	0.600	0.002	0.000
0.600	-5.000	0.602	0.024	0.000
0.600	-5.000	0.600	0.002	0.000
0.600	-5.000	0.603	0.046	0.000
0.600	-5.000	0.602	0.024	0.000
0.600	-5.000	0.600	0.002	0.000
0.600	-5.000	0.600	0.002	0.000
0.600	-5.000	0.600	0.002	0.000
0.600	-5.000	0.602	0.024	0.000
0.600	-5.000	0.603	0.046	0.000
0.600	-5.000	0.602	0.024	0.000
0.600	-5.000	0.602	0.024	0.000
0.600	-5.000	0.602	0.024	0.000
0.600	-5.000	0.602	0.024	0.000
0.600	-5.000	0.602	0.024	0.000
0.600	-5.000	0.602	0.024	0.000
0.600	-5.000	0.602	0.024	0.000
0.600	-5.000	0.602	0.024	0.000
0.600	-5.000	0.602	0.024	0.000
0.600	-5.000	0.602	0.024	0.000
0.600	-5.000	0.603	0.046	0.000
0.600	-5.000	0.602	0.024	0.000
0.600	-5.000	0.600	0.002	0.000
0.600	-5.000	0.599	-0.020	0.000
0.600	-5.000	0.603	0.046	0.000
0.600	-5.000	0.602	0.024	0.000
0.600	-5.000	0.603	0.046	0.000
0.600	-5.000	0.602	0.024	0.000
0.600	-5.000	0.602	0.024	0.000
0.600	-5.000	0.599	-0.020	0.000
0.600	-5.000	0.600	0.002	0.000
0.600	-5.000	0.603	0.046	0.000
0.600	-5.000	0.602	0.024	0.000
0.600	-5.000	0.602	0.024	0.000
0.600	-5.000	0.602	0.024	0.000
0.600	-5.000	0.600	0.002	0.000
0.600	-5.000	0.602	0.024	0.000
0.600	-5.000	0.603	0.046	0.000
0.600	-5.000	0.602	0.024	0.000
0.600	-5.000	0.600	0.002	0.000
0.600	-5.000	0.602	0.024	0.000
0.600	-5.000	0.603	0.046	0.000
0.600	-5.000	0.602	0.024	0.000
0.600	-5.000	0.602	0.024	0.000
0.600	-5.000	0.603	0.046	0.000
0.600	-5.000	0.602	0.024	0.000
0.600	-5.000	0.602	0.024	0.000
0.600	-5.000	0.602	0.024	0.000
0.600	-5.000	0.600	0.002	0.000
0.600	-5.000	0.602	0.024	0.000
0.600	-5.000	0.602	0.024	0.000
0.600	-5.000	0.602	0.024	0.000
0.600	-5.000	0.603	0.046	0.000
0.600	-5.000	0.600	0.002	0.000
0.600	-5.000	0.602	0.024	0.000
0.600	-5.000	0.602	0.024	0.000
0.600	-5.000	0.602	0.024	0.000
0.600	-5.000	0.602	0.024	0.000
0.600	-5.000	0.602	0.024	0.000
0.600	-5.000	0.603	0.046	0.000
0.600	-5.000	0.603	0.046	0.000
0.600	-5.000	0.603	0.046	0.000
0.600	-5.000	0.602	0.024	0.000
0.600	-5.000	0.603	0.046	0.000
0.600	-5.000	0.600	0.002	0.000
0.600	-5.000	0.602	0.024	0.000
0.600	-5.000	0.603	0.046	0.000
0.600	-5.000	0.600	0.002	0.000
0.600	-5.000	0.600	0.002	0.000
0.600	-5.000	0.603	0.046	0.000
0.600	-5.000	0.603	0.046	0.000
0.600	-5.000	0.602	0.024	0.000
0.600	-5.000	0.602	0.024	0.000
0.600	-5.000	0.603	0.046	0.000
0.600	-5.000	0.602	0.024	0.000
0.600	-5.000	0.602	0.024	0.000
0.600	-5.000	0.602	0.024	0.000
0.600	-5.000	0.603	0.046	0.000
0.600	-5.000	0.602	0.024	0.000
0.600	-5.000	0.602	0.024	0.000
0.600	-5.000	0.603	0.046	0.000
0.600	-5.000	0.602	0.024	0.000
0.600	-5.000	0.600	0.002	0.000
0.600	-5.000	0.602	0.024	0.000
0.600	-5.000	0.602	0.024	0.000
0.600	-5.000	0.602	0.024	0.000
0.600	-5.000	0.602	0.024	0.000
0.600	-5.000	0.602	0.024	0.000
0.600	-5.000	0.600	0.002	0.000
0.600	-5.000	0.602	0.024	0.000
0.600	-5.000	0.602	0.024	0.000
0.600	-5.000	0.602	0.024	0.000
0.600	-5.000	0.603	0.046	0.000
0.600	-5.000	0.603	0.046	0.000
0.600	-5.000	0.602	0.024	0.000
0.600	-5.000	0.603	0.046	0.000
0.600	-5.000	0.603	0.046	0.000
0.600	-5.000	0.603	0.046	0.000
0.600	-5.000	0.603	0.046	0.000
0.600	-5.000	0.602	0.024	0.000
0.600	-5.000	0.602	0.024	0.000
0.600	-5.000	0.602	0.024	0.000
0.600	-5.000	0.602	0.024	0.000
0.600	-5.000	0.602	0.024	0.000
0.600	-5.000	0.603	0.046	0.000
0.600	-5.000	0.602	0.024	0.000
0.600	-5.000	0.602	0.024	0.000
0.600	-5.000	0.602	0.024	0.000
0.600	-5.000	0.603	0.046	0.000
0.600	-5.000	0.602	0.024	0.000
0.600	-5.000	0.602	0.024	0.000
0.600	-5.000	0.602	0.024	0.000
0.600	-5.000	0.603	0.046	0.000
0.600	-5.000	0.603	0.046	0.000
0.600	-5.000	0.603	0.046	0.000
0.600	-5.000	0.602	0.024	0.000
0.600	-5.000	0.603	0.046	0.000
0.600	-5.000	0.602	0.024	0.000
0.600	-5.000	0.602	0.024	0.000
0.600	-5.000	0.602	0.024	0.000
0.600	-5.000	0.602	0.024	0.000
0.600	-5.000	0.603	0.046	0.000
0.600	-5.000	0.603	0.046	0.000
0.600	-5.000	0.602	0.024	0.000
0.600	-5.000	0.603	0.046	0.000
0.600	-5.000	0.605	0.068	0.000
0.600	-5.000	0.602	0.024	0.000
0.600	-5.000	0.602	0.024	0.000
0.600	-5.000	0.602	0.024	0.000
0.600	-5.000	0.600	0.002	0.000
0.600	-5.000	0.602	0.024	0.000
0.600	-5.000	0.603	0.046	0.000
0.600	-5.000	0.602	0.024	0.000
0.600	-5.000	0.602	0.024	0.000
0.600	-5.000	0.603	0.046	0.000
0.600	-5.000	0.603	0.046	0.000
0.600	-5.000	0.602	0.024	0.000
0.600	-5.000	0.603	0.046	0.000
0.600	-5.000	0.603	0.046	0.000
0.600	-5.000	0.602	0.024	0.000
0.600	-5.000	0.602	0.024	0.000
0.600	-5.000	0.602	0.024	0.000
0.600	-5.000	0.605	0.068	0.000
0.600	-5.000	0.603	0.046	0.000
0.600	-5.000	0.602	0.024	0.000
0.600	-5.000	0.602	0.024	0.000
0.600	-5.000	0.602	0.024	0.000
0.600	-5.000	0.602	0.024	0.000
0.600	-5.000	0.603	0.046	0.000
0.600	-5.000	0.602	0.024	0.000
0.600	-5.000	0.602	0.024	0.000
0.600	-5.000	0.603	0.046	0.000
0.600	-5.000	0.603	0.046	0.000
0.600	-5.000	0.603	0.046	0.000
0.600	-5.000	0.602	0.024	0.000
0.600	-5.000	0.602	0.024	0.000
0.600	-5.000	0.603	0.046	0.000
0.600	-5.000	0.603	0.046	0.000
0.600	-5.000	0.603	0.046	0.000
0.600	-5.000	0.603	0.046	0.000
0.600	-5.000	0.603	0.046	0.000
0.600	-5.000	0.602	0.024	0.000
0.600	-5.000	0.602	0.024	0.000
0.600	-5.000	0.603	0.046	0.000
0.600	-5.000	0.603	0.046	0.000
0.600	-5.000	0.603	0.046	0.000
0.600	-5.000	0.603	0.046	0.000
0.600	-5.000	0.602	0.024	0.000
0.600	-5.000	0.603	0.046	0.000
0.600	-5.000	0.602	0.024	0.000
0.600	-5.000	0.603	0.046	0.000
0.600	-5.000	0.602	0.024	0.000
0.600	-5.000	0.603	0.046	0.000
0.600	-5.000	0.602	0.024	0.000
0.600	-5.000	0.603	0.046	0.000
0.600	-5.000	0.603	0.046	0.000
0.600	-5.000	0.603	0.046	0.000
0.600	-5.000	0.603	0.046	0.000
0.600	-5.000	0.603	0.046	0.000
0.600	-5.000	0.603	0.046	0.000
0.600	-5.000	0.602	0.024	0.000
0.600	-5.000	0.602	0.024	0.000
0.600	-5.000	0.602	0.024	0.000
0.600	-5.000	0.600	0.002	0.000
0.600	-5.000	0.603	0.046	0.000
0.600	-5.000	0.603	0.046	0.000
0.600	-5.000	0.603	0.046	0.000
0.600	-5.000	0.603	0.046	0.000
0.600	-5.000	0.603	0.046	0.000
0.600	-5.000	0.600	0.002	0.000
0.600	-5.000	0.603	0.046	0.000
0.600	-5.000	0.602	0.024	0.000
0.600	-5.000	0.603	0.046	0.000
0.600	-5.000	0.603	0.046	0.000
0.600	-5.000	0.603	0.046	0.000
0.600	-5.000	0.603	0.046	0.000
0.600	-5.000	0.603	0.046	0.000
0.600	-5.000	0.603	0.046	0.000
0.600	-5.000	0.603	0.046	0.000
0.600	-5.000	0.602	0.024	0.000
0.600	-5.000	0.603	0.046	0.000
0.600	-5.000	0.603	0.046	0.000
0.600	-5.000	0.603	0.046	0.000
0.600	-5.000	0.603	0.046	0.000
0.600	-5.000	0.603	0.046	0.000
0.600	-5.000	0.603	0.046	0.000
0.600	-5.000	0.603	0.046	0.000
0.600	-5.000	0.603	0.046	0.000
0.600	-5.000	0.603	0.046	0.000
0.600	-5.000	0.602	0.024	0.000
0.600	-5.000	0.602	0.024	0.000
0.600	-5.000	0.603	0.046	0.000
0.600	-5.000	0.602	0.024	0.000
0.600	-5.000	0.603	0.046	0.000
0.600	-5.000	0.603	0.046	0.000
0.600	-5.000	0.603	0.046	0.000
0.600	-5.000	0.603	0.046	0.000
0.600	-5.000	0.602	0.024	0.000
0.600	-5.000	0.602	0.024	0.000
0.600	-5.000	0.603	0.046	0.000
0.600	-5.000	0.603	0.046	0.000
0.600	-5.000	0.603	0.046	0.000
0.600	-5.000	0.602	0.024	0.000
0.600	-5.000	0.603	0.046	0.000
0.600	-5.000	0.602	0.024	0.000
0.600	-5.000	0.602	0.024	0.000
0.600	-5.000	0.603	0.046	0.000
0.600	-5.000	0.603	0.046	0.000
0.600	-5.000	0.602	0.024	0.000
0.600	-5.000	0.603	0.046	0.000
0.600	-5.000	0.603	0.046	0.000
0.600	-5.000	0.602	0.024	0.000
0.600	-5.000	0.602	0.024	0.000
0.600	-5.000	0.603	0.046	0.000
0.600	-5.000	0.602	0.024	0.000
0.600	-5.000	0.603	0.046	0.000
0.600	-5.000	0.602	0.024	0.000
0.600	-5.000	0.602	0.024	0.000
0.600	-5.000	0.602	0.024	0.000
0.600	-5.000	0.603	0.046	0.000
0.600	-5.000	0.602	0.024	0.000
0.600	-5.000	0.602	0.024	0.000
0.600	-5.000	0.602	0.024	0.000
0.600	-5.000	0.603	0.046	0.000
0.600	-5.000	0.603	0.046	0.000
0.600	-5.000	0.602	0.024	0.000
0.600	-5.000	0.600	0.002	0.000
0.600	-5.000	0.603	0.046	0.000
0.600	-5.000	0.603	0.046	0.000
0.600	-5.000	0.603	0.046	0.000
0.600	-5.000	0.602	0.024	0.000
0.600	-5.000	0.603	0.046	0.000
0.600	-5.000	0.602	0.024	0.000
0.600	-5.000	0.603	0.046	0.000
0.600	-5.000	0.602	0.024	0.000
0.600	-5.000	0.603	0.046	0.000
0.600	-5.000	0.602	0.024	0.000
0.600	-5.000	0.603	0.046	0.000
0.600	-5.000	0.603	0.046	0.000
0.600	-5.000	0.602	0.024	0.000
0.600	-5.000	0.603	0.046	0.000
0.600	-5.000	0.602	0.024	0.000
0.600	-5.000	0.600	0.002	0.000
0.600	-5.000	0.603	0.046	0.000
0.600	-5.000	0.602	0.024	0.000
0.600	-5.000	0.602	0.024	0.000
0.600	-5.000	0.602	0.024	0.000
0.600	-5.000	0.603	0.046	0.000
0.600	-5.000	0.602	0.024	0.000
0.600	-5.000	0.603	0.046	0.000
0.600	-5.000	0.603	0.046	0.000
0.600	-5.000	0.602	0.024	0.000
0.600	-5.000	0.603	0.046	0.000
0.600	-5.000	0.603	0.046	0.000
0.600	-5.000	0.602	0.024	0.000
0.600	-5.000	0.603	0.046	0.000
0.600	-5.000	0.603	0.046	0.000
0.600	-5.000	0.603	0.046	0.000
0.600	-5.000	0.603	0.046	0.000
0.600	-5.000	0.602	0.024	0.000
0.600	-5.000	0.603	0.046	0.000
0.600	-5.000	0.605	0.068	0.000
0.600	-5.000	0.602	0.024	0.000
0.600	-5.000	0.600	0.002	0.000
0.600	-5.000	0.602	0.024	0.000
0.600	-5.000	0.603	0.046	0.000
0.600	-5.000	0.602	0.024	0.000
0.600	-5.000	0.605	0.068	0.000
0.600	-5.000	0.603	0.046	0.000
0.600	-5.000	0.603	0.046	0.000
0.600	-5.000	0.602	0.024	0.000
0.600	-5.000	0.603	0.046	0.000
0.600	-5.000	0.603	0.046	0.000
0.600	-5.000	0.605	0.068	0.000
0.600	-5.000	0.605	0.068	0.000
0.600	-5.000	0.603	0.046	0.000
0.600	-5.000	0.605	0.068	0.000
0.600	-5.000	0.603	0.046	0.000
0.600	-5.000	0.602	0.024	0.000
0.600	-5.000	0.602	0.024	0.000
0.600	-5.000	0.603	0.046	0.000
0.600	-5.000	0.603	0.046	0.000
0.600	-5.000	0.603	0.046	0.000
0.600	-5.000	0.602	0.024	0.000
0.600	-5.000	0.602	0.024	0.000
0.600	-5.000	0.603	0.046	0.000
0.600	-5.000	0.605	0.068	0.000
0.600	-5.000	0.603	0.046	0.000
0.600	-5.000	0.603	0.046	0.000
0.600	-5.000	0.605	0.068	0.000
0.600	-5.000	0.602	0.024	0.000
0.600	-5.000	0.602	0.024	0.000
0.600	-5.000	0.605	0.068	0.000
0.600	-5.000	0.602	0.024	0.000
0.600	-5.000	0.605	0.068	0.000
0.600	-5.000	0.603	0.046	0.000
0.600	-5.000	0.602	0.024	0.000
0.600	-5.000	0.602	0.024	0.000
0.600	-5.000	0.603	0.046	0.000
0.600	-5.000	0.603	0.046	0.000
0.600	-5.000	0.602	0.024	0.000
0.600	-5.000	0.603	0.046	0.000
0.600	-5.000	0.603	0.046	0.000
0.600	-5.000	0.603	0.046	0.000
0.600	-5.000	0.605	0.068	0.000
0.600	-5.000	0.603	0.046	0.000
0.600	-5.000	0.603	0.046	0.000
0.600	-5.000	0.603	0.046	0.000
0.600	-5.000	0.603	0.046	0.000
0.600	-5.000	0.605	0.068	0.000
0.600	-5.000	0.605	0.068	0.000
0.600	-5.000	0.603	0.046	0.000
0.600	-5.000	0.603	0.046	0.000
0.600	-5.000	0.603	0.046	0.000
0.600	-5.000	0.602	0.024	0.000
0.600	-5.000	0.603	0.046	0.000
0.600	-5.000	0.602	0.024	0.000
0.600	-5.000	0.605	0.068	0.000
0.600	-5.000	0.603	0.046	0.000
0.600	-5.000	0.603	0.046	0.000
0.600	-5.000	0.602	0.024	0.000
0.600	-5.000	0.603	0.046	0.000
0.600	-5.000	0.603	0.046	0.000
0.600	-5.000	0.603	0.046	0.000
0.600	-5.000	0.605	0.068	0.000
0.600	-5.000	0.602	0.024	0.000
0.600	-5.000	0.603	0.046	0.000
0.600	-5.000	0.602	0.024	0.000
0.600	-5.000	0.603	0.046	0.000
0.600	-5.000	0.603	0.046	0.000
0.600	-5.000	0.602	0.024	0.000
0.600	-5.000	0.603	0.046	0.000
0.600	-5.000	0.603	0.046	0.000
0.600	-5.000	0.602	0.024	0.000
0.600	-5.000	0.603	0.046	0.000
0.600	-5.000	0.605	0.068	0.000
0.600	-5.000	0.602	0.024	0.000
0.600	-5.000	0.605	0.068	0.000
0.600	-5.000	0.603	0.046	0.000
0.600	-5.000	0.603	0.046	0.000
0.600	-5.000	0.603	0.046	0.000
0.600	-5.000	0.603	0.046	0.000
0.600	-5.000	0.603	0.046	0.000
0.600	-5.000	0.603	0.046	0.000
0.600	-5.000	0.603	0.046	0.000
0.600	-5.000	0.603	0.046	0.000
0.600	-5.000	0.603	0.046	0.000
0.600	-5.000	0.602	0.024	0.000
0.600	-5.000	0.603	0.046	0.000
0.600	-5.000	0.602	0.024	0.000
0.600	-5.000	0.603	0.046	0.000
0.600	-5.000	0.603	0.046	0.000
0.600	-5.000	0.603	0.046	0.000
0.600	-5.000	0.603	0.046	0.000
0.600	-5.000	0.603	0.046	0.000
0.600	-5.000	0.603	0.046	0.000
0.600	-5.000	0.603	0.046	0.000
0.600	-5.000	0.603	0.046	0.000
0.600	-5.000	0.603	0.046	0.000
0.600	-5.000	0.605	0.068	0.000
0.600	-5.000	0.603	0.046	0.000
0.600	-5.000	0.602	0.024	0.000
0.600	-5.000	0.603	0.046	0.000
0.600	-5.000	0.602	0.024	0.000
0.600	-5.000	0.603	0.046	0.000
0.600	-5.000	0.602	0.024	0.000
0.600	-5.000	0.605	0.068	0.000
0.600	-5.000	0.605	0.068	0.000
0.600	-5.000	0.603	0.046	0.000
0.600	-5.000	0.603	0.046	0.000
0.600	-5.000	0.603	0.046	0.000
0.600	-5.000	0.603	0.046	0.000
0.600	-5.000	0.603	0.046	0.000
0.600	-5.000	0.602	0.024	0.000
0.600	-5.000	0.603	0.046	0.000
0.600	-5.000	0.603	0.046	0.000
0.600	-5.000	0.602	0.024	0.000
0.600	-5.000	0.605	0.068	0.000
0.600	-5.000	0.603	0.046	0.000
0.600	-5.000	0.603	0.046	0.000
0.600	-5.000	0.603	0.046	0.000
0.600	-5.000	0.603	0.046	0.000
0.600	-5.000	0.602	0.024	0.000
0.600	-5.000	0.603	0.046	0.000
0.600	-5.000	0.602	0.024	0.000
0.600	-5.000	0.603	0.046	0.000
0.600	-5.000	0.605	0.068	0.000
0.600	-5.000	0.603	0.046	0.000
0.600	-5.000	0.602	0.024	0.000
0.600	-5.000	0.603	0.046	0.000
0.600	-5.000	0.603	0.046	0.000
0.600	-5.000	0.603	0.046	0.000
0.600	-5.000	0.603	0.046	0.000
0.600	-5.000	0.603	0.046	0.000
0.600	-5.000	0.603	0.046	0.000
0.600	-5.000	0.603	0.046	0.000
0.600	-5.000	0.603	0.046	0.000
0.600	-5.000	0.602	0.024	0.000
0.600	-5.000	0.603	0.046	0.000
0.600	-5.000	0.602	0.024	0.000
0.600	-5.000	0.603	0.046	0.000
0.600	-5.000	0.603	0.046	0.000
0.600	-5.000	0.602	0.024	0.000
0.600	-5.000	0.605	0.068	0.000
0.600	-5.000	0.605	0.068	0.000
0.600	-5.000	0.602	0.024	0.000
0.600	-5.000	0.603	0.046	0.000
0.600	-5.000	0.602	0.024	0.000
0.600	-5.000	0.602	0.024	0.000
0.600	-5.000	0.603	0.046	0.000
0.600	-5.000	0.605	0.068	0.000
0.600	-5.000	0.603	0.046	0.000
0.600	-5.000	0.603	0.046	0.000
0.600	-5.000	0.603	0.046	0.000
0.600	-5.000	0.602	0.024	0.000
0.600	-5.000	0.603	0.046	0.000
0.600	-5.000	0.605	0.068	0.000
0.600	-5.000	0.603	0.046	0.000
0.600	-5.000	0.602	0.024	0.000
0.600	-5.000	0.606	0.090	0.000
0.600	-5.000	0.603	0.046	0.000
0.600	-5.000	0.602	0.024	0.000
0.600	-5.000	0.603	0.046	0.000
0.600	-5.000	0.602	0.024	0.000
0.600	-5.000	0.603	0.046	0.000
0.600	-5.000	0.603	0.046	0.000
0.600	-5.000	0.603	0.046	0.000
0.600	-5.000	0.603	0.046	0.000
0.600	-5.000	0.603	0.046	0.000
0.600	-5.000	0.602	0.024	0.000
0.600	-5.000	0.603	0.046	0.000
0.600	-5.000	0.603	0.046	0.000
0.600	-5.000	0.603	0.046	0.000
0.600	-5.000	0.603	0.046	0.000
0.600	-5.000	0.603	0.046	0.000
0.600	-5.000	0.603	0.046	0.000
0.600	-5.000	0.602	0.024	0.000
0.600	-5.000	0.605	0.068	0.000
0.600	-5.000	0.603	0.046	0.000
0.600	-5.000	0.603	0.046	0.000
0.600	-5.000	0.603	0.046	0.000
0.600	-5.000	0.605	0.068	0.000
0.600	-5.000	0.603	0.046	0.000
0.600	-5.000	0.603	0.046	0.000
0.600	-5.000	0.603	0.046	0.000
0.600	-5.000	0.603	0.046	0.000
0.600	-5.000	0.603	0.046	0.000
0.600	-5.000	0.603	0.046	0.000
0.600	-5.000	0.603	0.046	0.000
0.600	-5.000	0.603	0.046	0.000
0.600	-5.000	0.605	0.068	0.000
0.600	-5.000	0.603	0.046	0.000
0.600	-5.000	0.603	0.046	0.000
0.600	-5.000	0.605	0.068	0.000
0.600	-5.000	0.603	0.046	0.000
0.600	-5.000	0.603	0.046	0.000
0.600	-5.000	0.602	0.024	0.000
0.600	-5.000	0.603	0.046	0.000
0.600	-5.000	0.605	0.068	0.000
0.600	-5.000	0.603	0.046	0.000
0.600	-5.000	0.605	0.068	0.000
0.600	-5.000	0.603	0.046	0.000
0.600	-5.000	0.603	0.046	0.000
0.600	-5.000	0.603	0.046	0.000
0.600	-5.000	0.602	0.024	0.000
0.600	-5.000	0.602	0.024	0.000
0.600	-5.000	0.602	0.024	0.000
0.600	-5.000	0.603	0.046	0.000
0.600	-5.000	0.605	0.068	0.000
0.600	-5.000	0.602	0.024	0.000
0.600	-5.000	0.603	0.046	0.000
0.600	-5.000	0.603	0.046	0.000
0.600	-5.000	0.603	0.046	0.000
0.600	-5.000	0.603	0.046	0.000
0.600	-5.000	0.603	0.046	0.000
0.600	-5.000	0.602	0.024	0.000
0.600	-5.000	0.603	0.046	0.000
0.600	-5.000	0.603	0.046	0.000
0.600	-5.000	0.603	0.046	0.000
0.600	-5.000	0.603	0.046	0.000
0.600	-5.000	0.603	0.046	0.000
0.600	-5.000	0.602	0.024	0.000
0.600	-5.000	0.605	0.068	0.000
0.600	-5.000	0.603	0.046	0.000
0.600	-5.000	0.605	0.068	0.000
0.600	-5.000	0.603	0.046	0.000
0.600	-5.000	0.602	0.024	0.000
0.600	-5.000	0.602	0.024	0.000
0.600	-5.000	0.602	0.024	0.000
0.600	-5.000	0.603	0.046	0.000
0.600	-5.000	0.603	0.046	0.000
0.600	-5.000	0.603	0.046	0.000
0.600	-5.000	0.603	0.046	0.000
0.600	-5.000	0.603	0.046	0.000
0.600	-5.000	0.602	0.024	0.000
0.600	-5.000	0.603	0.046	0.000
0.600	-5.000	0.603	0.046	0.000
0.600	-5.000	0.602	0.024	0.000
0.600	-5.000	0.603	0.046	0.000
0.600	-5.000	0.602	0.024	0.000
0.600	-5.000	0.603	0.046	0.000
0.600	-5.000	0.603	0.046	0.000
0.600	-5.000	0.603	0.046	0.000
0.600	-5.000	0.603	0.046	0.000
0.600	-5.000	0.603	0.046	0.000
0.600	-5.000	0.603	0.046	0.000
0.600	-5.000	0.602	0.024	0.000
0.600	-5.000	0.603	0.046	0.000
0.600	-5.000	0.603	0.046	0.000
0.600	-5.000	0.602	0.024	0.000
0.600	-5.000	0.602	0.024	0.000
0.600	-5.000	0.603	0.046	0.000
0.600	-5.000	0.603	0.046	0.000
0.600	-5.000	0.605	0.068	0.000
0.600	-5.000	0.603	0.046	0.000
0.600	-5.000	0.602	0.024	0.000
0.600	-5.000	0.603	0.046	0.000
0.600	-5.000	0.603	0.046	0.000
0.600	-5.000	0.602	0.024	0.000
0.600	-5.000	0.603	0.046	0.000
0.600	-5.000	0.603	0.046	0.000
0.600	-5.000	0.603	0.046	0.000
0.600	-5.000	0.605	0.068	0.000
0.600	-5.000	0.603	0.046	0.000
0.600	-5.000	0.603	0.046	0.000
0.600	-5.000	0.603	0.046	0.000
0.600	-5.000	0.603	0.046	0.000
0.600	-5.000	0.603	0.046	0.000
0.600	-5.000	0.603	0.046	0.000
0.600	-5.000	0.603	0.046	0.000
0.600	-5.000	0.603	0.046	0.000
0.600	-5.000	0.603	0.046	0.000
0.600	-5.000	0.603	0.046	0.000
0.600	-5.000	0.602	0.024	0.000
0.600	-5.000	0.603	0.046	0.000
0.600	-5.000	0.605	0.068	0.000
0.600	-5.000	0.603	0.046	0.000
0.600	-5.000	0.605	0.068	0.000
0.600	-5.000	0.602	0.024	0.000
0.600	-5.000	0.603	0.046	0.000
0.600	-5.000	0.605	0.068	0.000
0.600	-5.000	0.603	0.046	0.000
0.600	-5.000	0.605	0.068	0.000
0.600	-5.000	0.603	0.046	0.000
0.600	-5.000	0.603	0.046	0.000
0.600	-5.000	0.603	0.046	0.000
0.600	-5.000	0.605	0.068	0.000
0.600	-5.000	0.605	0.068	0.000
0.600	-5.000	0.603	0.046	0.000
0.600	-5.000	0.602	0.024	0.000
0.600	-5.000	0.603	0.046	0.000
0.600	-5.000	0.603	0.046	0.000
0.600	-5.000	0.603	0.046	0.000
0.600	-5.000	0.605	0.068	0.000
0.600	-5.000	0.602	0.024	0.000
0.600	-5.000	0.603	0.046	0.000
0.600	-5.000	0.603	0.046	0.000
0.600	-5.000	0.605	0.068	0.000
0.600	-5.000	0.602	0.024	0.000
0.600	-5.000	0.603	0.046	0.000
0.600	-5.000	0.605	0.068	0.000
0.600	-5.000	0.605	0.068	0.000
0.600	-5.000	0.605	0.068	0.000
0.600	-5.000	0.603	0.046	0.000
0.600	-5.000	0.602	0.024	0.000
0.600	-5.000	0.603	0.046	0.000
0.600	-5.000	0.605	0.068	0.000
0.600	-5.000	0.602	0.024	0.000
0.600	-5.000	0.605	0.068	0.000
0.600	-5.000	0.603	0.046	0.000
0.600	-5.000	0.603	0.046	0.000
0.600	-5.000	0.603	0.046	0.000
0.600	-5.000	0.603	0.046	0.000
0.600	-5.000	0.603	0.046	0.000
0.600	-5.000	0.603	0.046	0.000
0.600	-5.000	0.603	0.046	0.000
0.600	-5.000	0.603	0.046	0.000
0.600	-5.000	0.603	0.046	0.000
0.600	-5.000	0.603	0.046	0.000
0.600	-5.000	0.603	0.046	0.000
0.600	-5.000	0.605	0.068	0.000
0.600	-5.000	0.603	0.046	0.000
0.600	-5.000	0.603	0.046	0.000
0.600	-5.000	0.603	0.046	0.000
0.600	-5.000	0.603	0.046	0.000
0.600	-5.000	0.603	0.046	0.000
0.600	-5.000	0.605	0.068	0.000
0.600	-5.000	0.603	0.046	0.000
0.600	-5.000	0.603	0.046	0.000
0.600	-5.000	0.603	0.046	0.000
0.600	-5.000	0.603	0.046	0.000
0.600	-5.000	0.603	0.046	0.000
0.600	-5.000	0.605	0.068	0.000
0.600	-5.000	0.603	0.046	0.000
0.600	-5.000	0.603	0.046	0.000
0.600	-5.000	0.603	0.046	0.000
0.600	-5.000	0.605	0.068	0.000
0.600	-5.000	0.603	0.046	0.000
0.600	-5.000	0.603	0.046	0.000
0.600	-5.000	0.605	0.068	0.000
0.600	-5.000	0.603	0.046	0.000
0.600	-5.000	0.603	0.046	0.000
0.600	-5.000	0.605	0.068	0.000
0.600	-5.000	0.602	0.024	0.000
0.600	-5.000	0.603	0.046	0.000
0.600	-5.000	0.605	0.068	0.000
0.600	-5.000	0.603	0.046	0.000
0.600	-5.000	0.603	0.046	0.000
0.600	-5.000	0.603	0.046	0.000
0.600	-5.000	0.605	0.068	0.000
0.600	-5.000	0.602	0.024	0.000
0.600	-5.000	0.605	0.068	0.000
0.600	-5.000	0.603	0.046	0.000
0.600	-5.000	0.605	0.068	0.000
0.600	-5.000	0.603	0.046	0.000
0.600	-5.000	0.602	0.024	0.000
0.600	-5.000	0.603	0.046	0.000
0.600	-5.000	0.603	0.046	0.000
0.600	-5.000	0.602	0.024	0.000
0.600	-5.000	0.603	0.046	0.000
0.600	-5.000	0.603	0.046	0.000
0.600	-5.000	0.603	0.046	0.000
0.600	-5.000	0.603	0.046	0.000
0.600	-5.000	0.603	0.046	0.000
0.600	-5.000	0.603	0.046	0.000
0.600	-5.000	0.603	0.046	0.000
0.600	-5.000	0.602	0.024	0.000
0.600	-5.000	0.603	0.046	0.000
0.600	-5.000	0.602	0.024	0.000
0.600	-5.000	0.603	0.046	0.000
0.600	-5.000	0.603	0.046	0.000
0.600	-5.000	0.603	0.046	0.000
0.600	-5.000	0.603	0.046	0.000
0.600	-5.000	0.603	0.046	0.000
0.600	-5.000	0.603	0.046	0.000
0.600	-5.000	0.603	0.046	0.000
0.600	-5.000	0.603	0.046	0.000
0.600	-5.000	0.605	0.068	0.000
0.600	-5.000	0.603	0.046	0.000
0.600	-5.000	0.605	0.068	0.000
0.600	-5.000	0.605	0.068	0.000
0.600	-5.000	0.605	0.068	0.000
0.600	-5.000	0.603	0.046	0.000
0.600	-5.000	0.605	0.068	0.000
0.600	-5.000	0.603	0.046	0.000
0.600	-5.000	0.605	0.068	0.000
0.600	-5.000	0.605	0.068	0.000
0.600	-5.000	0.602	0.024	0.000
0.600	-5.000	0.605	0.068	0.000
0.600	-5.000	0.603	0.046	0.000
0.600	-5.000	0.605	0.068	0.000
0.600	-5.000	0.603	0.046	0.000
0.600	-5.000	0.605	0.068	0.000
0.600	-5.000	0.605	0.068	0.000
0.600	-5.000	0.605	0.068	0.000
0.600	-5.000	0.603	0.046	0.000
0.600	-5.000	0.602	0.024	0.000
0.600	-5.000	0.603	0.046	0.000
0.600	-5.000	0.605	0.068	0.000
0.600	-5.000	0.603	0.046	0.000
0.600	-5.000	0.605	0.068	0.000
0.600	-5.000	0.603	0.046	0.000
0.600	-5.000	0.603	0.046	0.000
0.600	-5.000	0.605	0.068	0.000
0.600	-5.000	0.603	0.046	0.000
0.600	-5.000	0.605	0.068	0.000
0.600	-5.000	0.603	0.046	0.000
0.600	-5.000	0.603	0.046	0.000
0.600	-5.000	0.603	0.046	0.000
0.600	-5.000	0.603	0.046	0.000
0.600	-5.000	0.603	0.046	0.000
0.600	-5.000	0.605	0.068	0.000
0.600	-5.000	0.603	0.046	0.000
0.600	-5.000	0.605	0.068	0.000
0.600	-5.000	0.605	0.068	0.000
0.600	-5.000	0.603	0.046	0.000
0.600	-5.000	0.602	0.024	0.000
0.600	-5.000	0.605	0.068	0.000
0.600	-5.000	0.603	0.046	0.000
0.600	-5.000	0.602	0.024	0.000
0.600	-5.000	0.603	0.046	0.000
0.600	-5.000	0.603	0.046	0.000
0.600	-5.000	0.602	0.024	0.000
0.600	-5.000	0.603	0.046	0.000
0.600	-5.000	0.605	0.068	0.000
0.600	-5.000	0.605	0.068	0.000
0.600	-5.000	0.603	0.046	0.000
0.600	-5.000	0.603	0.046	0.000
0.600	-5.000	0.603	0.046	0.000
0.600	-5.000	0.605	0.068	0.000
0.600	-5.000	0.605	0.068	0.000
0.600	-5.000	0.603	0.046	0.000
0.600	-5.000	0.603	0.046	0.000
0.600	-5.000	0.603	0.046	0.000
0.600	-5.000	0.603	0.046	0.000
0.600	-5.000	0.605	0.068	0.000
0.600	-5.000	0.602	0.024	0.000
0.600	-5.000	0.603	0.046	0.000
0.600	-5.000	0.603	0.046	0.000
0.600	-5.000	0.603	0.046	0.000
0.600	-5.000	0.602	0.024	0.000
0.600	-5.000	0.602	0.024	0.000
0.600	-5.000	0.603	0.046	0.000
0.600	-5.000	0.602	0.024	0.000
0.600	-5.000	0.603	0.046	0.000
0.600	-5.000	0.603	0.046	0.000
0.600	-5.000	0.603	0.046	0.000
0.600	-5.000	0.603	0.046	0.000
0.600	-5.000	0.603	0.046	0.000
0.600	-5.000	0.602	0.024	0.000
0.600	-5.000	0.603	0.046	0.000
0.600	-5.000	0.603	0.046	0.000
0.600	-5.000	0.603	0.046	0.000
0.600	-5.000	0.603	0.046	0.000
0.600	-5.000	0.603	0.046	0.000
0.600	-5.000	0.603	0.046	0.000
0.600	-5.000	0.602	0.024	0.000
0.600	-5.000	0.603	0.046	0.000
0.600	-5.000	0.603	0.046	0.000
0.600	-5.000	0.603	0.046	0.000
0.600	-5.000	0.605	0.068	0.000
0.600	-5.000	0.605	0.068	0.000
0.600	-5.000	0.605	0.068	0.000
0.600	-5.000	0.602	0.024	0.000
0.600	-5.000	0.602	0.024	0.000
0.600	-5.000	0.605	0.068	0.000
0.600	-5.000	0.605	0.068	0.000
0.600	-5.000	0.603	0.046	0.000
0.600	-5.000	0.605	0.068	0.000
0.600	-5.000	0.602	0.024	0.000
0.600	-5.000	0.603	0.046	0.000
0.600	-5.000	0.603	0.046	0.000
0.600	-5.000	0.605	0.068	0.000
0.600	-5.000	0.603	0.046	0.000
0.600	-5.000	0.602	0.024	0.000
0.600	-5.000	0.602	0.024	0.000
0.600	-5.000	0.603	0.046	0.000
0.600	-5.000	0.602	0.024	0.000
0.600	-5.000	0.603	0.046	0.000
0.600	-5.000	0.603	0.046	0.000
0.600	-5.000	0.602	0.024	0.000
0.600	-5.000	0.602	0.024	0.000
0.600	-5.000	0.603	0.046	0.000
0.600	-5.000	0.602	0.024	0.000
0.600	-5.000	0.603	0.046	0.000
0.600	-5.000	0.603	0.046	0.000
0.600	-5.000	0.603	0.046	0.000
0.600	-5.000	0.603	0.046	0.000
0.600	-5.000	0.603	0.046	0.000
0.600	-5.000	0.603	0.046	0.000
0.600	-5.000	0.603	0.046	0.000
0.600	-5.000	0.603	0.046	0.000
0.600	-5.000	0.602	0.024	0.000
0.600	-5.000	0.603	0.046	0.000
0.600	-5.000	0.603	0.046	0.000
0.600	-5.000	0.603	0.046	0.000
0.600	-5.000	0.603	0.046	0.000
0.600	-5.000	0.603	0.046	0.000
0.600	-5.000	0.603	0.046	0.000
0.600	-5.000	0.603	0.046	0.000
0.600	-5.000	0.603	0.046	0.000
0.600	-5.000	0.603	0.046	0.000
0.600	-5.000	0.603	0.046	0.000
0.600	-5.000	0.605	0.068	0.000
0.600	-5.000	0.603	0.046	0.000
0.600	-5.000	0.603	0.046	0.000
0.600	-5.000	0.603	0.046	0.000
0.600	-5.000	0.602	0.024	0.000
0.600	-5.000	0.603	0.046	0.000
0.600	-5.000	0.603	0.046	0.000
0.600	-5.000	0.603	0.046	0.000
0.600	-5.000	0.603	0.046	0.000
0.600	-5.000	0.603	0.046	0.000
0.600	-5.000	0.605	0.068	0.000
0.600	-5.000	0.603	0.046	0.000
0.600	-5.000	0.605	0.068	0.000
0.600	-5.000	0.603	0.046	0.000
0.600	-5.000	0.603	0.046	0.000
0.600	-5.000	0.603	0.046	0.000
0.600	-5.000	0.603	0.046	0.000
0.600	-5.000	0.602	0.024	0.000
0.600	-5.000	0.603	0.046	0.000
0.600	-5.000	0.602	0.024	0.000
0.600	-5.000	0.603	0.046	0.000
0.600	-5.000	0.602	0.024	0.000
0.600	-5.000	0.603	0.046	0.000
0.600	-5.000	0.602	0.024	0.000
0.600	-5.000	0.603	0.046	0.000
0.600	-5.000	0.603	0.046	0.000
0.600	-5.000	0.603	0.046	0.000
0.600	-5.000	0.603	0.046	0.000
0.600	-5.000	0.603	0.046	0.000
0.600	-5.000	0.603	0.046	0.000
0.600	-5.000	0.603	0.046	0.000
0.600	-5.000	0.603	0.046	0.000
0.600	-5.000	0.603	0.046	0.000
0.600	-5.000	0.602	0.024	0.000
0.600	-5.000	0.603	0.046	0.000
0.600	-5.000	0.602	0.024	0.000
0.600	-5.000	0.603	0.046	0.000
0.600	-5.000	0.603	0.046	0.000
0.600	-5.000	0.600	0.002	0.000
0.600	-5.000	0.602	0.024	0.000
0.600	-5.000	0.605	0.068	0.000
0.600	-5.000	0.602	0.024	0.000
0.600	-5.000	0.602	0.024	0.000
0.600	-5.000	0.602	0.024	0.000
0.600	-5.000	0.603	0.046	0.000
0.600	-5.000	0.603	0.046	0.000
0.600	-5.000	0.602	0.024	0.000
0.600	-5.000	0.603	0.046	0.000
0.600	-5.000	0.603	0.046	0.000
0.600	-5.000	0.602	0.024	0.000
0.600	-5.000	0.602	0.024	0.000
0.600	-5.000	0.603	0.046	0.000
0.600	-5.000	0.603	0.046	0.000
0.600	-5.000	0.602	0.024	0.000
0.600	-5.000	0.602	0.024	0.000
0.600	-5.000	0.602	0.024	0.000
0.600	-5.000	0.602	0.024	0.000
0.600	-5.000	0.602	0.024	0.000
0.600	-5.000	0.603	0.046	0.000
0.600	-5.000	0.603	0.046	0.000
0.600	-5.000	0.602	0.024	0.000
0.600	-5.000	0.603	0.046	0.000
0.600	-5.000	0.603	0.046	0.000
0.600	-5.000	0.602	0.024	0.000
0.600	-5.000	0.602	0.024	0.000
0.600	-5.000	0.603	0.046	0.000
0.600	-5.000	0.603	0.046	0.000
0.600	-5.000	0.603	0.046	0.000
0.600	-5.000	0.602	0.024	0.000
0.600	-5.000	0.605	0.068	0.000
0.600	-5.000	0.603	0.046	0.000
0.600	-5.000	0.603	0.046	0.000
0.600	-5.000	0.603	0.046	0.000
0.600	-5.000	0.602	0.024	0.000
0.600	-5.000	0.603	0.046	0.000
0.600	-5.000	0.603	0.046	0.000
0.600	-5.000	0.605	0.068	0.000
0.600	-5.000	0.603	0.046	0.000
0.600	-5.000	0.603	0.046	0.000
0.600	-5.000	0.602	0.024	0.000
0.600	-5.000	0.602	0.024	0.000
0.600	-5.000	0.602	0.024	0.000
0.600	-5.000	0.605	0.068	0.000
0.600	-5.000	0.602	0.024	0.000
0.600	-5.000	0.602	0.024	0.000
0.600	-5.000	0.603	0.046	0.000
0.600	-5.000	0.602	0.024	0.000
0.600	-5.000	0.605	0.068	0.000
0.600	-5.000	0.602	0.024	0.000
0.600	-5.000	0.603	0.046	0.000
0.600	-5.000	0.603	0.046	0.000
0.600	-5.000	0.605	0.068	0.000
0.600	-5.000	0.603	0.046	0.000
0.600	-5.000	0.603	0.046	0.000
0.600	-5.000	0.605	0.068	0.000
0.600	-5.000	0.603	0.046	0.000
0.600	-5.000	0.602	0.024	0.000
0.600	-5.000	0.603	0.046	0.000
0.600	-5.000	0.603	0.046	0.000
0.600	-5.000	0.603	0.046	0.000
0.600	-5.000	0.603	0.046	0.000
0.600	-5.000	0.603	0.046	0.000
0.600	-5.000	0.603	0.046	0.000
0.600	-5.000	0.603	0.046	0.000
0.600	-5.000	0.603	0.046	0.000
0.600	-5.000	0.602	0.024	0.000
0.600	-5.000	0.603	0.046	0.000
0.600	-5.000	0.603	0.046	0.000
0.600	-5.000	0.602	0.024	0.000
0.600	-5.000	0.602	0.024	0.000
0.600	-5.000	0.605	0.068	0.000
0.600	-5.000	0.605	0.068	0.000
0.600	-5.000	0.603	0.046	0.000
0.600	-5.000	0.603	0.046	0.000
0.600	-5.000	0.605	0.068	0.000
0.600	-5.000	0.603	0.046	0.000
0.600	-5.000	0.603	0.046	0.000
0.600	-5.000	0.603	0.046	0.000
0.600	-5.000	0.603	0.046	0.000
0.600	-5.000	0.603	0.046	0.000
0.600	-5.000	0.603	0.046	0.000
0.600	-5.000	0.603	0.046	0.000
0.600	-5.000	0.602	0.024	0.000
0.600	-5.000	0.603	0.046	0.000
0.600	-5.000	0.605	0.068	0.000
0.600	-5.000	0.603	0.046	0.000
0.600	-5.000	0.605	0.068	0.000
0.600	-5.000	0.602	0.024	0.000
0.600	-5.000	0.603	0.046	0.000
0.600	-5.000	0.603	0.046	0.000
0.600	-5.000	0.603	0.046	0.000
0.600	-5.000	0.603	0.046	0.000
0.600	-5.000	0.603	0.046	0.000
0.600	-5.000	0.603	0.046	0.000
0.600	-5.000	0.603	0.046	0.000
0.600	-5.000	0.603	0.046	0.000
0.600	-5.000	0.603	0.046	0.000
0.600	-5.000	0.603	0.046	0.000
0.600	-5.000	0.605	0.068	0.000
0.600	-5.000	0.603	0.046	0.000
0.600	-5.000	0.603	0.046	0.000
0.600	-5.000	0.602	0.024	0.000
0.600	-5.000	0.603	0.046	0.000
0.600	-5.000	0.603	0.046	0.000
0.600	-5.000	0.603	0.046	0.000
0.600	-5.000	0.603	0.046	0.000
0.600	-5.000	0.603	0.046	0.000
0.600	-5.000	0.603	0.046	0.000
0.600	-5.000	0.603	0.046	0.000
0.600	-5.000	0.603	0.046	0.000
0.600	-5.000	0.603	0.046	0.000
0.600	-5.000	0.603	0.046	0.000
0.600	-5.000	0.603	0.046	0.000
0.600	-5.000	0.603	0.046	0.000
0.600	-5.000	0.603	0.046	0.000
0.600	-5.000	0.605	0.068	0.000
0.600	-5.000	0.603	0.046	0.000
0.600	-5.000	0.603	0.046	0.000
0.600	-5.000	0.602	0.024	0.000
0.600	-5.000	0.605	0.068	0.000
0.600	-5.000	0.605	0.068	0.000
0.600	-5.000	0.603	0.046	0.000
0.600	-5.000	0.603	0.046	0.000
0.600	-5.000	0.603	0.046	0.000
0.600	-5.000	0.603	0.046	0.000
0.600	-5.000	0.602	0.024	0.000
0.600	-5.000	0.602	0.024	0.000
0.600	-5.000	0.603	0.046	0.000
0.600	-5.000	0.603	0.046	0.000
0.600	-5.000	0.605	0.068	0.000
0.600	-5.000	0.605	0.068	0.000
0.600	-5.000	0.603	0.046	0.000
0.600	-5.000	0.603	0.046	0.000
0.600	-5.000	0.603	0.046	0.000
0.600	-5.000	0.603	0.046	0.000
0.600	-5.000	0.602	0.024	0.000
0.600	-5.000	0.603	0.046	0.000
0.600	-5.000	0.603	0.046	0.000
0.600	-5.000	0.605	0.068	0.000
0.600	-5.000	0.603	0.046	0.000
0.600	-5.000	0.602	0.024	0.000
0.600	-5.000	0.603	0.046	0.000
0.600	-5.000	0.603	0.046	0.000
0.600	-5.000	0.602	0.024	0.000
0.600	-5.000	0.603	0.046	0.000
0.600	-5.000	0.603	0.046	0.000
0.600	-5.000	0.603	0.046	0.000
0.600	-5.000	0.605	0.068	0.000
0.600	-5.000	0.605	0.068	0.000
0.600	-5.000	0.603	0.046	0.000
0.600	-5.000	0.603	0.046	0.000
0.600	-5.000	0.603	0.046	0.000
0.600	-5.000	0.603	0.046	0.000
0.600	-5.000	0.602	0.024	0.000
0.600	-5.000	0.603	0.046	0.000
0.600	-5.000	0.602	0.024	0.000
0.600	-5.000	0.603	0.046	0.000
0.600	-5.000	0.603	0.046	0.000
0.600	-5.000	0.605	0.068	0.000
0.600	-5.000	0.603	0.046	0.000
0.600	-5.000	0.603	0.046	0.000
0.600	-5.000	0.603	0.046	0.000
0.600	-5.000	0.603	0.046	0.000
0.600	-5.000	0.603	0.046	0.000
0.600	-5.000	0.602	0.024	0.000
0.600	-5.000	0.602	0.024	0.000
0.600	-5.000	0.603	0.046	0.000
0.600	-5.000	0.603	0.046	0.000
0.600	-5.000	0.603	0.046	0.000
0.600	-5.000	0.603	0.046	0.000
0.600	-5.000	0.603	0.046	0.000
0.600	-5.000	0.603	0.046	0.000
0.600	-5.000	0.603	0.046	0.000
0.600	-5.000	0.605	0.068	0.000
0.600	-5.000	0.603	0.046	0.000
0.600	-5.000	0.602	0.024	0.000
0.600	-5.000	0.605	0.068	0.000
0.600	-5.000	0.602	0.024	0.000
0.600	-5.000	0.603	0.046	0.000
0.600	-5.000	0.605	0.068	0.000
0.600	-5.000	0.605	0.068	0.000
0.600	-5.000	0.602	0.024	0.000
0.600	-5.000	0.603	0.046	0.000
0.600	-5.000	0.605	0.068	0.000
0.600	-5.000	0.603	0.046	0.000
0.600	-5.000	0.605	0.068	0.000
0.600	-5.000	0.603	0.046	0.000
0.600	-5.000	0.602	0.024	0.000
0.600	-5.000	0.602	0.024	0.000
0.600	-5.000	0.603	0.046	0.000
0.600	-5.000	0.602	0.024	0.000
0.600	-5.000	0.603	0.046	0.000
0.600	-5.000	0.605	0.068	0.000
0.600	-5.000	0.605	0.068	0.000
0.600	-5.000	0.602	0.024	0.000
0.600	-5.000	0.602	0.024	0.000
0.600	-5.000	0.603	0.046	0.000
0.600	-5.000	0.603	0.046	0.000
0.600	-5.000	0.603	0.046	0.000
0.600	-5.000	0.603	0.046	0.000
0.600	-5.000	0.603	0.046	0.000
0.600	-5.000	0.603	0.046	0.000
0.600	-5.000	0.603	0.046	0.000
0.600	-5.000	0.605	0.068	0.000
0.600	-5.000	0.602	0.024	0.000
0.600	-5.000	0.603	0.046	0.000
0.600	-5.000	0.602	0.024	0.000
0.600	-5.000	0.603	0.046	0.000
0.600	-5.000	0.602	0.024	0.000
0.600	-5.000	0.603	0.046	0.000
0.600	-5.000	0.603	0.046	0.000
0.600	-5.000	0.602	0.024	0.000
0.600	-5.000	0.605	0.068	0.000
0.600	-5.000	0.605	0.068	0.000
0.600	-5.000	0.603	0.046	0.000
0.600	-5.000	0.603	0.046	0.000
0.600	-5.000	0.602	0.024	0.000
0.600	-5.000	0.603	0.046	0.000
0.600	-5.000	0.603	0.046	0.000
0.600	-5.000	0.602	0.024	0.000
0.600	-5.000	0.603	0.046	0.000
0.600	-5.000	0.603	0.046	0.000
0.600	-5.000	0.603	0.046	0.000
0.600	-5.000	0.605	0.068	0.000
0.600	-5.000	0.602	0.024	0.000
0.600	-5.000	0.603	0.046	0.000
0.600	-5.000	0.603	0.046	0.000
0.600	-5.000	0.605	0.068	0.000
0.600	-5.000	0.603	0.046	0.000
0.600	-5.000	0.603	0.046	0.000
0.600	-5.000	0.603	0.046	0.000
0.600	-5.000	0.602	0.024	0.000
0.600	-5.000	0.605	0.068	0.000
0.600	-5.000	0.603	0.046	0.000
0.600	-5.000	0.603	0.046	0.000
0.600	-5.000	0.603	0.046	0.000
0.600	-5.000	0.605	0.068	0.000
0.600	-5.000	0.605	0.068	0.000
0.600	-5.000	0.605	0.068	0.000
0.600	-5.000	0.602	0.024	0.000
0.600	-5.000	0.603	0.046	0.000
0.600	-5.000	0.603	0.046	0.000
0.600	-5.000	0.603	0.046	0.000
0.600	-5.000	0.602	0.024	0.000
0.600	-5.000	0.603	0.046	0.000
0.600	-5.000	0.602	0.024	0.000
0.600	-5.000	0.605	0.068	0.000
0.600	-5.000	0.603	0.046	0.000
0.600	-5.000	0.603	0.046	0.000
0.600	-5.000	0.603	0.046	0.000
0.600	-5.000	0.605	0.068	0.000
0.600	-5.000	0.603	0.046	0.000
0.600	-5.000	0.603	0.046	0.000
0.600	-5.000	0.603	0.046	0.000
0.600	-5.000	0.603	0.046	0.000
0.600	-5.000	0.605	0.068	0.000
0.600	-5.000	0.603	0.046	0.000
0.600	-5.000	0.605	0.068	0.000
0.600	-5.000	0.605	0.068	0.000
0.600	-5.000	0.605	0.068	0.000
0.600	-5.000	0.603	0.046	0.000
0.600	-5.000	0.603	0.046	0.000
0.600	-5.000	0.602	0.024	0.000
0.600	-5.000	0.605	0.068	0.000
0.600	-5.000	0.603	0.046	0.000
0.600	-5.000	0.602	0.024	0.000
0.600	-5.000	0.603	0.046	0.000
0.600	-5.000	0.603	0.046	0.000
0.600	-5.000	0.605	0.068	0.000
0.600	-5.000	0.603	0.046	0.000
0.600	-5.000	0.605	0.068	0.000
0.600	-5.000	0.603	0.046	0.000
0.600	-5.000	0.603	0.046	0.000
0.600	-5.000	0.602	0.024	0.000
0.600	-5.000	0.603	0.046	0.000
0.600	-5.000	0.605	0.068	0.000
0.600	-5.000	0.603	0.046	0.000
0.600	-5.000	0.603	0.046	0.000
0.600	-5.000	0.605	0.068	0.000
0.600	-5.000	0.603	0.046	0.000
0.600	-5.000	0.603	0.046	0.000
0.600	-5.000	0.603	0.046	0.000
0.600	-5.000	0.603	0.046	0.000
0.600	-5.000	0.603	0.046	0.000
0.600	-5.000	0.605	0.068	0.000
0.600	-5.000	0.603	0.046	0.000
0.600	-5.000	0.603	0.046	0.000
0.600	-5.000	0.605	0.068	0.000
0.600	-5.000	0.602	0.024	0.000
0.600	-5.000	0.605	0.068	0.000
0.600	-5.000	0.603	0.046	0.000
0.600	-5.000	0.605	0.068	0.000
0.600	-5.000	0.603	0.046	0.000
0.600	-5.000	0.605	0.068	0.000
0.600	-5.000	0.602	0.024	0.000
0.600	-5.000	0.603	0.046	0.000
0.600	-5.000	0.605	0.068	0.000
0.600	-5.000	0.603	0.046	0.000
0.600	-5.000	0.603	0.046	0.000
0.600	-5.000	0.603	0.046	0.000
0.600	-5.000	0.603	0.046	0.000
0.600	-5.000	0.605	0.068	0.000
0.600	-5.000	0.603	0.046	0.000
0.600	-5.000	0.603	0.046	0.000
0.600	-5.000	0.603	0.046	0.000
0.600	-5.000	0.603	0.046	0.000
0.600	-5.000	0.605	0.068	0.000
0.600	-5.000	0.605	0.068	0.000
0.600	-5.000	0.603	0.046	0.000
0.600	-5.000	0.603	0.046	0.000
0.600	-5.000	0.605	0.068	0.000
0.600	-5.000	0.603	0.046	0.000
0.600	-5.000	0.603	0.046	0.000
0.600	-5.000	0.605	0.068	0.000
0.600	-5.000	0.603	0.046	0.000
0.600	-5.000	0.605	0.068	0.000
0.600	-5.000	0.605	0.068	0.000
0.600	-5.000	0.603	0.046	0.000
0.600	-5.000	0.603	0.046	0.000
0.600	-5.000	0.603	0.046	0.000
0.600	-5.000	0.603	0.046	0.000
0.600	-5.000	0.603	0.046	0.000
0.600	-5.000	0.603	0.046	0.000
0.600	-5.000	0.602	0.024	0.000
0.600	-5.000	0.603	0.046	0.000
0.600	-5.000	0.603	0.046	0.000
0.600	-5.000	0.602	0.024	0.000
0.600	-5.000	0.603	0.046	0.000
0.600	-5.000	0.602	0.024	0.000
0.600	-5.000	0.605	0.068	0.000
0.600	-5.000	0.603	0.046	0.000
0.600	-5.000	0.603	0.046	0.000
0.600	-5.000	0.605	0.068	0.000
0.600	-5.000	0.603	0.046	0.000
0.600	-5.000	0.603	0.046	0.000
0.600	-5.000	0.605	0.068	0.000
0.600	-5.000	0.603	0.046	0.000
0.600	-5.000	0.603	0.046	0.000
0.600	-5.000	0.605	0.068	0.000
0.600	-5.000	0.605	0.068	0.000
0.600	-5.000	0.605	0.068	0.000
0.600	-5.000	0.602	0.024	0.000
0.600	-5.000	0.603	0.046	0.000
0.600	-5.000	0.603	0.046	0.000
0.600	-5.000	0.603	0.046	0.000
0.600	-5.000	0.603	0.046	0.000
0.600	-5.000	0.603	0.046	0.000
0.600	-5.000	0.602	0.024	0.000
0.600	-5.000	0.602	0.024	0.000
0.600	-5.000	0.603	0.046	0.000
0.600	-5.000	0.605	0.068	0.000
0.600	-5.000	0.602	0.024	0.000
0.600	-5.000	0.602	0.024	0.000
0.600	-5.000	0.602	0.024	0.000
0.600	-5.000	0.602	0.024	0.000
0.600	-5.000	0.605	0.068	0.000
0.600	-5.000	0.603	0.046	0.000
0.600	-5.000	0.603	0.046	0.000
0.600	-5.000	0.602	0.024	0.000
0.600	-5.000	0.603	0.046	0.000
0.600	-5.000	0.603	0.046	0.000
0.600	-5.000	0.603	0.046	0.000
0.600	-5.000	0.605	0.068	0.000
0.600	-5.000	0.605	0.068	0.000
0.600	-5.000	0.603	0.046	0.000
0.600	-5.000	0.603	0.046	0.000
0.600	-5.000	0.603	0.046	0.000
0.600	-5.000	0.603	0.046	0.000
0.600	-5.000	0.603	0.046	0.000
0.600	-5.000	0.605	0.068	0.000
0.600	-5.000	0.603	0.046	0.000
0.600	-5.000	0.605	0.068	0.000
0.600	-5.000	0.603	0.046	0.000
0.600	-5.000	0.605	0.068	0.000
0.600	-5.000	0.603	0.046	0.000
0.600	-5.000	0.602	0.024	0.000
0.600	-5.000	0.602	0.024	0.000
0.600	-5.000	0.600	0.002	0.000
0.600	-5.000	0.602	0.024	0.000
0.600	-5.000	0.602	0.024	0.000
0.600	-5.000	0.602	0.024	0.000
0.600	-5.000	0.605	0.068	0.000
0.600	-5.000	0.603	0.046	0.000
0.600	-5.000	0.603	0.046	0.000
0.600	-5.000	0.603	0.046	0.000
0.600	-5.000	0.603	0.046	0.000
0.600	-5.000	0.602	0.024	0.000
0.600	-5.000	0.602	0.024	0.000
0.600	-5.000	0.603	0.046	0.000
0.600	-5.000	0.603	0.046	0.000
0.600	-5.000	0.602	0.024	0.000
0.600	-5.000	0.603	0.046	0.000
0.600	-5.000	0.602	0.024	0.000
0.600	-5.000	0.603	0.046	0.000
0.600	-5.000	0.603	0.046	0.000
0.600	-5.000	0.603	0.046	0.000
0.600	-5.000	0.603	0.046	0.000
0.600	-5.000	0.605	0.068	0.000
0.600	-5.000	0.602	0.024	0.000
0.600	-5.000	0.605	0.068	0.000
0.600	-5.000	0.602	0.024	0.000
0.600	-5.000	0.603	0.046	0.000
0.600	-5.000	0.602	0.024	0.000
0.600	-5.000	0.603	0.046	0.000
0.600	-5.000	0.603	0.046	0.000
0.600	-5.000	0.602	0.024	0.000
0.600	-5.000	0.603	0.046	0.000
0.600	-5.000	0.603	0.046	0.000
0.600	-5.000	0.602	0.024	0.000
0.600	-5.000	0.602	0.024	0.000
0.600	-5.000	0.603	0.046	0.000
0.600	-5.000	0.603	0.046	0.000
0.600	-5.000	0.602	0.024	0.000
0.600	-5.000	0.603	0.046	0.000
0.600	-5.000	0.602	0.024	0.000
0.600	-5.000	0.602	0.024	0.000
0.600	-5.000	0.605	0.068	0.000
0.600	-5.000	0.603	0.046	0.000
0.600	-5.000	0.602	0.024	0.000
0.600	-5.000	0.602	0.024	0.000
0.600	-5.000	0.603	0.046	0.000
0.600	-5.000	0.605	0.068	0.000
0.600	-5.000	0.602	0.024	0.000
0.600	-5.000	0.603	0.046	0.000
0.600	-5.000	0.603	0.046	0.000
0.600	-5.000	0.603	0.046	0.000
0.600	-5.000	0.603	0.046	0.000
0.600	-5.000	0.603	0.046	0.000
0.600	-5.000	0.602	0.024	0.000
0.600	-5.000	0.603	0.046	0.000
0.600	-5.000	0.605	0.068	0.000
0.600	-5.000	0.603	0.046	0.000
0.600	-5.000	0.603	0.046	0.000
0.600	-5.000	0.602	0.024	0.000
0.600	-5.000	0.603	0.046	0.000
0.600	-5.000	0.603	0.046	0.000
0.600	-5.000	0.605	0.068	0.000
0.600	-5.000	0.603	0.046	0.000
0.600	-5.000	0.603	0.046	0.000
0.600	-5.000	0.605	0.068	0.000
0.600	-5.000	0.602	0.024	0.000
0.600	-5.000	0.602	0.024	0.000
0.600	-5.000	0.602	0.024	0.000
0.600	-5.000	0.603	0.046	0.000
0.600	-5.000	0.603	0.046	0.000
0.600	-5.000	0.603	0.046	0.000
0.600	-5.000	0.603	0.046	0.000
0.600	-5.000	0.602	0.024	0.000
0.600	-5.000	0.602	0.024	0.000
0.600	-5.000	0.602	0.024	0.000
0.600	-5.000	0.602	0.024	0.000
0.600	-5.000	0.603	0.046	0.000
0.600	-5.000	0.603	0.046	0.000
0.600	-5.000	0.603	0.046	0.000
0.600	-5.000	0.603	0.046	0.000
0.600	-5.000	0.603	0.046	0.000
0.600	-5.000	0.602	0.024	0.000
0.600	-5.000	0.602	0.024	0.000
0.600	-5.000	0.602	0.024	0.000
0.600	-5.000	0.602	0.024	0.000
0.600	-5.000	0.602	0.024	0.000
0.600	-5.000	0.603	0.046	0.000
0.600	-5.000	0.603	0.046	0.000
0.600	-5.000	0.602	0.024	0.000
0.600	-5.000	0.603	0.046	0.000
0.600	-5.000	0.603	0.046	0.000
0.600	-5.000	0.605	0.068	0.000
0.600	-5.000	0.602	0.024	0.000
0.600	-5.000	0.602	0.024	0.000
0.600	-5.000	0.603	0.046	0.000
0.600	-5.000	0.602	0.024	0.000
0.600	-5.000	0.605	0.068	0.000
0.600	-5.000	0.605	0.068	0.000
0.600	-5.000	0.603	0.046	0.000
0.600	-5.000	0.603	0.046	0.000
0.600	-5.000	0.605	0.068	0.000
0.600	-5.000	0.603	0.046	0.000
0.600	-5.000	0.603	0.046	0.000
0.600	-5.000	0.603	0.046	0.000
0.600	-5.000	0.605	0.068	0.000
0.600	-5.000	0.603	0.046	0.000
0.600	-5.000	0.603	0.046	0.000
0.600	-5.000	0.605	0.068	0.000
0.600	-5.000	0.606	0.090	0.000
0.600	-5.000	0.603	0.046	0.000
0.600	-5.000	0.603	0.046	0.000
0.600	-5.000	0.603	0.046	0.000
0.600	-5.000	0.603	0.046	0.000
0.600	-5.000	0.603	0.046	0.000
0.600	-5.000	0.603	0.046	0.000
0.600	-5.000	0.603	0.046	0.000
0.600	-5.000	0.603	0.046	0.000
0.600	-5.000	0.603	0.046	0.000
0.600	-5.000	0.603	0.046	0.000
0.600	-5.000	0.603	0.046	0.000
0.600	-5.000	0.603	0.046	0.000
0.600	-5.000	0.603	0.046	0.000
0.600	-5.000	0.603	0.046	0.000
0.600	-5.000	0.605	0.068	0.000
0.600	-5.000	0.602	0.024	0.000
0.600	-5.000	0.603	0.046	0.000
0.600	-5.000	0.603	0.046	0.000
0.600	-5.000	0.605	0.068	0.000
0.600	-5.000	0.603	0.046	0.000
0.600	-5.000	0.603	0.046	0.000
0.600	-5.000	0.603	0.046	0.000
0.600	-5.000	0.603	0.046	0.000
0.600	-5.000	0.603	0.046	0.000
0.600	-5.000	0.603	0.046	0.000
0.600	-5.000	0.603	0.046	0.000
0.600	-5.000	0.602	0.024	0.000
0.600	-5.000	0.602	0.024	0.000
0.600	-5.000	0.603	0.046	0.000
0.600	-5.000	0.603	0.046	0.000
0.600	-5.000	0.603	0.046	0.000
0.600	-5.000	0.602	0.024	0.000
0.600	-5.000	0.603	0.046	0.000
0.600	-5.000	0.603	0.046	0.000
0.600	-5.000	0.603	0.046	0.000
0.600	-5.000	0.602	0.024	0.000
0.600	-5.000	0.605	0.068	0.000
0.600	-5.000	0.605	0.068	0.000
0.600	-5.000	0.603	0.046	0.000
0.600	-5.000	0.605	0.068	0.000
0.600	-5.000	0.603	0.046	0.000
0.600	-5.000	0.602	0.024	0.000
0.600	-5.000	0.603	0.046	0.000
0.600	-5.000	0.602	0.024	0.000
0.600	-5.000	0.603	0.046	0.000
0.600	-5.000	0.602	0.024	0.000
0.600	-5.000	0.603	0.046	0.000
0.600	-5.000	0.603	0.046	0.000
0.600	-5.000	0.603	0.046	0.000
0.600	-5.000	0.602	0.024	0.000
0.600	-5.000	0.602	0.024	0.000
0.600	-5.000	0.603	0.046	0.000
0.600	-5.000	0.605	0.068	0.000
0.600	-5.000	0.603	0.046	0.000
0.600	-5.000	0.603	0.046	0.000
0.600	-5.000	0.602	0.024	0.000
0.600	-5.000	0.603	0.046	0.000
0.600	-5.000	0.602	0.024	0.000
0.600	-5.000	0.603	0.046	0.000
0.600	-5.000	0.602	0.024	0.000
0.600	-5.000	0.605	0.068	0.000
0.600	-5.000	0.603	0.046	0.000
0.600	-5.000	0.603	0.046	0.000
0.600	-5.000	0.602	0.024	0.000
0.600	-5.000	0.603	0.046	0.000
0.600	-5.000	0.602	0.024	0.000
0.600	-5.000	0.603	0.046	0.000
0.600	-5.000	0.603	0.046	0.000
0.600	-5.000	0.602	0.024	0.000
0.600	-5.000	0.603	0.046	0.000
0.600	-5.000	0.603	0.046	0.000
0.600	-5.000	0.603	0.046	0.000
0.600	-5.000	0.602	0.024	0.000
0.600	-5.000	0.602	0.024	0.000
0.600	-5.000	0.602	0.024	0.000
0.600	-5.000	0.602	0.024	0.000
0.600	-5.000	0.603	0.046	0.000
0.600	-5.000	0.602	0.024	0.000
0.600	-5.000	0.602	0.024	0.000
0.600	-5.000	0.603	0.046	0.000
0.600	-5.000	0.603	0.046	0.000
0.600	-5.000	0.603	0.046	0.000
0.600	-5.000	0.603	0.046	0.000
0.600	-5.000	0.603	0.046	0.000
0.600	-5.000	0.603	0.046	0.000
0.600	-5.000	0.602	0.024	0.000
0.600	-5.000	0.602	0.024	0.000
0.600	-5.000	0.602	0.024	0.000
0.600	-5.000	0.602	0.024	0.000
0.600	-5.000	0.603	0.046	0.000
0.600	-5.000	0.603	0.046	0.000
0.600	-5.000	0.602	0.024	0.000
0.600	-5.000	0.602	0.024	0.000
0.600	-5.000	0.603	0.046	0.000
0.600	-5.000	0.603	0.046	0.000
0.600	-5.000	0.603	0.046	0.000
0.600	-5.000	0.603	0.046	0.000
0.600	-5.000	0.603	0.046	0.000
0.600	-5.000	0.603	0.046	0.000
0.600	-5.000	0.602	0.024	0.000
0.600	-5.000	0.605	0.068	0.000
0.600	-5.000	0.603	0.046	0.000
0.600	-5.000	0.603	0.046	0.000
0.600	-5.000	0.603	0.046	0.000
0.600	-5.000	0.603	0.046	0.000
0.600	-5.000	0.603	0.046	0.000
0.600	-5.000	0.603	0.046	0.000
0.600	-5.000	0.603	0.046	0.000
0.600	-5.000	0.603	0.046	0.000
0.600	-5.000	0.603	0.046	0.000
0.600	-5.000	0.603	0.046	0.000
0.600	-5.000	0.603	0.046	0.000
0.600	-5.000	0.603	0.046	0.000
0.600	-5.000	0.603	0.046	0.000
0.600	-5.000	0.602	0.024	0.000
0.600	-5.000	0.603	0.046	0.000
0.600	-5.000	0.603	0.046	0.000
0.600	-5.000	0.603	0.046	0.000
0.600	-5.000	0.603	0.046	0.000
0.600	-5.000	0.603	0.046	0.000
0.600	-5.000	0.603	0.046	0.000
0.600	-5.000	0.603	0.046	0.000
0.600	-5.000	0.602	0.024	0.000
0.600	-5.000	0.603	0.046	0.000
0.600	-5.000	0.602	0.024	0.000
0.600	-5.000	0.602	0.024	0.000
0.600	-5.000	0.603	0.046	0.000
0.600	-5.000	0.603	0.046	0.000
0.600	-5.000	0.602	0.024	0.000
0.600	-5.000	0.603	0.046	0.000
0.600	-5.000	0.603	0.046	0.000
0.600	-5.000	0.602	0.024	0.000
0.600	-5.000	0.602	0.024	0.000
0.600	-5.000	0.603	0.046	0.000
0.600	-5.000	0.603	0.046	0.000
0.600	-5.000	0.603	0.046	0.000
0.600	-5.000	0.602	0.024	0.000
0.600	-5.000	0.602	0.024	0.000
0.600	-5.000	0.603	0.046	0.000
0.600	-5.000	0.603	0.046	0.000
0.600	-5.000	0.602	0.024	0.000
0.600	-5.000	0.603	0.046	0.000
0.600	-5.000	0.602	0.024	0.000
0.600	-5.000	0.603	0.046	0.000
0.600	-5.000	0.602	0.024	0.000
0.600	-5.000	0.603	0.046	0.000
0.600	-5.000	0.602	0.024	0.000
0.600	-5.000	0.602	0.024	0.000
0.600	-5.000	0.605	0.068	0.000
0.600	-5.000	0.602	0.024	0.000
0.600	-5.000	0.602	0.024	0.000
0.600	-5.000	0.603	0.046	0.000
0.600	-5.000	0.602	0.024	0.000
0.600	-5.000	0.602	0.024	0.000
0.600	-5.000	0.603	0.046	0.000
0.600	-5.000	0.602	0.024	0.000
0.600	-5.000	0.602	0.024	0.000
0.600	-5.000	0.602	0.024	0.000
0.600	-5.000	0.603	0.046	0.000
0.600	-5.000	0.602	0.024	0.000
0.600	-5.000	0.602	0.024	0.000
0.600	-5.000	0.605	0.068	0.000
0.600	-5.000	0.603	0.046	0.000
0.600	-5.000	0.603	0.046	0.000
0.600	-5.000	0.603	0.046	0.000
0.600	-5.000	0.602	0.024	0.000
0.600	-5.000	0.603	0.046	0.000
0.600	-5.000	0.603	0.046	0.000
0.600	-5.000	0.603	0.046	0.000
0.600	-5.000	0.603	0.046	0.000
0.600	-5.000	0.602	0.024	0.000
0.600	-5.000	0.603	0.046	0.000
0.600	-5.000	0.603	0.046	0.000
0.600	-5.000	0.603	0.046	0.000
0.600	-5.000	0.602	0.024	0.000
0.600	-5.000	0.603	0.046	0.000
0.600	-5.000	0.603	0.046	0.000
0.600	-5.000	0.603	0.046	0.000
0.600	-5.000	0.603	0.046	0.000
0.600	-5.000	0.603	0.046	0.000
0.600	-5.000	0.603	0.046	0.000
0.600	-5.000	0.602	0.024	0.000
0.600	-5.000	0.603	0.046	0.000
0.600	-5.000	0.603	0.046	0.000
0.600	-5.000	0.602	0.024	0.000
0.600	-5.000	0.603	0.046	0.000
0.600	-5.000	0.603	0.046	0.000
0.600	-5.000	0.605	0.068	0.000
0.600	-5.000	0.602	0.024	0.000
0.600	-5.000	0.602	0.024	0.000
0.600	-5.000	0.603	0.046	0.000
0.600	-5.000	0.603	0.046	0.000
0.600	-5.000	0.602	0.024	0.000
0.600	-5.000	0.603	0.046	0.000
0.600	-5.000	0.603	0.046	0.000
0.600	-5.000	0.602	0.024	0.000
0.600	-5.000	0.603	0.046	0.000
0.600	-5.000	0.605	0.068	0.000
0.600	-5.000	0.603	0.046	0.000
0.600	-5.000	0.603	0.046	0.000
0.600	-5.000	0.603	0.046	0.000
0.600	-5.000	0.603	0.046	0.000
0.600	-5.000	0.605	0.068	0.000
0.600	-5.000	0.602	0.024	0.000
0.600	-5.000	0.602	0.024	0.000
0.600	-5.000	0.602	0.024	0.000
0.600	-5.000	0.603	0.046	0.000
0.600	-5.000	0.602	0.024	0.000
0.600	-5.000	0.602	0.024	0.000
0.600	-5.000	0.603	0.046	0.000
0.600	-5.000	0.603	0.046	0.000
0.600	-5.000	0.603	0.046	0.000
0.600	-5.000	0.605	0.068	0.000
0.600	-5.000	0.602	0.024	0.000
0.600	-5.000	0.602	0.024	0.000
0.600	-5.000	0.603	0.046	0.000
0.600	-5.000	0.602	0.024	0.000
0.600	-5.000	0.602	0.024	0.000
0.600	-5.000	0.603	0.046	0.000
0.600	-5.000	0.603	0.046	0.000
0.600	-5.000	0.602	0.024	0.000
0.600	-5.000	0.602	0.024	0.000
0.600	-5.000	0.602	0.024	0.000
0.600	-5.000	0.600	0.002	0.000
0.600	-5.000	0.603	0.046	0.000
0.600	-5.000	0.605	0.068	0.000
0.600	-5.000	0.603	0.046	0.000
0.600	-5.000	0.603	0.046	0.000
0.600	-5.000	0.603	0.046	0.000
0.600	-5.000	0.602	0.024	0.000
0.600	-5.000	0.602	0.024	0.000
0.600	-5.000	0.603	0.046	0.000
0.600	-5.000	0.603	0.046	0.000
0.600	-5.000	0.602	0.024	0.000
0.600	-5.000	0.603	0.046	0.000
0.600	-5.000	0.602	0.024	0.000
0.600	-5.000	0.602	0.024	0.000
0.600	-5.000	0.602	0.024	0.000
0.600	-5.000	0.602	0.024	0.000
0.600	-5.000	0.602	0.024	0.000
0.600	-5.000	0.603	0.046	0.000
0.600	-5.000	0.605	0.068	0.000
0.600	-5.000	0.603	0.046	0.000
0.600	-5.000	0.603	0.046	0.000
0.600	-5.000	0.603	0.046	0.000
0.600	-5.000	0.602	0.024	0.000
0.600	-5.000	0.603	0.046	0.000
0.600	-5.000	0.603	0.046	0.000
0.600	-5.000	0.603	0.046	0.000
0.600	-5.000	0.603	0.046	0.000
0.600	-5.000	0.602	0.024	0.000
0.600	-5.000	0.603	0.046	0.000
0.600	-5.000	0.602	0.024	0.000
0.600	-5.000	0.602	0.024	0.000
0.600	-5.000	0.602	0.024	0.000
0.600	-5.000	0.602	0.024	0.000
0.600	-5.000	0.603	0.046	0.000
0.600	-5.000	0.602	0.024	0.000
0.600	-5.000	0.602	0.024	0.000
0.600	-5.000	0.603	0.046	0.000
0.600	-5.000	0.603	0.046	0.000
0.600	-5.000	0.603	0.046	0.000
0.600	-5.000	0.602	0.024	0.000
0.600	-5.000	0.603	0.046	0.000
0.600	-5.000	0.603	0.046	0.000
0.600	-5.000	0.602	0.024	0.000
0.600	-5.000	0.602	0.024	0.000
0.600	-5.000	0.603	0.046	0.000
0.600	-5.000	0.605	0.068	0.000
0.600	-5.000	0.603	0.046	0.000
0.600	-5.000	0.602	0.024	0.000
0.600	-5.000	0.603	0.046	0.000
0.600	-5.000	0.603	0.046	0.000
0.600	-5.000	0.603	0.046	0.000
0.600	-5.000	0.602	0.024	0.000
0.600	-5.000	0.603	0.046	0.000
0.600	-5.000	0.603	0.046	0.000
0.600	-5.000	0.603	0.046	0.000
0.600	-5.000	0.602	0.024	0.000
0.600	-5.000	0.602	0.024	0.000
0.600	-5.000	0.605	0.068	0.000
0.600	-5.000	0.603	0.046	0.000
0.600	-5.000	0.602	0.024	0.000
0.600	-5.000	0.602	0.024	0.000
0.600	-5.000	0.603	0.046	0.000
0.600	-5.000	0.603	0.046	0.000
0.600	-5.000	0.603	0.046	0.000
0.600	-5.000	0.603	0.046	0.000
0.600	-5.000	0.603	0.046	0.000
0.600	-5.000	0.603	0.046	0.000
0.600	-5.000	0.603	0.046	0.000
0.600	-5.000	0.603	0.046	0.000
0.600	-5.000	0.603	0.046	0.000
0.600	-5.000	0.603	0.046	0.000
0.600	-5.000	0.603	0.046	0.000
0.600	-5.000	0.603	0.046	0.000
0.600	-5.000	0.603	0.046	0.000
0.600	-5.000	0.603	0.046	0.000
0.600	-5.000	0.603	0.046	0.000
0.600	-5.000	0.602	0.024	0.000
0.600	-5.000	0.603	0.046	0.000
0.600	-5.000	0.603	0.046	0.000
0.600	-5.000	0.603	0.046	0.000
0.600	-5.000	0.602	0.024	0.000
0.600	-5.000	0.605	0.068	0.000
0.600	-5.000	0.603	0.046	0.000
0.600	-5.000	0.603	0.046	0.000
0.600	-5.000	0.603	0.046	0.000
0.600	-5.000	0.605	0.068	0.000
0.600	-5.000	0.603	0.046	0.000
0.600	-5.000	0.603	0.046	0.000
0.600	-5.000	0.602	0.024	0.000
0.600	-5.000	0.603	0.046	0.000
0.600	-5.000	0.605	0.068	0.000
0.600	-5.000	0.603	0.046	0.000
0.600	-5.000	0.602	0.024	0.000
0.600	-5.000	0.602	0.024	0.000
0.600	-5.000	0.603	0.046	0.000
0.600	-5.000	0.602	0.024	0.000
0.600	-5.000	0.602	0.024	0.000
0.600	-5.000	0.602	0.024	0.000
0.600	-5.000	0.603	0.046	0.000
0.600	-5.000	0.603	0.046	0.000
0.600	-5.000	0.603	0.046	0.000
0.600	-5.000	0.603	0.046	0.000
0.600	-5.000	0.605	0.068	0.000
0.600	-5.000	0.603	0.046	0.000
0.600	-5.000	0.602	0.024	0.000
0.600	-5.000	0.603	0.046	0.000
0.600	-5.000	0.603	0.046	0.000
0.600	-5.000	0.602	0.024	0.000
0.600	-5.000	0.603	0.046	0.000
0.600	-5.000	0.603	0.046	0.000
0.600	-5.000	0.603	0.046	0.000
0.600	-5.000	0.603	0.046	0.000
0.600	-5.000	0.603	0.046	0.000
0.600	-5.000	0.602	0.024	0.000
0.600	-5.000	0.603	0.046	0.000
0.600	-5.000	0.603	0.046	0.000
0.600	-5.000	0.602	0.024	0.000
0.600	-5.000	0.605	0.068	0.000
0.600	-5.000	0.602	0.024	0.000
0.600	-5.000	0.602	0.024	0.000
0.600	-5.000	0.603	0.046	0.000
0.600	-5.000	0.605	0.068	0.000
0.600	-5.000	0.602	0.024	0.000
0.600	-5.000	0.605	0.068	0.000
0.600	-5.000	0.602	0.024	0.000
0.600	-5.000	0.602	0.024	0.000
0.600	-5.000	0.602	0.024	0.000
0.600	-5.000	0.603	0.046	0.000
0.600	-5.000	0.602	0.024	0.000
0.600	-5.000	0.603	0.046	0.000
0.600	-5.000	0.602	0.024	0.000
0.600	-5.000	0.603	0.046	0.000
0.600	-5.000	0.603	0.046	0.000
0.600	-5.000	0.603	0.046	0.000
0.600	-5.000	0.602	0.024	0.000
0.600	-5.000	0.603	0.046	0.000
0.600	-5.000	0.605	0.068	0.000
0.600	-5.000	0.602	0.024	0.000
0.600	-5.000	0.602	0.024	0.000
0.600	-5.000	0.603	0.046	0.000
0.600	-5.000	0.602	0.024	0.000
0.600	-5.000	0.603	0.046	0.000
0.600	-5.000	0.602	0.024	0.000
0.600	-5.000	0.603	0.046	0.000
0.600	-5.000	0.602	0.024	0.000
0.600	-5.000	0.602	0.024	0.000
0.600	-5.000	0.603	0.046	0.000
0.600	-5.000	0.602	0.024	0.000
0.600	-5.000	0.605	0.068	0.000
0.600	-5.000	0.603	0.046	0.000
0.600	-5.000	0.600	0.002	0.000
0.600	-5.000	0.603	0.046	0.000
0.600	-5.000	0.602	0.024	0.000
0.600	-5.000	0.602	0.024	0.000
0.600	-5.000	0.602	0.024	0.000
0.600	-5.000	0.603	0.046	0.000
0.600	-5.000	0.603	0.046	0.000
0.600	-5.000	0.602	0.024	0.000
0.600	-5.000	0.603	0.046	0.000
0.600	-5.000	0.603	0.046	0.000
0.600	-5.000	0.605	0.068	0.000
0.600	-5.000	0.603	0.046	0.000
0.600	-5.000	0.605	0.068	0.000
0.600	-5.000	0.603	0.046	0.000
0.600	-5.000	0.603	0.046	0.000
0.600	-5.000	0.602	0.024	0.000
0.600	-5.000	0.602	0.024	0.000
