0.000	-5.000	0.042	0.000	0.000
0.000	-5.000	0.044	0.000	0.000
0.000	-5.000	0.042	0.000	0.000
2.000	-5.000	0.042	2.937	0.000
2.000	-5.000	0.039	2.941	0.000
2.000	-5.000	0.039	2.941	0.000
2.000	-5.000	0.039	2.941	0.000
2.000	-5.000	0.039	2.941	0.000
2.000	-5.000	0.044	2.934	0.000
2.000	-5.000	0.044	2.934	0.000
2.000	-5.000	0.049	2.926	0.000
2.000	-5.000	0.049	2.926	0.000
2.000	-5.000	0.049	2.926	0.000
2.000	-5.000	0.054	2.919	0.000
2.000	-5.000	0.056	2.915	0.000
2.000	-5.000	0.061	2.908	0.000
2.000	-5.000	0.066	2.901	0.000
2.000	-5.000	0.069	2.897	0.000
2.000	-5.000	0.073	2.890	0.000
2.000	-5.000	0.076	2.886	0.000
2.000	-5.000	0.081	2.879	0.000
2.000	-5.000	0.086	2.872	0.000
2.000	-5.000	0.088	2.868	0.000
2.000	-5.000	0.093	2.861	0.000
2.000	-5.000	0.100	2.850	0.000
2.000	-5.000	0.105	2.842	0.000
2.000	-5.000	0.110	2.835	0.000
2.000	-5.000	0.112	2.831	0.000
2.000	-5.000	0.115	2.828	0.000
2.000	-5.000	0.125	2.813	0.000
2.000	-5.000	0.127	2.809	0.000
2.000	-5.000	0.132	2.802	0.000
2.000	-5.000	0.137	2.795	0.000
2.000	-5.000	0.142	2.787	0.000
2.000	-5.000	0.152	2.773	0.000
2.000	-5.000	0.156	2.765	0.000
2.000	-5.000	0.161	2.758	0.000
2.000	-5.000	0.166	2.751	0.000
2.000	-5.000	0.176	2.736	0.000
2.000	-5.000	0.181	2.729	0.000
2.000	-5.000	0.186	2.721	0.000
2.000	-5.000	0.191	2.714	0.000
2.000	-5.000	0.198	2.703	0.000
2.000	-5.000	0.205	2.692	0.000
2.000	-5.000	0.213	2.681	0.000
2.000	-5.000	0.217	2.674	0.000
2.000	-5.000	0.222	2.666	0.000
2.000	-5.000	0.230	2.655	0.000
2.000	-5.000	0.237	2.645	0.000
2.000	-5.000	0.242	2.637	0.000
2.000	-5.000	0.249	2.626	0.000
2.000	-5.000	0.254	2.619	0.000
2.000	-5.000	0.259	2.612	0.000
2.000	-5.000	0.266	2.601	0.000
2.000	-5.000	0.271	2.593	0.000
2.000	-5.000	0.279	2.582	0.000
2.000	-5.000	0.283	2.575	0.000
2.000	-5.000	0.293	2.560	0.000
2.000	-5.000	0.298	2.553	0.000
2.000	-5.000	0.305	2.542	0.000
2.000	-5.000	0.313	2.531	0.000
2.000	-5.000	0.318	2.524	0.000
2.000	-5.000	0.322	2.516	0.000
2.000	-5.000	0.327	2.509	0.000
2.000	-5.000	0.337	2.494	0.000
2.000	-5.000	0.342	2.487	0.000
2.000	-5.000	0.349	2.476	0.000
2.000	-5.000	0.354	2.469	0.000
2.000	-5.000	0.362	2.458	0.000
2.000	-5.000	0.366	2.450	0.000
2.000	-5.000	0.371	2.443	0.000
2.000	-5.000	0.381	2.428	0.000
2.000	-5.000	0.386	2.421	0.000
2.000	-5.000	0.393	2.410	0.000
2.000	-5.000	0.398	2.403	0.000
2.000	-5.000	0.405	2.392	0.000
2.000	-5.000	0.413	2.381	0.000
2.000	-5.000	0.420	2.370	0.000
2.000	-5.000	0.425	2.363	0.000
2.000	-5.000	0.430	2.355	0.000
2.000	-5.000	0.437	2.344	0.000
2.000	-5.000	0.445	2.333	0.000
2.000	-5.000	0.452	2.322	0.000
2.000	-5.000	0.457	2.315	0.000
2.000	-5.000	0.462	2.308	0.000
2.000	-5.000	0.466	2.300	0.000
2.000	-5.000	0.476	2.286	0.000
2.000	-5.000	0.481	2.278	0.000
2.000	-5.000	0.486	2.271	0.000
2.000	-5.000	0.491	2.264	0.000
2.000	-5.000	0.498	2.253	0.000
2.000	-5.000	0.508	2.238	0.000
2.000	-5.000	0.510	2.234	0.000
2.000	-5.000	0.515	2.227	0.000
2.000	-5.000	0.523	2.216	0.000
2.000	-5.000	0.530	2.205	0.000
2.000	-5.000	0.540	2.190	0.000
2.000	-5.000	0.542	2.187	0.000
2.000	-5.000	0.547	2.179	0.000
2.000	-5.000	0.552	2.172	0.000
2.000	-5.000	0.557	2.165	0.000
2.000	-5.000	0.564	2.154	0.000
2.000	-5.000	0.574	2.139	0.000
2.000	-5.000	0.576	2.135	0.000
2.000	-5.000	0.581	2.128	0.000
2.000	-5.000	0.591	2.113	0.000
2.000	-5.000	0.596	2.106	0.000
2.000	-5.000	0.603	2.095	0.000
2.000	-5.000	0.608	2.088	0.000
2.000	-5.000	0.611	2.084	0.000
2.000	-5.000	0.623	2.066	0.000
2.000	-5.000	0.623	2.066	0.000
2.000	-5.000	0.633	2.051	0.000
2.000	-5.000	0.635	2.048	0.000
2.000	-5.000	0.642	2.037	0.000
2.000	-5.000	0.647	2.029	0.000
2.000	-5.000	0.652	2.022	0.000
2.000	-5.000	0.657	2.015	0.000
2.000	-5.000	0.664	2.004	0.000
2.000	-5.000	0.672	1.993	0.000
2.000	-5.000	0.674	1.989	0.000
2.000	-5.000	0.684	1.974	0.000
2.000	-5.000	0.686	1.971	0.000
2.000	-5.000	0.694	1.960	0.000
2.000	-5.000	0.696	1.956	0.000
2.000	-5.000	0.706	1.941	0.000
2.000	-5.000	0.708	1.938	0.000
2.000	-5.000	0.716	1.927	0.000
2.000	-5.000	0.718	1.923	0.000
2.000	-5.000	0.723	1.916	0.000
2.000	-5.000	0.730	1.905	0.000
2.000	-5.000	0.733	1.901	0.000
2.000	-5.000	0.740	1.890	0.000
2.000	-5.000	0.747	1.879	0.000
2.000	-5.000	0.752	1.872	0.000
2.000	-5.000	0.755	1.868	0.000
2.000	-5.000	0.762	1.857	0.000
2.000	-5.000	0.767	1.850	0.000
2.000	-5.000	0.774	1.839	0.000
2.000	-5.000	0.777	1.835	0.000
2.000	-5.000	0.781	1.828	0.000
2.000	-5.000	0.786	1.821	0.000
2.000	-5.000	0.794	1.810	0.000
2.000	-5.000	0.796	1.806	0.000
2.000	-5.000	0.803	1.795	0.000
2.000	-5.000	0.811	1.784	0.000
2.000	-5.000	0.811	1.784	0.000
2.000	-5.000	0.816	1.777	0.000
2.000	-5.000	0.820	1.769	0.000
2.000	-5.000	0.828	1.758	0.000
2.000	-5.000	0.830	1.755	0.000
2.000	-5.000	0.835	1.747	0.000
2.000	-5.000	0.840	1.740	0.000
2.000	-5.000	0.845	1.733	0.000
2.000	-5.000	0.850	1.725	0.000
2.000	-5.000	0.855	1.718	0.000
2.000	-5.000	0.862	1.707	0.000
2.000	-5.000	0.864	1.703	0.000
2.000	-5.000	0.869	1.696	0.000
2.000	-5.000	0.874	1.689	0.000
2.000	-5.000	0.879	1.681	0.000
2.000	-5.000	0.884	1.674	0.000
2.000	-5.000	0.886	1.670	0.000
2.000	-5.000	0.891	1.663	0.000
2.000	-5.000	0.896	1.656	0.000
2.000	-5.000	0.901	1.648	0.000
2.000	-5.000	0.908	1.637	0.000
2.000	-5.000	0.911	1.634	0.000
2.000	-5.000	0.913	1.630	0.000
2.000	-5.000	0.918	1.623	0.000
2.000	-5.000	0.925	1.612	0.000
2.000	-5.000	0.928	1.608	0.000
2.000	-5.000	0.930	1.604	0.000
2.000	-5.000	0.938	1.593	0.000
2.000	-5.000	0.945	1.582	0.000
2.000	-5.000	0.947	1.579	0.000
2.000	-5.000	0.950	1.575	0.000
2.000	-5.000	0.955	1.568	0.000
2.000	-5.000	0.957	1.564	0.000
2.000	-5.000	0.967	1.550	0.000
2.000	-5.000	0.967	1.550	0.000
2.000	-5.000	0.972	1.542	0.000
2.000	-5.000	0.974	1.539	0.000
2.000	-5.000	0.979	1.531	0.000
2.000	-5.000	0.989	1.517	0.000
2.000	-5.000	0.987	1.520	0.000
2.000	-5.000	0.991	1.513	0.000
2.000	-5.000	0.996	1.506	0.000
2.000	-5.000	1.001	1.498	0.000
2.000	-5.000	1.006	1.491	0.000
2.000	-5.000	1.011	1.484	0.000
2.000	-5.000	1.011	1.484	0.000
2.000	-5.000	1.018	1.473	0.000
2.000	-5.000	1.021	1.469	0.000
2.000	-5.000	1.026	1.462	0.000
2.000	-5.000	1.028	1.458	0.000
2.000	-5.000	1.033	1.451	0.000
2.000	-5.000	1.038	1.443	0.000
2.000	-5.000	1.043	1.436	0.000
2.000	-5.000	1.048	1.429	0.000
2.000	-5.000	1.045	1.432	0.000
2.000	-5.000	1.052	1.421	0.000
2.000	-5.000	1.057	1.414	0.000
2.000	-5.000	1.060	1.410	0.000
2.000	-5.000	1.065	1.403	0.000
2.000	-5.000	1.067	1.399	0.000
2.000	-5.000	1.077	1.385	0.000
2.000	-5.000	1.079	1.381	0.000
2.000	-5.000	1.079	1.381	0.000
2.000	-5.000	1.087	1.370	0.000
2.000	-5.000	1.089	1.366	0.000
2.000	-5.000	1.089	1.366	0.000
2.000	-5.000	1.094	1.359	0.000
2.000	-5.000	1.096	1.355	0.000
2.000	-5.000	1.099	1.352	0.000
2.000	-5.000	1.104	1.344	0.000
2.000	-5.000	1.111	1.333	0.000
2.000	-5.000	1.111	1.333	0.000
2.000	-5.000	1.118	1.322	0.000
2.000	-5.000	1.121	1.319	0.000
2.000	-5.000	1.126	1.311	0.000
2.000	-5.000	1.123	1.315	0.000
2.000	-5.000	1.131	1.304	0.000
2.000	-5.000	1.133	1.301	0.000
2.000	-5.000	1.138	1.293	0.000
2.000	-5.000	1.143	1.286	0.000
2.000	-5.000	1.145	1.282	0.000
2.000	-5.000	1.145	1.282	0.000
2.000	-5.000	1.153	1.271	0.000
2.000	-5.000	1.155	1.268	0.000
2.000	-5.000	1.157	1.264	0.000
2.000	-5.000	1.160	1.260	0.000
2.000	-5.000	1.165	1.253	0.000
2.000	-5.000	1.167	1.249	0.000
2.000	-5.000	1.174	1.238	0.000
2.000	-5.000	1.174	1.238	0.000
2.000	-5.000	1.177	1.235	0.000
2.000	-5.000	1.182	1.227	0.000
2.000	-5.000	1.187	1.220	0.000
2.000	-5.000	1.187	1.220	0.000
2.000	-5.000	1.192	1.213	0.000
2.000	-5.000	1.196	1.205	0.000
2.000	-5.000	1.196	1.205	0.000
2.000	-5.000	1.201	1.198	0.000
2.000	-5.000	1.206	1.191	0.000
2.000	-5.000	1.209	1.187	0.000
2.000	-5.000	1.209	1.187	0.000
2.000	-5.000	1.214	1.180	0.000
2.000	-5.000	1.218	1.172	0.000
2.000	-5.000	1.221	1.169	0.000
2.000	-5.000	1.221	1.169	0.000
2.000	-5.000	1.226	1.161	0.000
2.000	-5.000	1.231	1.154	0.000
2.000	-5.000	1.233	1.150	0.000
2.000	-5.000	1.236	1.147	0.000
2.000	-5.000	1.238	1.143	0.000
2.000	-5.000	1.240	1.139	0.000
2.000	-5.000	1.240	1.139	0.000
2.000	-5.000	1.250	1.125	0.000
2.000	-5.000	1.250	1.125	0.000
2.000	-5.000	1.255	1.117	0.000
2.000	-5.000	1.258	1.114	0.000
2.000	-5.000	1.260	1.110	0.000
2.000	-5.000	1.260	1.110	0.000
2.000	-5.000	1.265	1.103	0.000
2.000	-5.000	1.270	1.095	0.000
2.000	-5.000	1.270	1.095	0.000
2.000	-5.000	1.277	1.084	0.000
2.000	-5.000	1.279	1.081	0.000
2.000	-5.000	1.279	1.081	0.000
2.000	-5.000	1.314	1.030	0.000
2.000	-5.000	1.319	1.022	0.000
2.000	-5.000	1.319	1.022	0.000
2.000	-5.000	1.321	1.019	0.000
2.000	-5.000	1.319	1.022	0.000
2.000	-5.000	1.319	1.022	0.000
2.000	-5.000	1.323	1.015	0.000
2.000	-5.000	1.319	1.022	0.000
2.000	-5.000	1.323	1.015	0.000
2.000	-5.000	1.321	1.019	0.000
2.000	-5.000	1.323	1.015	0.000
2.000	-5.000	1.319	1.022	0.000
2.000	-5.000	1.323	1.015	0.000
2.000	-5.000	1.323	1.015	0.000
2.000	-5.000	1.326	1.011	0.000
2.000	-5.000	1.326	1.011	0.000
2.000	-5.000	1.328	1.008	0.000
2.000	-5.000	1.333	1.000	0.000
2.000	-5.000	1.331	1.004	0.000
2.000	-5.000	1.336	0.997	0.000
2.000	-5.000	1.353	0.971	0.000
2.000	-5.000	1.353	0.971	0.000
2.000	-5.000	1.358	0.964	0.000
2.000	-5.000	1.353	0.971	0.000
2.000	-5.000	1.355	0.967	0.000
2.000	-5.000	1.358	0.964	0.000
2.000	-5.000	1.358	0.964	0.000
2.000	-5.000	1.355	0.967	0.000
2.000	-5.000	1.358	0.964	0.000
2.000	-5.000	1.362	0.956	0.000
2.000	-5.000	1.365	0.953	0.000
2.000	-5.000	1.367	0.949	0.000
2.000	-5.000	1.367	0.949	0.000
2.000	-5.000	1.372	0.942	0.000
2.000	-5.000	1.377	0.934	0.000
2.000	-5.000	1.382	0.927	0.000
2.000	-5.000	1.384	0.923	0.000
2.000	-5.000	1.382	0.927	0.000
2.000	-5.000	1.384	0.923	0.000
2.000	-5.000	1.387	0.920	0.000
2.000	-5.000	1.394	0.909	0.000
2.000	-5.000	1.397	0.905	0.000
2.000	-5.000	1.392	0.912	0.000
2.000	-5.000	1.399	0.901	0.000
2.000	-5.000	1.397	0.905	0.000
2.000	-5.000	1.399	0.901	0.000
2.000	-5.000	1.406	0.890	0.000
2.000	-5.000	1.406	0.890	0.000
2.000	-5.000	1.411	0.883	0.000
2.000	-5.000	1.411	0.883	0.000
2.000	-5.000	1.416	0.876	0.000
2.000	-5.000	1.414	0.879	0.000
2.000	-5.000	1.416	0.876	0.000
2.000	-5.000	1.416	0.876	0.000
2.000	-5.000	1.421	0.868	0.000
2.000	-5.000	1.426	0.861	0.000
2.000	-5.000	1.424	0.865	0.000
2.000	-5.000	1.428	0.857	0.000
2.000	-5.000	1.431	0.854	0.000
2.000	-5.000	1.431	0.854	0.000
2.000	-5.000	1.436	0.846	0.000
2.000	-5.000	1.436	0.846	0.000
2.000	-5.000	1.438	0.843	0.000
2.000	-5.000	1.441	0.839	0.000
2.000	-5.000	1.445	0.832	0.000
2.000	-5.000	1.445	0.832	0.000
2.000	-5.000	1.445	0.832	0.000
2.000	-5.000	1.450	0.824	0.000
2.000	-5.000	1.450	0.824	0.000
2.000	-5.000	1.453	0.821	0.000
2.000	-5.000	1.455	0.817	0.000
2.000	-5.000	1.455	0.817	0.000
2.000	-5.000	1.460	0.810	0.000
2.000	-5.000	1.463	0.806	0.000
2.000	-5.000	1.463	0.806	0.000
2.000	-5.000	1.463	0.806	0.000
2.000	-5.000	1.470	0.795	0.000
2.000	-5.000	1.472	0.791	0.000
2.000	-5.000	1.475	0.788	0.000
2.000	-5.000	1.475	0.788	0.000
2.000	-5.000	1.475	0.788	0.000
2.000	-5.000	1.480	0.780	0.000
2.000	-5.000	1.480	0.780	0.000
2.000	-5.000	1.482	0.777	0.000
2.000	-5.000	1.485	0.773	0.000
2.000	-5.000	1.485	0.773	0.000
2.000	-5.000	1.487	0.770	0.000
2.000	-5.000	1.489	0.766	0.000
2.000	-5.000	1.492	0.762	0.000
2.000	-5.000	1.494	0.759	0.000
2.000	-5.000	1.494	0.759	0.000
2.000	-5.000	1.497	0.755	0.000
2.000	-5.000	1.497	0.755	0.000
2.000	-5.000	1.502	0.748	0.000
2.000	-5.000	1.504	0.744	0.000
2.000	-5.000	1.504	0.744	0.000
2.000	-5.000	1.509	0.737	0.000
2.000	-5.000	1.509	0.737	0.000
2.000	-5.000	1.511	0.733	0.000
2.000	-5.000	1.514	0.729	0.000
2.000	-5.000	1.514	0.729	0.000
2.000	-5.000	1.514	0.729	0.000
2.000	-5.000	1.516	0.726	0.000
2.000	-5.000	1.519	0.722	0.000
2.000	-5.000	1.519	0.722	0.000
2.000	-5.000	1.521	0.718	0.000
2.000	-5.000	1.524	0.715	0.000
2.000	-5.000	1.529	0.707	0.000
2.000	-5.000	1.529	0.707	0.000
2.000	-5.000	1.529	0.707	0.000
2.000	-5.000	1.533	0.700	0.000
2.000	-5.000	1.536	0.696	0.000
2.000	-5.000	1.533	0.700	0.000
2.000	-5.000	1.536	0.696	0.000
2.000	-5.000	1.538	0.693	0.000
2.000	-5.000	1.543	0.685	0.000
2.000	-5.000	1.543	0.685	0.000
2.000	-5.000	1.543	0.685	0.000
2.000	-5.000	1.546	0.682	0.000
2.000	-5.000	1.548	0.678	0.000
2.000	-5.000	1.548	0.678	0.000
2.000	-5.000	1.550	0.674	0.000
2.000	-5.000	1.550	0.674	0.000
2.000	-5.000	1.553	0.671	0.000
2.000	-5.000	1.558	0.663	0.000
2.000	-5.000	1.558	0.663	0.000
2.000	-5.000	1.558	0.663	0.000
2.000	-5.000	1.560	0.660	0.000
2.000	-5.000	1.563	0.656	0.000
2.000	-5.000	1.565	0.652	0.000
2.000	-5.000	1.565	0.652	0.000
2.000	-5.000	1.568	0.649	0.000
2.000	-5.000	1.570	0.645	0.000
2.000	-5.000	1.572	0.641	0.000
2.000	-5.000	1.570	0.645	0.000
2.000	-5.000	1.572	0.641	0.000
2.000	-5.000	1.572	0.641	0.000
2.000	-5.000	1.575	0.638	0.000
2.000	-5.000	1.575	0.638	0.000
2.000	-5.000	1.580	0.630	0.000
2.000	-5.000	1.580	0.630	0.000
2.000	-5.000	1.582	0.627	0.000
2.000	-5.000	1.585	0.623	0.000
2.000	-5.000	1.587	0.619	0.000
2.000	-5.000	1.587	0.619	0.000
2.000	-5.000	1.590	0.616	0.000
2.000	-5.000	1.587	0.619	0.000
2.000	-5.000	1.590	0.616	0.000
2.000	-5.000	1.592	0.612	0.000
2.000	-5.000	1.594	0.608	0.000
2.000	-5.000	1.597	0.605	0.000
2.000	-5.000	1.599	0.601	0.000
2.000	-5.000	1.599	0.601	0.000
2.000	-5.000	1.602	0.597	0.000
2.000	-5.000	1.604	0.594	0.000
2.000	-5.000	1.604	0.594	0.000
2.000	-5.000	1.607	0.590	0.000
2.000	-5.000	1.607	0.590	0.000
2.000	-5.000	1.609	0.586	0.000
2.000	-5.000	1.609	0.586	0.000
2.000	-5.000	1.612	0.583	0.000
2.000	-5.000	1.609	0.586	0.000
2.000	-5.000	1.609	0.586	0.000
2.000	-5.000	1.616	0.575	0.000
2.000	-5.000	1.619	0.572	0.000
2.000	-5.000	1.619	0.572	0.000
2.000	-5.000	1.619	0.572	0.000
2.000	-5.000	1.619	0.572	0.000
2.000	-5.000	1.621	0.568	0.000
2.000	-5.000	1.621	0.568	0.000
2.000	-5.000	1.624	0.564	0.000
2.000	-5.000	1.626	0.561	0.000
2.000	-5.000	1.626	0.561	0.000
2.000	-5.000	1.629	0.557	0.000
2.000	-5.000	1.631	0.553	0.000
2.000	-5.000	1.633	0.550	0.000
2.000	-5.000	1.631	0.553	0.000
2.000	-5.000	1.633	0.550	0.000
2.000	-5.000	1.633	0.550	0.000
2.000	-5.000	1.636	0.546	0.000
2.000	-5.000	1.638	0.542	0.000
2.000	-5.000	1.636	0.546	0.000
2.000	-5.000	1.638	0.542	0.000
2.000	-5.000	1.641	0.539	0.000
2.000	-5.000	1.643	0.535	0.000
2.000	-5.000	1.643	0.535	0.000
2.000	-5.000	1.643	0.535	0.000
2.000	-5.000	1.646	0.531	0.000
2.000	-5.000	1.646	0.531	0.000
2.000	-5.000	1.648	0.528	0.000
2.000	-5.000	1.651	0.524	0.000
2.000	-5.000	1.651	0.524	0.000
2.000	-5.000	1.651	0.524	0.000
2.000	-5.000	1.653	0.520	0.000
2.000	-5.000	1.653	0.520	0.000
2.000	-5.000	1.655	0.517	0.000
2.000	-5.000	1.655	0.517	0.000
2.000	-5.000	1.660	0.509	0.000
2.000	-5.000	1.660	0.509	0.000
2.000	-5.000	1.660	0.509	0.000
2.000	-5.000	1.660	0.509	0.000
2.000	-5.000	1.663	0.506	0.000
2.000	-5.000	1.663	0.506	0.000
2.000	-5.000	1.668	0.499	0.000
2.000	-5.000	1.668	0.499	0.000
2.000	-5.000	1.668	0.499	0.000
2.000	-5.000	1.670	0.495	0.000
2.000	-5.000	1.670	0.495	0.000
2.000	-5.000	1.670	0.495	0.000
2.000	-5.000	1.673	0.491	0.000
2.000	-5.000	1.673	0.491	0.000
2.000	-5.000	1.675	0.488	0.000
2.000	-5.000	1.675	0.488	0.000
2.000	-5.000	1.677	0.484	0.000
2.000	-5.000	1.677	0.484	0.000
2.000	-5.000	1.680	0.480	0.000
2.000	-5.000	1.680	0.480	0.000
2.000	-5.000	1.680	0.480	0.000
2.000	-5.000	1.682	0.477	0.000
2.000	-5.000	1.680	0.480	0.000
2.000	-5.000	1.685	0.473	0.000
2.000	-5.000	1.687	0.469	0.000
2.000	-5.000	1.690	0.466	0.000
2.000	-5.000	1.690	0.466	0.000
2.000	-5.000	1.692	0.462	0.000
2.000	-5.000	1.692	0.462	0.000
2.000	-5.000	1.692	0.462	0.000
2.000	-5.000	1.690	0.466	0.000
2.000	-5.000	1.692	0.462	0.000
2.000	-5.000	1.690	0.466	0.000
2.000	-5.000	1.695	0.458	0.000
2.000	-5.000	1.697	0.455	0.000
2.000	-5.000	1.702	0.447	0.000
2.000	-5.000	1.699	0.451	0.000
2.000	-5.000	1.699	0.451	0.000
2.000	-5.000	1.699	0.451	0.000
2.000	-5.000	1.702	0.447	0.000
2.000	-5.000	1.702	0.447	0.000
2.000	-5.000	1.707	0.440	0.000
2.000	-5.000	1.707	0.440	0.000
2.000	-5.000	1.704	0.444	0.000
2.000	-5.000	1.707	0.440	0.000
2.000	-5.000	1.707	0.440	0.000
2.000	-5.000	1.709	0.436	0.000
2.000	-5.000	1.707	0.440	0.000
2.000	-5.000	1.709	0.436	0.000
2.000	-5.000	1.712	0.433	0.000
2.000	-5.000	1.712	0.433	0.000
2.000	-5.000	1.714	0.429	0.000
2.000	-5.000	1.714	0.429	0.000
2.000	-5.000	1.714	0.429	0.000
2.000	-5.000	1.716	0.425	0.000
2.000	-5.000	1.719	0.422	0.000
2.000	-5.000	1.719	0.422	0.000
2.000	-5.000	1.719	0.422	0.000
2.000	-5.000	1.719	0.422	0.000
2.000	-5.000	1.719	0.422	0.000
2.000	-5.000	1.724	0.414	0.000
2.000	-5.000	1.721	0.418	0.000
2.000	-5.000	1.724	0.414	0.000
2.000	-5.000	1.726	0.411	0.000
2.000	-5.000	1.724	0.414	0.000
2.000	-5.000	1.724	0.414	0.000
2.000	-5.000	1.729	0.407	0.000
2.000	-5.000	1.724	0.414	0.000
2.000	-5.000	1.729	0.407	0.000
2.000	-5.000	1.729	0.407	0.000
2.000	-5.000	1.729	0.407	0.000
2.000	-5.000	1.731	0.403	0.000
2.000	-5.000	1.734	0.400	0.000
2.000	-5.000	1.734	0.400	0.000
2.000	-5.000	1.736	0.396	0.000
2.000	-5.000	1.734	0.400	0.000
2.000	-5.000	1.738	0.392	0.000
2.000	-5.000	1.734	0.400	0.000
2.000	-5.000	1.734	0.400	0.000
2.000	-5.000	1.738	0.392	0.000
2.000	-5.000	1.738	0.392	0.000
2.000	-5.000	1.738	0.392	0.000
2.000	-5.000	1.738	0.392	0.000
2.000	-5.000	1.743	0.385	0.000
2.000	-5.000	1.743	0.385	0.000
2.000	-5.000	1.743	0.385	0.000
2.000	-5.000	1.743	0.385	0.000
2.000	-5.000	1.746	0.381	0.000
2.000	-5.000	1.746	0.381	0.000
2.000	-5.000	1.748	0.378	0.000
2.000	-5.000	1.743	0.385	0.000
2.000	-5.000	1.751	0.374	0.000
2.000	-5.000	1.748	0.378	0.000
2.000	-5.000	1.748	0.378	0.000
2.000	-5.000	1.751	0.374	0.000
2.000	-5.000	1.751	0.374	0.000
2.000	-5.000	1.753	0.370	0.000
2.000	-5.000	1.756	0.367	0.000
2.000	-5.000	1.753	0.370	0.000
2.000	-5.000	1.753	0.370	0.000
2.000	-5.000	1.756	0.367	0.000
2.000	-5.000	1.758	0.363	0.000
2.000	-5.000	1.758	0.363	0.000
2.000	-5.000	1.758	0.363	0.000
2.000	-5.000	1.758	0.363	0.000
2.000	-5.000	1.758	0.363	0.000
2.000	-5.000	1.758	0.363	0.000
2.000	-5.000	1.758	0.363	0.000
2.000	-5.000	1.760	0.359	0.000
2.000	-5.000	1.763	0.356	0.000
2.000	-5.000	1.763	0.356	0.000
2.000	-5.000	1.765	0.352	0.000
2.000	-5.000	1.763	0.356	0.000
2.000	-5.000	1.768	0.348	0.000
2.000	-5.000	1.768	0.348	0.000
2.000	-5.000	1.768	0.348	0.000
2.000	-5.000	1.768	0.348	0.000
2.000	-5.000	1.768	0.348	0.000
2.000	-5.000	1.768	0.348	0.000
2.000	-5.000	1.773	0.341	0.000
2.000	-5.000	1.773	0.341	0.000
2.000	-5.000	1.773	0.341	0.000
2.000	-5.000	1.775	0.337	0.000
2.000	-5.000	1.773	0.341	0.000
2.000	-5.000	1.773	0.341	0.000
2.000	-5.000	1.778	0.334	0.000
2.000	-5.000	1.778	0.334	0.000
2.000	-5.000	1.778	0.334	0.000
2.000	-5.000	1.775	0.337	0.000
2.000	-5.000	1.778	0.334	0.000
2.000	-5.000	1.780	0.330	0.000
2.000	-5.000	1.778	0.334	0.000
2.000	-5.000	1.782	0.326	0.000
2.000	-5.000	1.780	0.330	0.000
2.000	-5.000	1.782	0.326	0.000
2.000	-5.000	1.782	0.326	0.000
2.000	-5.000	1.782	0.326	0.000
2.000	-5.000	1.782	0.326	0.000
2.000	-5.000	1.782	0.326	0.000
2.000	-5.000	1.782	0.326	0.000
2.000	-5.000	1.785	0.323	0.000
2.000	-5.000	1.787	0.319	0.000
2.000	-5.000	1.787	0.319	0.000
2.000	-5.000	1.785	0.323	0.000
2.000	-5.000	1.787	0.319	0.000
2.000	-5.000	1.787	0.319	0.000
2.000	-5.000	1.787	0.319	0.000
2.000	-5.000	1.790	0.315	0.000
2.000	-5.000	1.787	0.319	0.000
2.000	-5.000	1.792	0.312	0.000
2.000	-5.000	1.792	0.312	0.000
2.000	-5.000	1.790	0.315	0.000
2.000	-5.000	1.792	0.312	0.000
2.000	-5.000	1.792	0.312	0.000
2.000	-5.000	1.792	0.312	0.000
2.000	-5.000	1.797	0.304	0.000
2.000	-5.000	1.797	0.304	0.000
2.000	-5.000	1.797	0.304	0.000
2.000	-5.000	1.797	0.304	0.000
2.000	-5.000	1.797	0.304	0.000
2.000	-5.000	1.799	0.301	0.000
2.000	-5.000	1.802	0.297	0.000
2.000	-5.000	1.804	0.293	0.000
2.000	-5.000	1.799	0.301	0.000
2.000	-5.000	1.802	0.297	0.000
2.000	-5.000	1.802	0.297	0.000
2.000	-5.000	1.802	0.297	0.000
2.000	-5.000	1.804	0.293	0.000
2.000	-5.000	1.799	0.301	0.000
2.000	-5.000	1.802	0.297	0.000
2.000	-5.000	1.802	0.297	0.000
2.000	-5.000	1.804	0.293	0.000
2.000	-5.000	1.807	0.290	0.000
2.000	-5.000	1.807	0.290	0.000
2.000	-5.000	1.809	0.286	0.000
2.000	-5.000	1.807	0.290	0.000
2.000	-5.000	1.809	0.286	0.000
2.000	-5.000	1.812	0.282	0.000
2.000	-5.000	1.812	0.282	0.000
2.000	-5.000	1.807	0.290	0.000
2.000	-5.000	1.812	0.282	0.000
2.000	-5.000	1.812	0.282	0.000
2.000	-5.000	1.809	0.286	0.000
2.000	-5.000	1.812	0.282	0.000
2.000	-5.000	1.812	0.282	0.000
2.000	-5.000	1.814	0.279	0.000
2.000	-5.000	1.812	0.282	0.000
2.000	-5.000	1.817	0.275	0.000
2.000	-5.000	1.817	0.275	0.000
2.000	-5.000	1.817	0.275	0.000
2.000	-5.000	1.817	0.275	0.000
2.000	-5.000	1.817	0.275	0.000
2.000	-5.000	1.817	0.275	0.000
2.000	-5.000	1.821	0.268	0.000
2.000	-5.000	1.817	0.275	0.000
2.000	-5.000	1.817	0.275	0.000
2.000	-5.000	1.821	0.268	0.000
2.000	-5.000	1.821	0.268	0.000
2.000	-5.000	1.817	0.275	0.000
2.000	-5.000	1.821	0.268	0.000
2.000	-5.000	1.821	0.268	0.000
2.000	-5.000	1.826	0.260	0.000
2.000	-5.000	1.821	0.268	0.000
2.000	-5.000	1.821	0.268	0.000
2.000	-5.000	1.824	0.264	0.000
2.000	-5.000	1.826	0.260	0.000
2.000	-5.000	1.826	0.260	0.000
2.000	-5.000	1.829	0.257	0.000
2.000	-5.000	1.826	0.260	0.000
2.000	-5.000	1.826	0.260	0.000
2.000	-5.000	1.831	0.253	0.000
2.000	-5.000	1.831	0.253	0.000
2.000	-5.000	1.831	0.253	0.000
2.000	-5.000	1.831	0.253	0.000
2.000	-5.000	1.834	0.249	0.000
2.000	-5.000	1.831	0.253	0.000
2.000	-5.000	1.831	0.253	0.000
2.000	-5.000	1.831	0.253	0.000
2.000	-5.000	1.834	0.249	0.000
2.000	-5.000	1.836	0.246	0.000
2.000	-5.000	1.831	0.253	0.000
2.000	-5.000	1.836	0.246	0.000
2.000	-5.000	1.831	0.253	0.000
2.000	-5.000	1.821	0.268	0.000
2.000	-5.000	1.836	0.246	0.000
2.000	-5.000	1.836	0.246	0.000
2.000	-5.000	1.834	0.249	0.000
2.000	-5.000	1.836	0.246	0.000
2.000	-5.000	1.836	0.246	0.000
2.000	-5.000	1.836	0.246	0.000
2.000	-5.000	1.831	0.253	0.000
2.000	-5.000	1.836	0.246	0.000
2.000	-5.000	1.829	0.257	0.000
2.000	-5.000	1.831	0.253	0.000
2.000	-5.000	1.841	0.238	0.000
2.000	-5.000	1.841	0.238	0.000
2.000	-5.000	1.836	0.246	0.000
2.000	-5.000	1.841	0.238	0.000
2.000	-5.000	1.836	0.246	0.000
2.000	-5.000	1.841	0.238	0.000
2.000	-5.000	1.843	0.235	0.000
2.000	-5.000	1.843	0.235	0.000
2.000	-5.000	1.841	0.238	0.000
2.000	-5.000	1.841	0.238	0.000
2.000	-5.000	1.841	0.238	0.000
2.000	-5.000	1.846	0.231	0.000
2.000	-5.000	1.846	0.231	0.000
2.000	-5.000	1.846	0.231	0.000
2.000	-5.000	1.841	0.238	0.000
2.000	-5.000	1.846	0.231	0.000
2.000	-5.000	1.846	0.231	0.000
2.000	-5.000	1.846	0.231	0.000
2.000	-5.000	1.851	0.224	0.000
2.000	-5.000	1.846	0.231	0.000
2.000	-5.000	1.848	0.228	0.000
2.000	-5.000	1.851	0.224	0.000
2.000	-5.000	1.848	0.228	0.000
2.000	-5.000	1.851	0.224	0.000
2.000	-5.000	1.851	0.224	0.000
2.000	-5.000	1.843	0.235	0.000
2.000	-5.000	1.851	0.224	0.000
2.000	-5.000	1.851	0.224	0.000
2.000	-5.000	1.853	0.220	0.000
2.000	-5.000	1.851	0.224	0.000
2.000	-5.000	1.846	0.231	0.000
2.000	-5.000	1.851	0.224	0.000
2.000	-5.000	1.848	0.228	0.000
2.000	-5.000	1.856	0.217	0.000
2.000	-5.000	1.853	0.220	0.000
2.000	-5.000	1.846	0.231	0.000
2.000	-5.000	1.851	0.224	0.000
2.000	-5.000	1.856	0.217	0.000
2.000	-5.000	1.858	0.213	0.000
2.000	-5.000	1.853	0.220	0.000
2.000	-5.000	1.858	0.213	0.000
2.000	-5.000	1.856	0.217	0.000
2.000	-5.000	1.856	0.217	0.000
2.000	-5.000	1.851	0.224	0.000
2.000	-5.000	1.858	0.213	0.000
2.000	-5.000	1.861	0.209	0.000
2.000	-5.000	1.858	0.213	0.000
2.000	-5.000	1.858	0.213	0.000
2.000	-5.000	1.858	0.213	0.000
2.000	-5.000	1.863	0.206	0.000
2.000	-5.000	1.853	0.220	0.000
2.000	-5.000	1.858	0.213	0.000
2.000	-5.000	1.863	0.206	0.000
2.000	-5.000	1.861	0.209	0.000
2.000	-5.000	1.863	0.206	0.000
2.000	-5.000	1.863	0.206	0.000
2.000	-5.000	1.863	0.206	0.000
2.000	-5.000	1.863	0.206	0.000
2.000	-5.000	1.863	0.206	0.000
2.000	-5.000	1.868	0.198	0.000
2.000	-5.000	1.863	0.206	0.000
2.000	-5.000	1.865	0.202	0.000
2.000	-5.000	1.863	0.206	0.000
2.000	-5.000	1.865	0.202	0.000
2.000	-5.000	1.868	0.198	0.000
2.000	-5.000	1.868	0.198	0.000
2.000	-5.000	1.865	0.202	0.000
2.000	-5.000	1.865	0.202	0.000
2.000	-5.000	1.865	0.202	0.000
2.000	-5.000	1.868	0.198	0.000
2.000	-5.000	1.865	0.202	0.000
2.000	-5.000	1.868	0.198	0.000
2.000	-5.000	1.870	0.195	0.000
2.000	-5.000	1.868	0.198	0.000
2.000	-5.000	1.870	0.195	0.000
2.000	-5.000	1.870	0.195	0.000
2.000	-5.000	1.865	0.202	0.000
2.000	-5.000	1.868	0.198	0.000
2.000	-5.000	1.870	0.195	0.000
2.000	-5.000	1.868	0.198	0.000
2.000	-5.000	1.873	0.191	0.000
2.000	-5.000	1.870	0.195	0.000
2.000	-5.000	1.873	0.191	0.000
2.000	-5.000	1.870	0.195	0.000
2.000	-5.000	1.870	0.195	0.000
2.000	-5.000	1.870	0.195	0.000
2.000	-5.000	1.870	0.195	0.000
2.000	-5.000	1.875	0.187	0.000
2.000	-5.000	1.873	0.191	0.000
2.000	-5.000	1.875	0.187	0.000
2.000	-5.000	1.878	0.184	0.000
2.000	-5.000	1.873	0.191	0.000
2.000	-5.000	1.875	0.187	0.000
2.000	-5.000	1.875	0.187	0.000
2.000	-5.000	1.875	0.187	0.000
2.000	-5.000	1.878	0.184	0.000
2.000	-5.000	1.875	0.187	0.000
2.000	-5.000	1.875	0.187	0.000
2.000	-5.000	1.878	0.184	0.000
2.000	-5.000	1.878	0.184	0.000
2.000	-5.000	1.880	0.180	0.000
2.000	-5.000	1.880	0.180	0.000
2.000	-5.000	1.880	0.180	0.000
2.000	-5.000	1.878	0.184	0.000
2.000	-5.000	1.880	0.180	0.000
2.000	-5.000	1.878	0.184	0.000
2.000	-5.000	1.880	0.180	0.000
2.000	-5.000	1.883	0.176	0.000
2.000	-5.000	1.878	0.184	0.000
2.000	-5.000	1.883	0.176	0.000
2.000	-5.000	1.880	0.180	0.000
2.000	-5.000	1.880	0.180	0.000
2.000	-5.000	1.885	0.173	0.000
2.000	-5.000	1.878	0.184	0.000
2.000	-5.000	1.878	0.184	0.000
2.000	-5.000	1.880	0.180	0.000
2.000	-5.000	1.880	0.180	0.000
2.000	-5.000	1.883	0.176	0.000
2.000	-5.000	1.885	0.173	0.000
2.000	-5.000	1.885	0.173	0.000
2.000	-5.000	1.883	0.176	0.000
2.000	-5.000	1.885	0.173	0.000
2.000	-5.000	1.880	0.180	0.000
2.000	-5.000	1.885	0.173	0.000
2.000	-5.000	1.885	0.173	0.000
2.000	-5.000	1.883	0.176	0.000
2.000	-5.000	1.885	0.173	0.000
2.000	-5.000	1.887	0.169	0.000
2.000	-5.000	1.883	0.176	0.000
2.000	-5.000	1.885	0.173	0.000
2.000	-5.000	1.885	0.173	0.000
2.000	-5.000	1.885	0.173	0.000
2.000	-5.000	1.885	0.173	0.000
2.000	-5.000	1.892	0.162	0.000
2.000	-5.000	1.885	0.173	0.000
2.000	-5.000	1.885	0.173	0.000
2.000	-5.000	1.885	0.173	0.000
2.000	-5.000	1.885	0.173	0.000
2.000	-5.000	1.885	0.173	0.000
2.000	-5.000	1.885	0.173	0.000
2.000	-5.000	1.890	0.165	0.000
2.000	-5.000	1.885	0.173	0.000
2.000	-5.000	1.892	0.162	0.000
2.000	-5.000	1.890	0.165	0.000
2.000	-5.000	1.887	0.169	0.000
2.000	-5.000	1.887	0.169	0.000
2.000	-5.000	1.890	0.165	0.000
2.000	-5.000	1.885	0.173	0.000
2.000	-5.000	1.892	0.162	0.000
2.000	-5.000	1.890	0.165	0.000
2.000	-5.000	1.890	0.165	0.000
2.000	-5.000	1.890	0.165	0.000
2.000	-5.000	1.890	0.165	0.000
2.000	-5.000	1.890	0.165	0.000
2.000	-5.000	1.890	0.165	0.000
2.000	-5.000	1.890	0.165	0.000
2.000	-5.000	1.895	0.158	0.000
2.000	-5.000	1.895	0.158	0.000
2.000	-5.000	1.895	0.158	0.000
2.000	-5.000	1.892	0.162	0.000
2.000	-5.000	1.890	0.165	0.000
2.000	-5.000	1.895	0.158	0.000
2.000	-5.000	1.895	0.158	0.000
2.000	-5.000	1.892	0.162	0.000
2.000	-5.000	1.895	0.158	0.000
2.000	-5.000	1.892	0.162	0.000
2.000	-5.000	1.895	0.158	0.000
2.000	-5.000	1.895	0.158	0.000
2.000	-5.000	1.895	0.158	0.000
2.000	-5.000	1.895	0.158	0.000
2.000	-5.000	1.897	0.154	0.000
2.000	-5.000	1.897	0.154	0.000
2.000	-5.000	1.895	0.158	0.000
2.000	-5.000	1.895	0.158	0.000
2.000	-5.000	1.897	0.154	0.000
2.000	-5.000	1.895	0.158	0.000
2.000	-5.000	1.897	0.154	0.000
2.000	-5.000	1.897	0.154	0.000
2.000	-5.000	1.897	0.154	0.000
2.000	-5.000	1.897	0.154	0.000
2.000	-5.000	1.895	0.158	0.000
2.000	-5.000	1.897	0.154	0.000
2.000	-5.000	1.900	0.151	0.000
2.000	-5.000	1.897	0.154	0.000
2.000	-5.000	1.900	0.151	0.000
2.000	-5.000	1.900	0.151	0.000
2.000	-5.000	1.902	0.147	0.000
2.000	-5.000	1.900	0.151	0.000
2.000	-5.000	1.897	0.154	0.000
2.000	-5.000	1.900	0.151	0.000
2.000	-5.000	1.900	0.151	0.000
2.000	-5.000	1.900	0.151	0.000
2.000	-5.000	1.900	0.151	0.000
2.000	-5.000	1.900	0.151	0.000
2.000	-5.000	1.900	0.151	0.000
2.000	-5.000	1.900	0.151	0.000
2.000	-5.000	1.904	0.143	0.000
2.000	-5.000	1.900	0.151	0.000
2.000	-5.000	1.900	0.151	0.000
2.000	-5.000	1.904	0.143	0.000
2.000	-5.000	1.902	0.147	0.000
2.000	-5.000	1.900	0.151	0.000
2.000	-5.000	1.902	0.147	0.000
2.000	-5.000	1.902	0.147	0.000
2.000	-5.000	1.904	0.143	0.000
2.000	-5.000	1.902	0.147	0.000
2.000	-5.000	1.904	0.143	0.000
2.000	-5.000	1.904	0.143	0.000
2.000	-5.000	1.904	0.143	0.000
2.000	-5.000	1.904	0.143	0.000
2.000	-5.000	1.902	0.147	0.000
2.000	-5.000	1.907	0.140	0.000
2.000	-5.000	1.904	0.143	0.000
2.000	-5.000	1.904	0.143	0.000
2.000	-5.000	1.904	0.143	0.000
2.000	-5.000	1.907	0.140	0.000
2.000	-5.000	1.904	0.143	0.000
2.000	-5.000	1.904	0.143	0.000
2.000	-5.000	1.904	0.143	0.000
2.000	-5.000	1.904	0.143	0.000
2.000	-5.000	1.904	0.143	0.000
2.000	-5.000	1.907	0.140	0.000
2.000	-5.000	1.904	0.143	0.000
2.000	-5.000	1.909	0.136	0.000
2.000	-5.000	1.912	0.132	0.000
2.000	-5.000	1.909	0.136	0.000
2.000	-5.000	1.904	0.143	0.000
2.000	-5.000	1.909	0.136	0.000
2.000	-5.000	1.904	0.143	0.000
2.000	-5.000	1.907	0.140	0.000
2.000	-5.000	1.907	0.140	0.000
2.000	-5.000	1.907	0.140	0.000
2.000	-5.000	1.909	0.136	0.000
2.000	-5.000	1.907	0.140	0.000
2.000	-5.000	1.907	0.140	0.000
2.000	-5.000	1.904	0.143	0.000
2.000	-5.000	1.907	0.140	0.000
2.000	-5.000	1.907	0.140	0.000
2.000	-5.000	1.907	0.140	0.000
2.000	-5.000	1.909	0.136	0.000
2.000	-5.000	1.909	0.136	0.000
2.000	-5.000	1.912	0.132	0.000
2.000	-5.000	1.909	0.136	0.000
2.000	-5.000	1.909	0.136	0.000
2.000	-5.000	1.909	0.136	0.000
2.000	-5.000	1.909	0.136	0.000
2.000	-5.000	1.912	0.132	0.000
2.000	-5.000	1.912	0.132	0.000
2.000	-5.000	1.907	0.140	0.000
2.000	-5.000	1.912	0.132	0.000
2.000	-5.000	1.909	0.136	0.000
2.000	-5.000	1.909	0.136	0.000
2.000	-5.000	1.914	0.129	0.000
2.000	-5.000	1.912	0.132	0.000
2.000	-5.000	1.909	0.136	0.000
2.000	-5.000	1.914	0.129	0.000
2.000	-5.000	1.914	0.129	0.000
2.000	-5.000	1.912	0.132	0.000
2.000	-5.000	1.914	0.129	0.000
2.000	-5.000	1.912	0.132	0.000
2.000	-5.000	1.912	0.132	0.000
2.000	-5.000	1.912	0.132	0.000
2.000	-5.000	1.914	0.129	0.000
2.000	-5.000	1.914	0.129	0.000
2.000	-5.000	1.914	0.129	0.000
2.000	-5.000	1.914	0.129	0.000
2.000	-5.000	1.914	0.129	0.000
2.000	-5.000	1.914	0.129	0.000
2.000	-5.000	1.914	0.129	0.000
2.000	-5.000	1.914	0.129	0.000
2.000	-5.000	1.917	0.125	0.000
2.000	-5.000	1.914	0.129	0.000
2.000	-5.000	1.914	0.129	0.000
2.000	-5.000	1.917	0.125	0.000
2.000	-5.000	1.914	0.129	0.000
2.000	-5.000	1.917	0.125	0.000
2.000	-5.000	1.917	0.125	0.000
2.000	-5.000	1.917	0.125	0.000
2.000	-5.000	1.914	0.129	0.000
2.000	-5.000	1.914	0.129	0.000
2.000	-5.000	1.914	0.129	0.000
2.000	-5.000	1.919	0.121	0.000
2.000	-5.000	1.914	0.129	0.000
2.000	-5.000	1.917	0.125	0.000
2.000	-5.000	1.914	0.129	0.000
2.000	-5.000	1.917	0.125	0.000
2.000	-5.000	1.917	0.125	0.000
2.000	-5.000	1.914	0.129	0.000
2.000	-5.000	1.919	0.121	0.000
2.000	-5.000	1.919	0.121	0.000
2.000	-5.000	1.919	0.121	0.000
2.000	-5.000	1.919	0.121	0.000
2.000	-5.000	1.919	0.121	0.000
2.000	-5.000	1.919	0.121	0.000
2.000	-5.000	1.919	0.121	0.000
2.000	-5.000	1.919	0.121	0.000
2.000	-5.000	1.919	0.121	0.000
2.000	-5.000	1.919	0.121	0.000
2.000	-5.000	1.917	0.125	0.000
2.000	-5.000	1.924	0.114	0.000
2.000	-5.000	1.922	0.118	0.000
2.000	-5.000	1.919	0.121	0.000
2.000	-5.000	1.919	0.121	0.000
2.000	-5.000	1.919	0.121	0.000
2.000	-5.000	1.919	0.121	0.000
2.000	-5.000	1.919	0.121	0.000
2.000	-5.000	1.922	0.118	0.000
2.000	-5.000	1.919	0.121	0.000
2.000	-5.000	1.919	0.121	0.000
2.000	-5.000	1.924	0.114	0.000
2.000	-5.000	1.919	0.121	0.000
2.000	-5.000	1.919	0.121	0.000
2.000	-5.000	1.926	0.110	0.000
2.000	-5.000	1.922	0.118	0.000
2.000	-5.000	1.924	0.114	0.000
2.000	-5.000	1.924	0.114	0.000
2.000	-5.000	1.922	0.118	0.000
2.000	-5.000	1.924	0.114	0.000
2.000	-5.000	1.924	0.114	0.000
2.000	-5.000	1.922	0.118	0.000
2.000	-5.000	1.926	0.110	0.000
2.000	-5.000	1.922	0.118	0.000
2.000	-5.000	1.924	0.114	0.000
2.000	-5.000	1.922	0.118	0.000
2.000	-5.000	1.924	0.114	0.000
2.000	-5.000	1.924	0.114	0.000
2.000	-5.000	1.924	0.114	0.000
2.000	-5.000	1.922	0.118	0.000
2.000	-5.000	1.922	0.118	0.000
2.000	-5.000	1.924	0.114	0.000
2.000	-5.000	1.924	0.114	0.000
2.000	-5.000	1.924	0.114	0.000
2.000	-5.000	1.924	0.114	0.000
2.000	-5.000	1.924	0.114	0.000
2.000	-5.000	1.924	0.114	0.000
2.000	-5.000	1.924	0.114	0.000
2.000	-5.000	1.924	0.114	0.000
2.000	-5.000	1.924	0.114	0.000
2.000	-5.000	1.926	0.110	0.000
2.000	-5.000	1.924	0.114	0.000
2.000	-5.000	1.926	0.110	0.000
2.000	-5.000	1.924	0.114	0.000
2.000	-5.000	1.929	0.107	0.000
2.000	-5.000	1.929	0.107	0.000
2.000	-5.000	1.926	0.110	0.000
2.000	-5.000	1.924	0.114	0.000
2.000	-5.000	1.924	0.114	0.000
2.000	-5.000	1.924	0.114	0.000
2.000	-5.000	1.924	0.114	0.000
2.000	-5.000	1.926	0.110	0.000
2.000	-5.000	1.926	0.110	0.000
2.000	-5.000	1.924	0.114	0.000
2.000	-5.000	1.931	0.103	0.000
2.000	-5.000	1.929	0.107	0.000
2.000	-5.000	1.924	0.114	0.000
2.000	-5.000	1.926	0.110	0.000
2.000	-5.000	1.926	0.110	0.000
2.000	-5.000	1.931	0.103	0.000
2.000	-5.000	1.924	0.114	0.000
2.000	-5.000	1.929	0.107	0.000
2.000	-5.000	1.929	0.107	0.000
2.000	-5.000	1.931	0.103	0.000
2.000	-5.000	1.924	0.114	0.000
2.000	-5.000	1.929	0.107	0.000
2.000	-5.000	1.926	0.110	0.000
2.000	-5.000	1.929	0.107	0.000
2.000	-5.000	1.929	0.107	0.000
2.000	-5.000	1.929	0.107	0.000
2.000	-5.000	1.929	0.107	0.000
2.000	-5.000	1.929	0.107	0.000
2.000	-5.000	1.929	0.107	0.000
2.000	-5.000	1.929	0.107	0.000
2.000	-5.000	1.929	0.107	0.000
2.000	-5.000	1.931	0.103	0.000
2.000	-5.000	1.934	0.099	0.000
2.000	-5.000	1.929	0.107	0.000
2.000	-5.000	1.929	0.107	0.000
2.000	-5.000	1.929	0.107	0.000
2.000	-5.000	1.934	0.099	0.000
2.000	-5.000	1.929	0.107	0.000
2.000	-5.000	1.931	0.103	0.000
2.000	-5.000	1.931	0.103	0.000
2.000	-5.000	1.931	0.103	0.000
2.000	-5.000	1.934	0.099	0.000
2.000	-5.000	1.931	0.103	0.000
2.000	-5.000	1.929	0.107	0.000
2.000	-5.000	1.931	0.103	0.000
2.000	-5.000	1.929	0.107	0.000
2.000	-5.000	1.929	0.107	0.000
2.000	-5.000	1.934	0.099	0.000
2.000	-5.000	1.934	0.099	0.000
2.000	-5.000	1.934	0.099	0.000
2.000	-5.000	1.931	0.103	0.000
2.000	-5.000	1.934	0.099	0.000
2.000	-5.000	1.934	0.099	0.000
2.000	-5.000	1.931	0.103	0.000
2.000	-5.000	1.934	0.099	0.000
2.000	-5.000	1.931	0.103	0.000
2.000	-5.000	1.934	0.099	0.000
2.000	-5.000	1.934	0.099	0.000
2.000	-5.000	1.936	0.096	0.000
2.000	-5.000	1.936	0.096	0.000
2.000	-5.000	1.934	0.099	0.000
2.000	-5.000	1.936	0.096	0.000
2.000	-5.000	1.934	0.099	0.000
2.000	-5.000	1.934	0.099	0.000
2.000	-5.000	1.936	0.096	0.000
2.000	-5.000	1.934	0.099	0.000
2.000	-5.000	1.936	0.096	0.000
2.000	-5.000	1.936	0.096	0.000
2.000	-5.000	1.931	0.103	0.000
2.000	-5.000	1.934	0.099	0.000
2.000	-5.000	1.934	0.099	0.000
2.000	-5.000	1.936	0.096	0.000
2.000	-5.000	1.934	0.099	0.000
2.000	-5.000	1.936	0.096	0.000
2.000	-5.000	1.939	0.092	0.000
2.000	-5.000	1.936	0.096	0.000
2.000	-5.000	1.939	0.092	0.000
2.000	-5.000	1.936	0.096	0.000
2.000	-5.000	1.936	0.096	0.000
2.000	-5.000	1.934	0.099	0.000
2.000	-5.000	1.936	0.096	0.000
2.000	-5.000	1.939	0.092	0.000
2.000	-5.000	1.939	0.092	0.000
2.000	-5.000	1.939	0.092	0.000
2.000	-5.000	1.936	0.096	0.000
2.000	-5.000	1.936	0.096	0.000
2.000	-5.000	1.936	0.096	0.000
2.000	-5.000	1.936	0.096	0.000
2.000	-5.000	1.939	0.092	0.000
2.000	-5.000	1.936	0.096	0.000
2.000	-5.000	1.936	0.096	0.000
2.000	-5.000	1.939	0.092	0.000
2.000	-5.000	1.936	0.096	0.000
2.000	-5.000	1.939	0.092	0.000
2.000	-5.000	1.936	0.096	0.000
2.000	-5.000	1.936	0.096	0.000
2.000	-5.000	1.936	0.096	0.000
2.000	-5.000	1.936	0.096	0.000
2.000	-5.000	1.939	0.092	0.000
2.000	-5.000	1.941	0.088	0.000
2.000	-5.000	1.939	0.092	0.000
2.000	-5.000	1.939	0.092	0.000
2.000	-5.000	1.939	0.092	0.000
2.000	-5.000	1.941	0.088	0.000
2.000	-5.000	1.939	0.092	0.000
2.000	-5.000	1.941	0.088	0.000
2.000	-5.000	1.939	0.092	0.000
2.000	-5.000	1.939	0.092	0.000
2.000	-5.000	1.941	0.088	0.000
2.000	-5.000	1.936	0.096	0.000
2.000	-5.000	1.939	0.092	0.000
2.000	-5.000	1.941	0.088	0.000
2.000	-5.000	1.939	0.092	0.000
2.000	-5.000	1.941	0.088	0.000
2.000	-5.000	1.939	0.092	0.000
2.000	-5.000	1.939	0.092	0.000
2.000	-5.000	1.939	0.092	0.000
2.000	-5.000	1.941	0.088	0.000
2.000	-5.000	1.941	0.088	0.000
2.000	-5.000	1.939	0.092	0.000
2.000	-5.000	1.941	0.088	0.000
2.000	-5.000	1.941	0.088	0.000
2.000	-5.000	1.939	0.092	0.000
2.000	-5.000	1.941	0.088	0.000
2.000	-5.000	1.944	0.085	0.000
2.000	-5.000	1.944	0.085	0.000
2.000	-5.000	1.941	0.088	0.000
2.000	-5.000	1.941	0.088	0.000
2.000	-5.000	1.941	0.088	0.000
2.000	-5.000	1.939	0.092	0.000
2.000	-5.000	1.941	0.088	0.000
2.000	-5.000	1.944	0.085	0.000
2.000	-5.000	1.944	0.085	0.000
2.000	-5.000	1.944	0.085	0.000
2.000	-5.000	1.944	0.085	0.000
2.000	-5.000	1.944	0.085	0.000
2.000	-5.000	1.944	0.085	0.000
2.000	-5.000	1.941	0.088	0.000
2.000	-5.000	1.941	0.088	0.000
2.000	-5.000	1.944	0.085	0.000
2.000	-5.000	1.944	0.085	0.000
2.000	-5.000	1.944	0.085	0.000
2.000	-5.000	1.941	0.088	0.000
2.000	-5.000	1.944	0.085	0.000
2.000	-5.000	1.944	0.085	0.000
2.000	-5.000	1.944	0.085	0.000
2.000	-5.000	1.944	0.085	0.000
2.000	-5.000	1.944	0.085	0.000
2.000	-5.000	1.944	0.085	0.000
2.000	-5.000	1.944	0.085	0.000
2.000	-5.000	1.944	0.085	0.000
2.000	-5.000	1.944	0.085	0.000
2.000	-5.000	1.946	0.081	0.000
2.000	-5.000	1.944	0.085	0.000
2.000	-5.000	1.944	0.085	0.000
2.000	-5.000	1.944	0.085	0.000
2.000	-5.000	1.944	0.085	0.000
2.000	-5.000	1.944	0.085	0.000
2.000	-5.000	1.944	0.085	0.000
2.000	-5.000	1.944	0.085	0.000
2.000	-5.000	1.944	0.085	0.000
2.000	-5.000	1.944	0.085	0.000
2.000	-5.000	1.944	0.085	0.000
2.000	-5.000	1.944	0.085	0.000
2.000	-5.000	1.946	0.081	0.000
2.000	-5.000	1.944	0.085	0.000
2.000	-5.000	1.948	0.077	0.000
2.000	-5.000	1.944	0.085	0.000
2.000	-5.000	1.948	0.077	0.000
2.000	-5.000	1.948	0.077	0.000
2.000	-5.000	1.948	0.077	0.000
2.000	-5.000	1.948	0.077	0.000
2.000	-5.000	1.944	0.085	0.000
2.000	-5.000	1.946	0.081	0.000
2.000	-5.000	1.946	0.081	0.000
2.000	-5.000	1.948	0.077	0.000
2.000	-5.000	1.946	0.081	0.000
2.000	-5.000	1.946	0.081	0.000
2.000	-5.000	1.944	0.085	0.000
2.000	-5.000	1.948	0.077	0.000
2.000	-5.000	1.944	0.085	0.000
2.000	-5.000	1.948	0.077	0.000
2.000	-5.000	1.944	0.085	0.000
2.000	-5.000	1.946	0.081	0.000
2.000	-5.000	1.948	0.077	0.000
2.000	-5.000	1.948	0.077	0.000
2.000	-5.000	1.948	0.077	0.000
2.000	-5.000	1.948	0.077	0.000
2.000	-5.000	1.948	0.077	0.000
2.000	-5.000	1.948	0.077	0.000
2.000	-5.000	1.948	0.077	0.000
2.000	-5.000	1.951	0.074	0.000
2.000	-5.000	1.951	0.074	0.000
2.000	-5.000	1.953	0.070	0.000
2.000	-5.000	1.948	0.077	0.000
2.000	-5.000	1.948	0.077	0.000
2.000	-5.000	1.948	0.077	0.000
2.000	-5.000	1.948	0.077	0.000
2.000	-5.000	1.948	0.077	0.000
2.000	-5.000	1.948	0.077	0.000
2.000	-5.000	1.948	0.077	0.000
2.000	-5.000	1.948	0.077	0.000
2.000	-5.000	1.948	0.077	0.000
2.000	-5.000	1.956	0.066	0.000
2.000	-5.000	1.948	0.077	0.000
2.000	-5.000	1.948	0.077	0.000
2.000	-5.000	1.948	0.077	0.000
2.000	-5.000	1.948	0.077	0.000
2.000	-5.000	1.951	0.074	0.000
2.000	-5.000	1.948	0.077	0.000
2.000	-5.000	1.948	0.077	0.000
2.000	-5.000	1.948	0.077	0.000
2.000	-5.000	1.953	0.070	0.000
2.000	-5.000	1.953	0.070	0.000
2.000	-5.000	1.948	0.077	0.000
2.000	-5.000	1.951	0.074	0.000
2.000	-5.000	1.953	0.070	0.000
2.000	-5.000	1.948	0.077	0.000
2.000	-5.000	1.948	0.077	0.000
2.000	-5.000	1.948	0.077	0.000
2.000	-5.000	1.948	0.077	0.000
2.000	-5.000	1.948	0.077	0.000
2.000	-5.000	1.948	0.077	0.000
2.000	-5.000	1.951	0.074	0.000
2.000	-5.000	1.951	0.074	0.000
2.000	-5.000	1.951	0.074	0.000
2.000	-5.000	1.953	0.070	0.000
2.000	-5.000	1.951	0.074	0.000
2.000	-5.000	1.956	0.066	0.000
2.000	-5.000	1.951	0.074	0.000
2.000	-5.000	1.951	0.074	0.000
2.000	-5.000	1.948	0.077	0.000
2.000	-5.000	1.948	0.077	0.000
2.000	-5.000	1.956	0.066	0.000
2.000	-5.000	1.953	0.070	0.000
2.000	-5.000	1.951	0.074	0.000
2.000	-5.000	1.951	0.074	0.000
2.000	-5.000	1.956	0.066	0.000
2.000	-5.000	1.951	0.074	0.000
2.000	-5.000	1.956	0.066	0.000
2.000	-5.000	1.951	0.074	0.000
2.000	-5.000	1.953	0.070	0.000
2.000	-5.000	1.956	0.066	0.000
2.000	-5.000	1.956	0.066	0.000
2.000	-5.000	1.956	0.066	0.000
2.000	-5.000	1.951	0.074	0.000
2.000	-5.000	1.953	0.070	0.000
2.000	-5.000	1.956	0.066	0.000
2.000	-5.000	1.953	0.070	0.000
2.000	-5.000	1.953	0.070	0.000
2.000	-5.000	1.953	0.070	0.000
2.000	-5.000	1.953	0.070	0.000
2.000	-5.000	1.953	0.070	0.000
2.000	-5.000	1.956	0.066	0.000
2.000	-5.000	1.951	0.074	0.000
2.000	-5.000	1.956	0.066	0.000
2.000	-5.000	1.956	0.066	0.000
2.000	-5.000	1.956	0.066	0.000
2.000	-5.000	1.956	0.066	0.000
2.000	-5.000	1.956	0.066	0.000
2.000	-5.000	1.956	0.066	0.000
2.000	-5.000	1.956	0.066	0.000
2.000	-5.000	1.953	0.070	0.000
2.000	-5.000	1.956	0.066	0.000
2.000	-5.000	1.956	0.066	0.000
2.000	-5.000	1.956	0.066	0.000
2.000	-5.000	1.956	0.066	0.000
2.000	-5.000	1.953	0.070	0.000
2.000	-5.000	1.958	0.063	0.000
2.000	-5.000	1.953	0.070	0.000
2.000	-5.000	1.956	0.066	0.000
2.000	-5.000	1.956	0.066	0.000
2.000	-5.000	1.956	0.066	0.000
2.000	-5.000	1.953	0.070	0.000
2.000	-5.000	1.956	0.066	0.000
2.000	-5.000	1.956	0.066	0.000
2.000	-5.000	1.956	0.066	0.000
2.000	-5.000	1.956	0.066	0.000
2.000	-5.000	1.956	0.066	0.000
2.000	-5.000	1.956	0.066	0.000
2.000	-5.000	1.956	0.066	0.000
2.000	-5.000	1.956	0.066	0.000
2.000	-5.000	1.956	0.066	0.000
2.000	-5.000	1.956	0.066	0.000
2.000	-5.000	1.956	0.066	0.000
2.000	-5.000	1.958	0.063	0.000
2.000	-5.000	1.956	0.066	0.000
2.000	-5.000	1.953	0.070	0.000
2.000	-5.000	1.958	0.063	0.000
2.000	-5.000	1.956	0.066	0.000
2.000	-5.000	1.956	0.066	0.000
2.000	-5.000	1.956	0.066	0.000
2.000	-5.000	1.956	0.066	0.000
2.000	-5.000	1.956	0.066	0.000
2.000	-5.000	1.956	0.066	0.000
2.000	-5.000	1.956	0.066	0.000
2.000	-5.000	1.956	0.066	0.000
2.000	-5.000	1.956	0.066	0.000
2.000	-5.000	1.956	0.066	0.000
2.000	-5.000	1.956	0.066	0.000
2.000	-5.000	1.956	0.066	0.000
2.000	-5.000	1.956	0.066	0.000
2.000	-5.000	1.956	0.066	0.000
2.000	-5.000	1.956	0.066	0.000
2.000	-5.000	1.956	0.066	0.000
2.000	-5.000	1.956	0.066	0.000
2.000	-5.000	1.958	0.063	0.000
2.000	-5.000	1.958	0.063	0.000
2.000	-5.000	1.956	0.066	0.000
2.000	-5.000	1.956	0.066	0.000
2.000	-5.000	1.958	0.063	0.000
2.000	-5.000	1.956	0.066	0.000
2.000	-5.000	1.956	0.066	0.000
2.000	-5.000	1.958	0.063	0.000
2.000	-5.000	1.958	0.063	0.000
2.000	-5.000	1.956	0.066	0.000
2.000	-5.000	1.961	0.059	0.000
2.000	-5.000	1.956	0.066	0.000
2.000	-5.000	1.956	0.066	0.000
2.000	-5.000	1.958	0.063	0.000
2.000	-5.000	1.958	0.063	0.000
2.000	-5.000	1.956	0.066	0.000
2.000	-5.000	1.958	0.063	0.000
2.000	-5.000	1.956	0.066	0.000
2.000	-5.000	1.956	0.066	0.000
2.000	-5.000	1.958	0.063	0.000
2.000	-5.000	1.956	0.066	0.000
2.000	-5.000	1.956	0.066	0.000
2.000	-5.000	1.958	0.063	0.000
2.000	-5.000	1.956	0.066	0.000
2.000	-5.000	1.958	0.063	0.000
2.000	-5.000	1.958	0.063	0.000
2.000	-5.000	1.956	0.066	0.000
2.000	-5.000	1.958	0.063	0.000
2.000	-5.000	1.958	0.063	0.000
2.000	-5.000	1.958	0.063	0.000
2.000	-5.000	1.958	0.063	0.000
2.000	-5.000	1.956	0.066	0.000
2.000	-5.000	1.958	0.063	0.000
2.000	-5.000	1.958	0.063	0.000
2.000	-5.000	1.956	0.066	0.000
2.000	-5.000	1.958	0.063	0.000
2.000	-5.000	1.958	0.063	0.000
2.000	-5.000	1.958	0.063	0.000
2.000	-5.000	1.958	0.063	0.000
2.000	-5.000	1.961	0.059	0.000
2.000	-5.000	1.961	0.059	0.000
2.000	-5.000	1.958	0.063	0.000
2.000	-5.000	1.958	0.063	0.000
2.000	-5.000	1.958	0.063	0.000
2.000	-5.000	1.958	0.063	0.000
2.000	-5.000	1.956	0.066	0.000
2.000	-5.000	1.958	0.063	0.000
2.000	-5.000	1.958	0.063	0.000
2.000	-5.000	1.958	0.063	0.000
2.000	-5.000	1.958	0.063	0.000
2.000	-5.000	1.958	0.063	0.000
2.000	-5.000	1.958	0.063	0.000
2.000	-5.000	1.956	0.066	0.000
2.000	-5.000	1.958	0.063	0.000
2.000	-5.000	1.961	0.059	0.000
2.000	-5.000	1.961	0.059	0.000
2.000	-5.000	1.958	0.063	0.000
2.000	-5.000	1.958	0.063	0.000
2.000	-5.000	1.958	0.063	0.000
2.000	-5.000	1.956	0.066	0.000
2.000	-5.000	1.961	0.059	0.000
2.000	-5.000	1.958	0.063	0.000
2.000	-5.000	1.961	0.059	0.000
2.000	-5.000	1.958	0.063	0.000
2.000	-5.000	1.958	0.063	0.000
2.000	-5.000	1.958	0.063	0.000
2.000	-5.000	1.958	0.063	0.000
2.000	-5.000	1.958	0.063	0.000
2.000	-5.000	1.958	0.063	0.000
2.000	-5.000	1.958	0.063	0.000
2.000	-5.000	1.958	0.063	0.000
2.000	-5.000	1.963	0.055	0.000
2.000	-5.000	1.958	0.063	0.000
2.000	-5.000	1.963	0.055	0.000
2.000	-5.000	1.958	0.063	0.000
2.000	-5.000	1.958	0.063	0.000
2.000	-5.000	1.958	0.063	0.000
2.000	-5.000	1.961	0.059	0.000
2.000	-5.000	1.963	0.055	0.000
2.000	-5.000	1.958	0.063	0.000
2.000	-5.000	1.958	0.063	0.000
2.000	-5.000	1.958	0.063	0.000
2.000	-5.000	1.961	0.059	0.000
2.000	-5.000	1.958	0.063	0.000
2.000	-5.000	1.958	0.063	0.000
2.000	-5.000	1.963	0.055	0.000
2.000	-5.000	1.958	0.063	0.000
2.000	-5.000	1.958	0.063	0.000
2.000	-5.000	1.961	0.059	0.000
2.000	-5.000	1.958	0.063	0.000
2.000	-5.000	1.961	0.059	0.000
2.000	-5.000	1.961	0.059	0.000
2.000	-5.000	1.958	0.063	0.000
2.000	-5.000	1.958	0.063	0.000
2.000	-5.000	1.958	0.063	0.000
2.000	-5.000	1.961	0.059	0.000
2.000	-5.000	1.961	0.059	0.000
2.000	-5.000	1.958	0.063	0.000
2.000	-5.000	1.958	0.063	0.000
2.000	-5.000	1.963	0.055	0.000
2.000	-5.000	1.963	0.055	0.000
2.000	-5.000	1.958	0.063	0.000
2.000	-5.000	1.961	0.059	0.000
2.000	-5.000	1.961	0.059	0.000
2.000	-5.000	1.961	0.059	0.000
2.000	-5.000	1.961	0.059	0.000
2.000	-5.000	1.961	0.059	0.000
2.000	-5.000	1.958	0.063	0.000
2.000	-5.000	1.961	0.059	0.000
2.000	-5.000	1.961	0.059	0.000
2.000	-5.000	1.961	0.059	0.000
2.000	-5.000	1.963	0.055	0.000
2.000	-5.000	1.963	0.055	0.000
2.000	-5.000	1.958	0.063	0.000
2.000	-5.000	1.961	0.059	0.000
2.000	-5.000	1.966	0.052	0.000
2.000	-5.000	1.958	0.063	0.000
2.000	-5.000	1.961	0.059	0.000
2.000	-5.000	1.958	0.063	0.000
2.000	-5.000	1.961	0.059	0.000
2.000	-5.000	1.961	0.059	0.000
2.000	-5.000	1.961	0.059	0.000
2.000	-5.000	1.963	0.055	0.000
2.000	-5.000	1.966	0.052	0.000
2.000	-5.000	1.963	0.055	0.000
2.000	-5.000	1.961	0.059	0.000
2.000	-5.000	1.961	0.059	0.000
2.000	-5.000	1.963	0.055	0.000
2.000	-5.000	1.963	0.055	0.000
2.000	-5.000	1.963	0.055	0.000
2.000	-5.000	1.966	0.052	0.000
2.000	-5.000	1.963	0.055	0.000
2.000	-5.000	1.963	0.055	0.000
2.000	-5.000	1.961	0.059	0.000
2.000	-5.000	1.961	0.059	0.000
2.000	-5.000	1.963	0.055	0.000
2.000	-5.000	1.963	0.055	0.000
2.000	-5.000	1.963	0.055	0.000
2.000	-5.000	1.963	0.055	0.000
2.000	-5.000	1.963	0.055	0.000
2.000	-5.000	1.963	0.055	0.000
2.000	-5.000	1.963	0.055	0.000
2.000	-5.000	1.961	0.059	0.000
2.000	-5.000	1.963	0.055	0.000
2.000	-5.000	1.966	0.052	0.000
2.000	-5.000	1.963	0.055	0.000
2.000	-5.000	1.961	0.059	0.000
2.000	-5.000	1.963	0.055	0.000
2.000	-5.000	1.961	0.059	0.000
2.000	-5.000	1.961	0.059	0.000
2.000	-5.000	1.963	0.055	0.000
2.000	-5.000	1.963	0.055	0.000
2.000	-5.000	1.963	0.055	0.000
2.000	-5.000	1.963	0.055	0.000
2.000	-5.000	1.961	0.059	0.000
2.000	-5.000	1.963	0.055	0.000
2.000	-5.000	1.963	0.055	0.000
2.000	-5.000	1.963	0.055	0.000
2.000	-5.000	1.963	0.055	0.000
2.000	-5.000	1.963	0.055	0.000
2.000	-5.000	1.963	0.055	0.000
2.000	-5.000	1.963	0.055	0.000
2.000	-5.000	1.961	0.059	0.000
2.000	-5.000	1.963	0.055	0.000
2.000	-5.000	1.966	0.052	0.000
2.000	-5.000	1.963	0.055	0.000
2.000	-5.000	1.963	0.055	0.000
2.000	-5.000	1.963	0.055	0.000
2.000	-5.000	1.963	0.055	0.000
2.000	-5.000	1.963	0.055	0.000
2.000	-5.000	1.963	0.055	0.000
2.000	-5.000	1.963	0.055	0.000
2.000	-5.000	1.963	0.055	0.000
2.000	-5.000	1.963	0.055	0.000
2.000	-5.000	1.963	0.055	0.000
2.000	-5.000	1.963	0.055	0.000
2.000	-5.000	1.963	0.055	0.000
2.000	-5.000	1.963	0.055	0.000
2.000	-5.000	1.963	0.055	0.000
2.000	-5.000	1.966	0.052	0.000
2.000	-5.000	1.963	0.055	0.000
2.000	-5.000	1.963	0.055	0.000
2.000	-5.000	1.963	0.055	0.000
2.000	-5.000	1.963	0.055	0.000
2.000	-5.000	1.963	0.055	0.000
2.000	-5.000	1.963	0.055	0.000
2.000	-5.000	1.963	0.055	0.000
2.000	-5.000	1.963	0.055	0.000
2.000	-5.000	1.963	0.055	0.000
2.000	-5.000	1.966	0.052	0.000
2.000	-5.000	1.963	0.055	0.000
2.000	-5.000	1.963	0.055	0.000
2.000	-5.000	1.966	0.052	0.000
2.000	-5.000	1.968	0.048	0.000
2.000	-5.000	1.963	0.055	0.000
2.000	-5.000	1.963	0.055	0.000
2.000	-5.000	1.968	0.048	0.000
2.000	-5.000	1.963	0.055	0.000
2.000	-5.000	1.963	0.055	0.000
2.000	-5.000	1.963	0.055	0.000
2.000	-5.000	1.963	0.055	0.000
2.000	-5.000	1.966	0.052	0.000
2.000	-5.000	1.963	0.055	0.000
2.000	-5.000	1.963	0.055	0.000
2.000	-5.000	1.963	0.055	0.000
2.000	-5.000	1.966	0.052	0.000
2.000	-5.000	1.963	0.055	0.000
2.000	-5.000	1.963	0.055	0.000
2.000	-5.000	1.966	0.052	0.000
2.000	-5.000	1.963	0.055	0.000
2.000	-5.000	1.963	0.055	0.000
2.000	-5.000	1.968	0.048	0.000
2.000	-5.000	1.963	0.055	0.000
2.000	-5.000	1.966	0.052	0.000
2.000	-5.000	1.968	0.048	0.000
2.000	-5.000	1.966	0.052	0.000
2.000	-5.000	1.963	0.055	0.000
2.000	-5.000	1.966	0.052	0.000
2.000	-5.000	1.963	0.055	0.000
2.000	-5.000	1.963	0.055	0.000
2.000	-5.000	1.968	0.048	0.000
2.000	-5.000	1.963	0.055	0.000
2.000	-5.000	1.963	0.055	0.000
2.000	-5.000	1.966	0.052	0.000
2.000	-5.000	1.963	0.055	0.000
2.000	-5.000	1.963	0.055	0.000
2.000	-5.000	1.963	0.055	0.000
2.000	-5.000	1.963	0.055	0.000
2.000	-5.000	1.963	0.055	0.000
2.000	-5.000	1.963	0.055	0.000
2.000	-5.000	1.963	0.055	0.000
2.000	-5.000	1.961	0.059	0.000
2.000	-5.000	1.963	0.055	0.000
2.000	-5.000	1.963	0.055	0.000
2.000	-5.000	1.966	0.052	0.000
2.000	-5.000	1.970	0.044	0.000
2.000	-5.000	1.966	0.052	0.000
2.000	-5.000	1.963	0.055	0.000
2.000	-5.000	1.963	0.055	0.000
2.000	-5.000	1.963	0.055	0.000
2.000	-5.000	1.966	0.052	0.000
2.000	-5.000	1.963	0.055	0.000
2.000	-5.000	1.963	0.055	0.000
2.000	-5.000	1.966	0.052	0.000
2.000	-5.000	1.963	0.055	0.000
2.000	-5.000	1.963	0.055	0.000
2.000	-5.000	1.966	0.052	0.000
2.000	-5.000	1.963	0.055	0.000
2.000	-5.000	1.963	0.055	0.000
2.000	-5.000	1.963	0.055	0.000
2.000	-5.000	1.963	0.055	0.000
2.000	-5.000	1.968	0.048	0.000
2.000	-5.000	1.966	0.052	0.000
2.000	-5.000	1.966	0.052	0.000
2.000	-5.000	1.963	0.055	0.000
2.000	-5.000	1.963	0.055	0.000
2.000	-5.000	1.963	0.055	0.000
2.000	-5.000	1.966	0.052	0.000
2.000	-5.000	1.970	0.044	0.000
2.000	-5.000	1.963	0.055	0.000
2.000	-5.000	1.966	0.052	0.000
2.000	-5.000	1.966	0.052	0.000
2.000	-5.000	1.963	0.055	0.000
2.000	-5.000	1.963	0.055	0.000
2.000	-5.000	1.963	0.055	0.000
2.000	-5.000	1.963	0.055	0.000
2.000	-5.000	1.966	0.052	0.000
2.000	-5.000	1.963	0.055	0.000
2.000	-5.000	1.966	0.052	0.000
2.000	-5.000	1.970	0.044	0.000
2.000	-5.000	1.963	0.055	0.000
2.000	-5.000	1.968	0.048	0.000
2.000	-5.000	1.963	0.055	0.000
2.000	-5.000	1.963	0.055	0.000
2.000	-5.000	1.970	0.044	0.000
2.000	-5.000	1.963	0.055	0.000
2.000	-5.000	1.961	0.059	0.000
2.000	-5.000	1.963	0.055	0.000
2.000	-5.000	1.963	0.055	0.000
2.000	-5.000	1.966	0.052	0.000
2.000	-5.000	1.963	0.055	0.000
2.000	-5.000	1.966	0.052	0.000
2.000	-5.000	1.966	0.052	0.000
2.000	-5.000	1.963	0.055	0.000
2.000	-5.000	1.963	0.055	0.000
2.000	-5.000	1.963	0.055	0.000
2.000	-5.000	1.963	0.055	0.000
2.000	-5.000	1.963	0.055	0.000
2.000	-5.000	1.963	0.055	0.000
2.000	-5.000	1.963	0.055	0.000
2.000	-5.000	1.963	0.055	0.000
2.000	-5.000	1.963	0.055	0.000
2.000	-5.000	1.963	0.055	0.000
2.000	-5.000	1.966	0.052	0.000
2.000	-5.000	1.963	0.055	0.000
2.000	-5.000	1.963	0.055	0.000
2.000	-5.000	1.963	0.055	0.000
2.000	-5.000	1.963	0.055	0.000
2.000	-5.000	1.963	0.055	0.000
2.000	-5.000	1.963	0.055	0.000
2.000	-5.000	1.963	0.055	0.000
2.000	-5.000	1.963	0.055	0.000
2.000	-5.000	1.963	0.055	0.000
2.000	-5.000	1.963	0.055	0.000
2.000	-5.000	1.963	0.055	0.000
2.000	-5.000	1.963	0.055	0.000
2.000	-5.000	1.963	0.055	0.000
2.000	-5.000	1.966	0.052	0.000
2.000	-5.000	1.963	0.055	0.000
2.000	-5.000	1.963	0.055	0.000
2.000	-5.000	1.963	0.055	0.000
2.000	-5.000	1.963	0.055	0.000
2.000	-5.000	1.963	0.055	0.000
2.000	-5.000	1.963	0.055	0.000
2.000	-5.000	1.963	0.055	0.000
2.000	-5.000	1.966	0.052	0.000
2.000	-5.000	1.963	0.055	0.000
2.000	-5.000	1.968	0.048	0.000
2.000	-5.000	1.963	0.055	0.000
2.000	-5.000	1.963	0.055	0.000
2.000	-5.000	1.963	0.055	0.000
2.000	-5.000	1.963	0.055	0.000
2.000	-5.000	1.968	0.048	0.000
2.000	-5.000	1.963	0.055	0.000
2.000	-5.000	1.966	0.052	0.000
2.000	-5.000	1.963	0.055	0.000
2.000	-5.000	1.968	0.048	0.000
2.000	-5.000	1.963	0.055	0.000
2.000	-5.000	1.968	0.048	0.000
2.000	-5.000	1.970	0.044	0.000
2.000	-5.000	1.963	0.055	0.000
2.000	-5.000	1.968	0.048	0.000
2.000	-5.000	1.966	0.052	0.000
2.000	-5.000	1.963	0.055	0.000
2.000	-5.000	1.963	0.055	0.000
2.000	-5.000	1.963	0.055	0.000
2.000	-5.000	1.963	0.055	0.000
2.000	-5.000	1.966	0.052	0.000
2.000	-5.000	1.963	0.055	0.000
2.000	-5.000	1.963	0.055	0.000
2.000	-5.000	1.963	0.055	0.000
2.000	-5.000	1.963	0.055	0.000
2.000	-5.000	1.966	0.052	0.000
2.000	-5.000	1.963	0.055	0.000
2.000	-5.000	1.963	0.055	0.000
2.000	-5.000	1.963	0.055	0.000
2.000	-5.000	1.966	0.052	0.000
2.000	-5.000	1.963	0.055	0.000
2.000	-5.000	1.966	0.052	0.000
2.000	-5.000	1.966	0.052	0.000
2.000	-5.000	1.963	0.055	0.000
2.000	-5.000	1.966	0.052	0.000
2.000	-5.000	1.966	0.052	0.000
2.000	-5.000	1.963	0.055	0.000
2.000	-5.000	1.968	0.048	0.000
2.000	-5.000	1.963	0.055	0.000
2.000	-5.000	1.963	0.055	0.000
2.000	-5.000	1.963	0.055	0.000
2.000	-5.000	1.968	0.048	0.000
2.000	-5.000	1.963	0.055	0.000
2.000	-5.000	1.963	0.055	0.000
2.000	-5.000	1.968	0.048	0.000
2.000	-5.000	1.963	0.055	0.000
2.000	-5.000	1.963	0.055	0.000
2.000	-5.000	1.966	0.052	0.000
2.000	-5.000	1.963	0.055	0.000
2.000	-5.000	1.963	0.055	0.000
2.000	-5.000	1.963	0.055	0.000
2.000	-5.000	1.966	0.052	0.000
2.000	-5.000	1.966	0.052	0.000
2.000	-5.000	1.966	0.052	0.000
2.000	-5.000	1.963	0.055	0.000
2.000	-5.000	1.963	0.055	0.000
2.000	-5.000	1.966	0.052	0.000
2.000	-5.000	1.963	0.055	0.000
2.000	-5.000	1.966	0.052	0.000
2.000	-5.000	1.963	0.055	0.000
2.000	-5.000	1.966	0.052	0.000
2.000	-5.000	1.963	0.055	0.000
2.000	-5.000	1.963	0.055	0.000
2.000	-5.000	1.963	0.055	0.000
2.000	-5.000	1.968	0.048	0.000
2.000	-5.000	1.963	0.055	0.000
2.000	-5.000	1.966	0.052	0.000
2.000	-5.000	1.963	0.055	0.000
2.000	-5.000	1.963	0.055	0.000
2.000	-5.000	1.966	0.052	0.000
2.000	-5.000	1.963	0.055	0.000
2.000	-5.000	1.966	0.052	0.000
2.000	-5.000	1.963	0.055	0.000
2.000	-5.000	1.968	0.048	0.000
2.000	-5.000	1.963	0.055	0.000
2.000	-5.000	1.963	0.055	0.000
2.000	-5.000	1.963	0.055	0.000
2.000	-5.000	1.968	0.048	0.000
2.000	-5.000	1.963	0.055	0.000
2.000	-5.000	1.963	0.055	0.000
2.000	-5.000	1.963	0.055	0.000
2.000	-5.000	1.966	0.052	0.000
2.000	-5.000	1.963	0.055	0.000
2.000	-5.000	1.966	0.052	0.000
2.000	-5.000	1.963	0.055	0.000
2.000	-5.000	1.966	0.052	0.000
2.000	-5.000	1.963	0.055	0.000
2.000	-5.000	1.968	0.048	0.000
2.000	-5.000	1.968	0.048	0.000
2.000	-5.000	1.963	0.055	0.000
2.000	-5.000	1.963	0.055	0.000
2.000	-5.000	1.968	0.048	0.000
2.000	-5.000	1.968	0.048	0.000
2.000	-5.000	1.966	0.052	0.000
2.000	-5.000	1.966	0.052	0.000
2.000	-5.000	1.963	0.055	0.000
2.000	-5.000	1.963	0.055	0.000
2.000	-5.000	1.963	0.055	0.000
2.000	-5.000	1.963	0.055	0.000
2.000	-5.000	1.963	0.055	0.000
2.000	-5.000	1.963	0.055	0.000
2.000	-5.000	1.963	0.055	0.000
2.000	-5.000	1.963	0.055	0.000
2.000	-5.000	1.966	0.052	0.000
2.000	-5.000	1.966	0.052	0.000
2.000	-5.000	1.963	0.055	0.000
2.000	-5.000	1.966	0.052	0.000
2.000	-5.000	1.968	0.048	0.000
2.000	-5.000	1.968	0.048	0.000
2.000	-5.000	1.963	0.055	0.000
2.000	-5.000	1.966	0.052	0.000
2.000	-5.000	1.963	0.055	0.000
2.000	-5.000	1.963	0.055	0.000
2.000	-5.000	1.963	0.055	0.000
2.000	-5.000	1.963	0.055	0.000
2.000	-5.000	1.963	0.055	0.000
2.000	-5.000	1.963	0.055	0.000
2.000	-5.000	1.963	0.055	0.000
2.000	-5.000	1.963	0.055	0.000
2.000	-5.000	1.968	0.048	0.000
2.000	-5.000	1.966	0.052	0.000
2.000	-5.000	1.963	0.055	0.000
2.000	-5.000	1.963	0.055	0.000
2.000	-5.000	1.966	0.052	0.000
2.000	-5.000	1.963	0.055	0.000
2.000	-5.000	1.966	0.052	0.000
2.000	-5.000	1.966	0.052	0.000
2.000	-5.000	1.968	0.048	0.000
2.000	-5.000	1.966	0.052	0.000
2.000	-5.000	1.963	0.055	0.000
2.000	-5.000	1.966	0.052	0.000
2.000	-5.000	1.963	0.055	0.000
2.000	-5.000	1.963	0.055	0.000
2.000	-5.000	1.968	0.048	0.000
2.000	-5.000	1.968	0.048	0.000
2.000	-5.000	1.963	0.055	0.000
2.000	-5.000	1.970	0.044	0.000
2.000	-5.000	1.968	0.048	0.000
2.000	-5.000	1.963	0.055	0.000
2.000	-5.000	1.963	0.055	0.000
2.000	-5.000	1.968	0.048	0.000
2.000	-5.000	1.963	0.055	0.000
2.000	-5.000	1.963	0.055	0.000
2.000	-5.000	1.963	0.055	0.000
2.000	-5.000	1.970	0.044	0.000
2.000	-5.000	1.963	0.055	0.000
2.000	-5.000	1.963	0.055	0.000
2.000	-5.000	1.963	0.055	0.000
2.000	-5.000	1.968	0.048	0.000
2.000	-5.000	1.963	0.055	0.000
2.000	-5.000	1.963	0.055	0.000
2.000	-5.000	1.963	0.055	0.000
2.000	-5.000	1.970	0.044	0.000
2.000	-5.000	1.968	0.048	0.000
2.000	-5.000	1.963	0.055	0.000
2.000	-5.000	1.968	0.048	0.000
2.000	-5.000	1.968	0.048	0.000
2.000	-5.000	1.963	0.055	0.000
2.000	-5.000	1.966	0.052	0.000
2.000	-5.000	1.968	0.048	0.000
2.000	-5.000	1.968	0.048	0.000
2.000	-5.000	1.963	0.055	0.000
2.000	-5.000	1.963	0.055	0.000
2.000	-5.000	1.968	0.048	0.000
2.000	-5.000	1.970	0.044	0.000
2.000	-5.000	1.963	0.055	0.000
2.000	-5.000	1.963	0.055	0.000
2.000	-5.000	1.963	0.055	0.000
2.000	-5.000	1.963	0.055	0.000
2.000	-5.000	1.963	0.055	0.000
2.000	-5.000	1.966	0.052	0.000
2.000	-5.000	1.963	0.055	0.000
2.000	-5.000	1.963	0.055	0.000
2.000	-5.000	1.963	0.055	0.000
2.000	-5.000	1.968	0.048	0.000
2.000	-5.000	1.966	0.052	0.000
2.000	-5.000	1.963	0.055	0.000
2.000	-5.000	1.966	0.052	0.000
2.000	-5.000	1.963	0.055	0.000
2.000	-5.000	1.970	0.044	0.000
2.000	-5.000	1.963	0.055	0.000
2.000	-5.000	1.966	0.052	0.000
2.000	-5.000	1.963	0.055	0.000
2.000	-5.000	1.968	0.048	0.000
2.000	-5.000	1.963	0.055	0.000
2.000	-5.000	1.963	0.055	0.000
2.000	-5.000	1.966	0.052	0.000
2.000	-5.000	1.963	0.055	0.000
2.000	-5.000	1.963	0.055	0.000
2.000	-5.000	1.963	0.055	0.000
2.000	-5.000	1.963	0.055	0.000
2.000	-5.000	1.968	0.048	0.000
2.000	-5.000	1.966	0.052	0.000
2.000	-5.000	1.966	0.052	0.000
2.000	-5.000	1.963	0.055	0.000
2.000	-5.000	1.966	0.052	0.000
2.000	-5.000	1.963	0.055	0.000
2.000	-5.000	1.963	0.055	0.000
2.000	-5.000	1.963	0.055	0.000
2.000	-5.000	1.963	0.055	0.000
2.000	-5.000	1.968	0.048	0.000
2.000	-5.000	1.966	0.052	0.000
2.000	-5.000	1.963	0.055	0.000
2.000	-5.000	1.963	0.055	0.000
2.000	-5.000	1.963	0.055	0.000
2.000	-5.000	1.966	0.052	0.000
2.000	-5.000	1.963	0.055	0.000
2.000	-5.000	1.963	0.055	0.000
2.000	-5.000	1.963	0.055	0.000
2.000	-5.000	1.963	0.055	0.000
2.000	-5.000	1.966	0.052	0.000
2.000	-5.000	1.966	0.052	0.000
2.000	-5.000	1.963	0.055	0.000
2.000	-5.000	1.963	0.055	0.000
2.000	-5.000	1.963	0.055	0.000
2.000	-5.000	1.963	0.055	0.000
2.000	-5.000	1.963	0.055	0.000
2.000	-5.000	1.963	0.055	0.000
2.000	-5.000	1.963	0.055	0.000
2.000	-5.000	1.963	0.055	0.000
2.000	-5.000	1.966	0.052	0.000
2.000	-5.000	1.966	0.052	0.000
2.000	-5.000	1.966	0.052	0.000
2.000	-5.000	1.963	0.055	0.000
2.000	-5.000	1.963	0.055	0.000
2.000	-5.000	1.963	0.055	0.000
2.000	-5.000	1.963	0.055	0.000
2.000	-5.000	1.963	0.055	0.000
2.000	-5.000	1.963	0.055	0.000
2.000	-5.000	1.966	0.052	0.000
2.000	-5.000	1.963	0.055	0.000
2.000	-5.000	1.968	0.048	0.000
2.000	-5.000	1.963	0.055	0.000
2.000	-5.000	1.963	0.055	0.000
2.000	-5.000	1.968	0.048	0.000
2.000	-5.000	1.966	0.052	0.000
2.000	-5.000	1.963	0.055	0.000
2.000	-5.000	1.966	0.052	0.000
2.000	-5.000	1.968	0.048	0.000
2.000	-5.000	1.963	0.055	0.000
2.000	-5.000	1.966	0.052	0.000
2.000	-5.000	1.963	0.055	0.000
2.000	-5.000	1.963	0.055	0.000
2.000	-5.000	1.963	0.055	0.000
2.000	-5.000	1.968	0.048	0.000
2.000	-5.000	1.963	0.055	0.000
2.000	-5.000	1.963	0.055	0.000
2.000	-5.000	1.966	0.052	0.000
2.000	-5.000	1.963	0.055	0.000
2.000	-5.000	1.966	0.052	0.000
2.000	-5.000	1.963	0.055	0.000
2.000	-5.000	1.966	0.052	0.000
2.000	-5.000	1.970	0.044	0.000
2.000	-5.000	1.968	0.048	0.000
2.000	-5.000	1.963	0.055	0.000
2.000	-5.000	1.963	0.055	0.000
2.000	-5.000	1.963	0.055	0.000
2.000	-5.000	1.963	0.055	0.000
2.000	-5.000	1.963	0.055	0.000
2.000	-5.000	1.966	0.052	0.000
2.000	-5.000	1.963	0.055	0.000
2.000	-5.000	1.963	0.055	0.000
2.000	-5.000	1.963	0.055	0.000
2.000	-5.000	1.966	0.052	0.000
2.000	-5.000	1.963	0.055	0.000
2.000	-5.000	1.963	0.055	0.000
2.000	-5.000	1.963	0.055	0.000
2.000	-5.000	1.963	0.055	0.000
2.000	-5.000	1.968	0.048	0.000
2.000	-5.000	1.968	0.048	0.000
2.000	-5.000	1.963	0.055	0.000
2.000	-5.000	1.963	0.055	0.000
2.000	-5.000	1.966	0.052	0.000
2.000	-5.000	1.970	0.044	0.000
2.000	-5.000	1.963	0.055	0.000
2.000	-5.000	1.963	0.055	0.000
2.000	-5.000	1.963	0.055	0.000
2.000	-5.000	1.963	0.055	0.000
2.000	-5.000	1.966	0.052	0.000
2.000	-5.000	1.963	0.055	0.000
2.000	-5.000	1.963	0.055	0.000
2.000	-5.000	1.963	0.055	0.000
2.000	-5.000	1.963	0.055	0.000
2.000	-5.000	1.963	0.055	0.000
2.000	-5.000	1.963	0.055	0.000
2.000	-5.000	1.963	0.055	0.000
2.000	-5.000	1.963	0.055	0.000
2.000	-5.000	1.966	0.052	0.000
2.000	-5.000	1.963	0.055	0.000
2.000	-5.000	1.963	0.055	0.000
2.000	-5.000	1.963	0.055	0.000
2.000	-5.000	1.966	0.052	0.000
2.000	-5.000	1.968	0.048	0.000
2.000	-5.000	1.963	0.055	0.000
2.000	-5.000	1.963	0.055	0.000
2.000	-5.000	1.963	0.055	0.000
2.000	-5.000	1.963	0.055	0.000
2.000	-5.000	1.966	0.052	0.000
2.000	-5.000	1.968	0.048	0.000
2.000	-5.000	1.966	0.052	0.000
2.000	-5.000	1.968	0.048	0.000
2.000	-5.000	1.963	0.055	0.000
2.000	-5.000	1.963	0.055	0.000
2.000	-5.000	1.968	0.048	0.000
2.000	-5.000	1.963	0.055	0.000
2.000	-5.000	1.963	0.055	0.000
2.000	-5.000	1.966	0.052	0.000
2.000	-5.000	1.963	0.055	0.000
2.000	-5.000	1.963	0.055	0.000
2.000	-5.000	1.963	0.055	0.000
2.000	-5.000	1.968	0.048	0.000
2.000	-5.000	1.966	0.052	0.000
2.000	-5.000	1.968	0.048	0.000
2.000	-5.000	1.963	0.055	0.000
2.000	-5.000	1.970	0.044	0.000
2.000	-5.000	1.968	0.048	0.000
2.000	-5.000	1.963	0.055	0.000
2.000	-5.000	1.963	0.055	0.000
2.000	-5.000	1.963	0.055	0.000
2.000	-5.000	1.963	0.055	0.000
2.000	-5.000	1.963	0.055	0.000
2.000	-5.000	1.963	0.055	0.000
2.000	-5.000	1.963	0.055	0.000
2.000	-5.000	1.966	0.052	0.000
2.000	-5.000	1.963	0.055	0.000
2.000	-5.000	1.966	0.052	0.000
2.000	-5.000	1.963	0.055	0.000
2.000	-5.000	1.968	0.048	0.000
2.000	-5.000	1.968	0.048	0.000
2.000	-5.000	1.963	0.055	0.000
2.000	-5.000	1.968	0.048	0.000
2.000	-5.000	1.966	0.052	0.000
2.000	-5.000	1.963	0.055	0.000
2.000	-5.000	1.963	0.055	0.000
2.000	-5.000	1.968	0.048	0.000
