ref	v	theta	v	ball
0.000	-5.000	0.022	0.000	0.000
0.000	-5.000	0.022	0.000	0.000
0.000	-5.000	0.021	0.000	0.000
0.200	-5.000	0.022	-3.915	0.000
0.200	-5.000	0.016	-4.045	0.000
0.200	-5.000	0.018	-4.012	0.000
0.200	-5.000	0.019	-3.980	0.000
0.200	-5.000	0.016	-4.045	0.000
0.200	-5.000	0.019	-3.980	0.000
0.200	-5.000	0.022	-3.915	0.000
0.200	-5.000	0.022	-3.915	0.000
0.200	-5.000	0.025	-3.850	0.000
0.200	-5.000	0.028	-3.784	0.000
0.200	-5.000	0.028	-3.784	0.000
0.200	-5.000	0.032	-3.687	0.000
0.200	-5.000	0.034	-3.654	0.000
0.200	-5.000	0.035	-3.622	0.000
0.200	-5.000	0.040	-3.524	0.000
0.200	-5.000	0.043	-3.459	0.000
0.200	-5.000	0.047	-3.362	0.000
0.200	-5.000	0.052	-3.264	0.000
0.200	-5.000	0.055	-3.199	0.000
0.200	-5.000	0.056	-3.167	0.000
0.200	-5.000	0.061	-3.069	0.000
0.200	-5.000	0.063	-3.004	0.000
0.200	-5.000	0.068	-2.906	0.000
0.200	-5.000	0.072	-2.809	0.000
0.200	-5.000	0.075	-2.744	0.000
0.200	-5.000	0.078	-2.679	0.000
0.200	-5.000	0.083	-2.581	0.000
0.200	-5.000	0.087	-2.483	0.000
0.200	-5.000	0.092	-2.386	0.000
0.200	-5.000	0.093	-2.353	0.000
0.200	-5.000	0.100	-2.191	0.000
0.200	-5.000	0.103	-2.126	0.000
0.200	-5.000	0.108	-2.028	0.000
0.200	-5.000	0.112	-1.931	0.000
0.200	-5.000	0.117	-1.833	0.000
0.200	-5.000	0.118	-1.800	0.000
0.200	-5.000	0.123	-1.703	0.000
0.200	-5.000	0.127	-1.605	0.000
0.200	-5.000	0.130	-1.540	0.000
0.200	-5.000	0.134	-1.443	0.000
0.200	-5.000	0.139	-1.345	0.000
0.200	-5.000	0.142	-1.280	0.000
0.200	-5.000	0.145	-1.215	0.000
0.200	-5.000	0.146	-1.183	0.000
0.200	-5.000	0.151	-1.085	0.000
0.200	-5.000	0.157	-0.955	0.000
0.200	-5.000	0.158	-0.922	0.000
0.200	-5.000	0.163	-0.825	0.000
0.200	-5.000	0.165	-0.760	0.000
0.200	-5.000	0.168	-0.695	0.000
0.200	-5.000	0.174	-0.565	0.000
0.200	-5.000	0.173	-0.597	0.000
0.200	-5.000	0.179	-0.467	0.000
0.200	-5.000	0.180	-0.434	0.000
0.200	-5.000	0.185	-0.337	0.000
0.200	-5.000	0.186	-0.304	0.000
0.200	-5.000	0.189	-0.239	0.000
0.200	-5.000	0.192	-0.174	0.000
0.200	-5.000	0.195	-0.109	0.000
0.200	-5.000	0.197	-0.077	0.000
0.200	-5.000	0.199	-0.012	0.000
0.200	-5.000	0.205	0.118	0.000
0.200	-5.000	0.205	0.118	0.000
0.200	-5.000	0.208	0.184	0.000
0.200	-5.000	0.208	0.184	0.000
0.200	-5.000	0.208	0.184	0.000
0.200	-5.000	0.213	0.281	0.000
0.200	-5.000	0.213	0.281	0.000
0.200	-5.000	0.216	0.346	0.000
0.200	-5.000	0.213	0.281	0.000
0.200	-5.000	0.214	0.314	0.000
0.200	-5.000	0.216	0.346	0.000
0.200	-5.000	0.217	0.379	0.000
0.200	-5.000	0.217	0.379	0.000
0.200	-5.000	0.217	0.379	0.000
0.200	-5.000	0.219	0.411	0.000
0.200	-5.000	0.217	0.379	0.000
0.200	-5.000	0.219	0.411	0.000
0.200	-5.000	0.219	0.411	0.000
0.200	-5.000	0.217	0.379	0.000
0.200	-5.000	0.216	0.346	0.000
0.200	-5.000	0.217	0.379	0.000
0.200	-5.000	0.216	0.346	0.000
0.200	-5.000	0.217	0.379	0.000
0.200	-5.000	0.217	0.379	0.000
0.200	-5.000	0.219	0.411	0.000
0.200	-5.000	0.217	0.379	0.000
0.200	-5.000	0.217	0.379	0.000
0.200	-5.000	0.216	0.346	0.000
0.200	-5.000	0.219	0.411	0.000
0.200	-5.000	0.217	0.379	0.000
0.200	-5.000	0.219	0.411	0.000
0.200	-5.000	0.219	0.411	0.000
0.200	-5.000	0.217	0.379	0.000
0.200	-5.000	0.219	0.411	0.000
0.200	-5.000	0.217	0.379	0.000
0.200	-5.000	0.217	0.379	0.000
0.200	-5.000	0.214	0.314	0.000
0.200	-5.000	0.217	0.379	0.000
0.200	-5.000	0.219	0.411	0.000
0.200	-5.000	0.217	0.379	0.000
0.200	-5.000	0.217	0.379	0.000
0.200	-5.000	0.217	0.379	0.000
0.200	-5.000	0.219	0.411	0.000
0.200	-5.000	0.219	0.411	0.000
0.200	-5.000	0.219	0.411	0.000
0.200	-5.000	0.219	0.411	0.000
0.200	-5.000	0.217	0.379	0.000
0.200	-5.000	0.219	0.411	0.000
0.200	-5.000	0.219	0.411	0.000
0.200	-5.000	0.219	0.411	0.000
0.200	-5.000	0.217	0.379	0.000
0.200	-5.000	0.217	0.379	0.000
0.200	-5.000	0.216	0.346	0.000
0.200	-5.000	0.216	0.346	0.000
0.200	-5.000	0.216	0.346	0.000
0.200	-5.000	0.213	0.281	0.000
0.200	-5.000	0.214	0.314	0.000
0.200	-5.000	0.213	0.281	0.000
0.200	-5.000	0.213	0.281	0.000
0.200	-5.000	0.213	0.281	0.000
0.200	-5.000	0.213	0.281	0.000
0.200	-5.000	0.213	0.281	0.000
0.200	-5.000	0.211	0.249	0.000
0.200	-5.000	0.211	0.249	0.000
0.200	-5.000	0.211	0.249	0.000
0.200	-5.000	0.210	0.216	0.000
0.200	-5.000	0.208	0.184	0.000
0.200	-5.000	0.210	0.216	0.000
0.200	-5.000	0.208	0.184	0.000
0.200	-5.000	0.208	0.184	0.000
0.200	-5.000	0.210	0.216	0.000
0.200	-5.000	0.208	0.184	0.000
0.200	-5.000	0.207	0.151	0.000
0.200	-5.000	0.208	0.184	0.000
0.200	-5.000	0.207	0.151	0.000
0.200	-5.000	0.207	0.151	0.000
0.200	-5.000	0.205	0.118	0.000
0.200	-5.000	0.207	0.151	0.000
0.200	-5.000	0.205	0.118	0.000
0.200	-5.000	0.205	0.118	0.000
0.200	-5.000	0.207	0.151	0.000
0.200	-5.000	0.204	0.086	0.000
0.200	-5.000	0.205	0.118	0.000
0.200	-5.000	0.204	0.086	0.000
0.200	-5.000	0.204	0.086	0.000
0.200	-5.000	0.204	0.086	0.000
0.200	-5.000	0.202	0.053	0.000
0.200	-5.000	0.202	0.053	0.000
0.200	-5.000	0.202	0.053	0.000
0.200	-5.000	0.202	0.053	0.000
0.200	-5.000	0.201	0.021	0.000
0.200	-5.000	0.202	0.053	0.000
0.200	-5.000	0.201	0.021	0.000
0.200	-5.000	0.202	0.053	0.000
0.200	-5.000	0.201	0.021	0.000
0.200	-5.000	0.201	0.021	0.000
0.200	-5.000	0.201	0.021	0.000
0.200	-5.000	0.199	-0.012	0.000
0.200	-5.000	0.198	-0.044	0.000
0.200	-5.000	0.202	0.053	0.000
0.200	-5.000	0.199	-0.012	0.000
0.200	-5.000	0.199	-0.012	0.000
0.200	-5.000	0.199	-0.012	0.000
0.200	-5.000	0.201	0.021	0.000
0.200	-5.000	0.201	0.021	0.000
0.200	-5.000	0.202	0.053	0.000
0.200	-5.000	0.201	0.021	0.000
0.200	-5.000	0.201	0.021	0.000
0.200	-5.000	0.199	-0.012	0.000
0.200	-5.000	0.201	0.021	0.000
0.200	-5.000	0.201	0.021	0.000
0.200	-5.000	0.201	0.021	0.000
0.200	-5.000	0.199	-0.012	0.000
0.200	-5.000	0.199	-0.012	0.000
0.200	-5.000	0.199	-0.012	0.000
0.200	-5.000	0.199	-0.012	0.000
0.200	-5.000	0.201	0.021	0.000
0.200	-5.000	0.202	0.053	0.000
0.200	-5.000	0.197	-0.077	0.000
0.200	-5.000	0.199	-0.012	0.000
0.200	-5.000	0.199	-0.012	0.000
0.200	-5.000	0.201	0.021	0.000
0.200	-5.000	0.199	-0.012	0.000
0.200	-5.000	0.201	0.021	0.000
0.200	-5.000	0.199	-0.012	0.000
0.200	-5.000	0.201	0.021	0.000
0.200	-5.000	0.201	0.021	0.000
0.200	-5.000	0.199	-0.012	0.000
0.200	-5.000	0.199	-0.012	0.000
0.200	-5.000	0.199	-0.012	0.000
0.200	-5.000	0.199	-0.012	0.000
0.200	-5.000	0.199	-0.012	0.000
0.200	-5.000	0.199	-0.012	0.000
0.200	-5.000	0.201	0.021	0.000
0.200	-5.000	0.199	-0.012	0.000
0.200	-5.000	0.199	-0.012	0.000
0.200	-5.000	0.201	0.021	0.000
0.200	-5.000	0.199	-0.012	0.000
0.200	-5.000	0.199	-0.012	0.000
0.200	-5.000	0.199	-0.012	0.000
0.200	-5.000	0.201	0.021	0.000
0.200	-5.000	0.201	0.021	0.000
0.200	-5.000	0.198	-0.044	0.000
0.200	-5.000	0.201	0.021	0.000
0.200	-5.000	0.201	0.021	0.000
0.200	-5.000	0.199	-0.012	0.000
0.200	-5.000	0.201	0.021	0.000
0.200	-5.000	0.201	0.021	0.000
0.200	-5.000	0.201	0.021	0.000
0.200	-5.000	0.201	0.021	0.000
0.200	-5.000	0.199	-0.012	0.000
0.200	-5.000	0.201	0.021	0.000
0.200	-5.000	0.201	0.021	0.000
0.200	-5.000	0.201	0.021	0.000
0.200	-5.000	0.199	-0.012	0.000
0.200	-5.000	0.199	-0.012	0.000
0.200	-5.000	0.201	0.021	0.000
0.200	-5.000	0.198	-0.044	0.000
0.200	-5.000	0.202	0.053	0.000
0.200	-5.000	0.201	0.021	0.000
0.200	-5.000	0.201	0.021	0.000
0.200	-5.000	0.199	-0.012	0.000
0.200	-5.000	0.201	0.021	0.000
0.200	-5.000	0.201	0.021	0.000
0.200	-5.000	0.201	0.021	0.000
0.200	-5.000	0.199	-0.012	0.000
0.200	-5.000	0.201	0.021	0.000
0.200	-5.000	0.201	0.021	0.000
0.200	-5.000	0.201	0.021	0.000
0.200	-5.000	0.199	-0.012	0.000
0.200	-5.000	0.199	-0.012	0.000
0.200	-5.000	0.199	-0.012	0.000
0.200	-5.000	0.199	-0.012	0.000
0.200	-5.000	0.199	-0.012	0.000
0.200	-5.000	0.199	-0.012	0.000
0.200	-5.000	0.201	0.021	0.000
0.200	-5.000	0.201	0.021	0.000
0.200	-5.000	0.201	0.021	0.000
0.200	-5.000	0.201	0.021	0.000
0.200	-5.000	0.201	0.021	0.000
0.200	-5.000	0.201	0.021	0.000
0.200	-5.000	0.199	-0.012	0.000
0.200	-5.000	0.199	-0.012	0.000
0.200	-5.000	0.199	-0.012	0.000
0.200	-5.000	0.199	-0.012	0.000
0.200	-5.000	0.199	-0.012	0.000
0.200	-5.000	0.202	0.053	0.000
0.200	-5.000	0.201	0.021	0.000
0.200	-5.000	0.201	0.021	0.000
0.200	-5.000	0.199	-0.012	0.000
0.200	-5.000	0.201	0.021	0.000
0.200	-5.000	0.199	-0.012	0.000
0.200	-5.000	0.199	-0.012	0.000
0.200	-5.000	0.201	0.021	0.000
0.200	-5.000	0.201	0.021	0.000
0.200	-5.000	0.201	0.021	0.000
0.200	-5.000	0.198	-0.044	0.000
0.200	-5.000	0.201	0.021	0.000
0.200	-5.000	0.201	0.021	0.000
0.200	-5.000	0.201	0.021	0.000
0.200	-5.000	0.198	-0.044	0.000
0.200	-5.000	0.201	0.021	0.000
0.200	-5.000	0.199	-0.012	0.000
0.200	-5.000	0.201	0.021	0.000
0.200	-5.000	0.199	-0.012	0.000
0.200	-5.000	0.201	0.021	0.000
0.200	-5.000	0.199	-0.012	0.000
0.200	-5.000	0.199	-0.012	0.000
0.200	-5.000	0.199	-0.012	0.000
0.200	-5.000	0.199	-0.012	0.000
0.200	-5.000	0.199	-0.012	0.000
0.200	-5.000	0.199	-0.012	0.000
0.200	-5.000	0.201	0.021	0.000
0.200	-5.000	0.202	0.053	0.000
0.200	-5.000	0.199	-0.012	0.000
0.200	-5.000	0.199	-0.012	0.000
0.200	-5.000	0.199	-0.012	0.000
0.200	-5.000	0.202	0.053	0.000
0.200	-5.000	0.199	-0.012	0.000
0.200	-5.000	0.201	0.021	0.000
0.200	-5.000	0.199	-0.012	0.000
0.200	-5.000	0.199	-0.012	0.000
0.200	-5.000	0.198	-0.044	0.000
0.200	-5.000	0.201	0.021	0.000
0.200	-5.000	0.199	-0.012	0.000
0.200	-5.000	0.199	-0.012	0.000
0.200	-5.000	0.202	0.053	0.000
0.200	-5.000	0.199	-0.012	0.000
0.200	-5.000	0.201	0.021	0.000
0.200	-5.000	0.202	0.053	0.000
0.200	-5.000	0.201	0.021	0.000
0.200	-5.000	0.201	0.021	0.000
0.200	-5.000	0.201	0.021	0.000
0.200	-5.000	0.199	-0.012	0.000
0.200	-5.000	0.199	-0.012	0.000
0.200	-5.000	0.199	-0.012	0.000
0.200	-5.000	0.202	0.053	0.000
0.200	-5.000	0.199	-0.012	0.000
0.200	-5.000	0.199	-0.012	0.000
0.200	-5.000	0.199	-0.012	0.000
0.200	-5.000	0.201	0.021	0.000
0.200	-5.000	0.199	-0.012	0.000
0.200	-5.000	0.201	0.021	0.000
0.200	-5.000	0.201	0.021	0.000
0.200	-5.000	0.201	0.021	0.000
0.200	-5.000	0.201	0.021	0.000
0.200	-5.000	0.201	0.021	0.000
0.200	-5.000	0.198	-0.044	0.000
0.200	-5.000	0.199	-0.012	0.000
0.200	-5.000	0.199	-0.012	0.000
0.200	-5.000	0.199	-0.012	0.000
0.200	-5.000	0.199	-0.012	0.000
0.200	-5.000	0.199	-0.012	0.000
0.200	-5.000	0.201	0.021	0.000
0.200	-5.000	0.201	0.021	0.000
0.200	-5.000	0.201	0.021	0.000
0.200	-5.000	0.199	-0.012	0.000
0.200	-5.000	0.202	0.053	0.000
0.200	-5.000	0.201	0.021	0.000
0.200	-5.000	0.201	0.021	0.000
0.200	-5.000	0.199	-0.012	0.000
0.200	-5.000	0.201	0.021	0.000
0.200	-5.000	0.201	0.021	0.000
0.200	-5.000	0.199	-0.012	0.000
0.200	-5.000	0.199	-0.012	0.000
0.200	-5.000	0.199	-0.012	0.000
0.200	-5.000	0.201	0.021	0.000
0.200	-5.000	0.201	0.021	0.000
0.200	-5.000	0.199	-0.012	0.000
0.200	-5.000	0.201	0.021	0.000
0.200	-5.000	0.201	0.021	0.000
0.200	-5.000	0.201	0.021	0.000
0.200	-5.000	0.199	-0.012	0.000
0.200	-5.000	0.199	-0.012	0.000
0.200	-5.000	0.199	-0.012	0.000
0.200	-5.000	0.201	0.021	0.000
0.200	-5.000	0.201	0.021	0.000
0.200	-5.000	0.201	0.021	0.000
0.200	-5.000	0.201	0.021	0.000
0.200	-5.000	0.199	-0.012	0.000
0.200	-5.000	0.201	0.021	0.000
0.200	-5.000	0.199	-0.012	0.000
0.200	-5.000	0.201	0.021	0.000
0.200	-5.000	0.201	0.021	0.000
0.200	-5.000	0.199	-0.012	0.000
0.200	-5.000	0.199	-0.012	0.000
0.200	-5.000	0.201	0.021	0.000
0.200	-5.000	0.201	0.021	0.000
0.200	-5.000	0.201	0.021	0.000
0.200	-5.000	0.201	0.021	0.000
0.200	-5.000	0.201	0.021	0.000
0.200	-5.000	0.201	0.021	0.000
0.200	-5.000	0.199	-0.012	0.000
0.200	-5.000	0.199	-0.012	0.000
0.200	-5.000	0.199	-0.012	0.000
0.200	-5.000	0.199	-0.012	0.000
0.200	-5.000	0.201	0.021	0.000
0.200	-5.000	0.199	-0.012	0.000
0.200	-5.000	0.201	0.021	0.000
0.200	-5.000	0.201	0.021	0.000
0.200	-5.000	0.201	0.021	0.000
0.200	-5.000	0.199	-0.012	0.000
0.200	-5.000	0.199	-0.012	0.000
0.200	-5.000	0.202	0.053	0.000
0.200	-5.000	0.199	-0.012	0.000
0.200	-5.000	0.199	-0.012	0.000
0.200	-5.000	0.201	0.021	0.000
0.200	-5.000	0.199	-0.012	0.000
0.200	-5.000	0.201	0.021	0.000
0.200	-5.000	0.201	0.021	0.000
0.200	-5.000	0.201	0.021	0.000
0.200	-5.000	0.199	-0.012	0.000
0.200	-5.000	0.199	-0.012	0.000
0.200	-5.000	0.201	0.021	0.000
0.200	-5.000	0.201	0.021	0.000
0.200	-5.000	0.199	-0.012	0.000
0.200	-5.000	0.201	0.021	0.000
0.200	-5.000	0.199	-0.012	0.000
0.200	-5.000	0.201	0.021	0.000
0.200	-5.000	0.199	-0.012	0.000
0.200	-5.000	0.201	0.021	0.000
0.200	-5.000	0.199	-0.012	0.000
0.200	-5.000	0.199	-0.012	0.000
0.200	-5.000	0.201	0.021	0.000
0.200	-5.000	0.201	0.021	0.000
0.200	-5.000	0.201	0.021	0.000
0.200	-5.000	0.199	-0.012	0.000
0.200	-5.000	0.199	-0.012	0.000
0.200	-5.000	0.201	0.021	0.000
0.200	-5.000	0.201	0.021	0.000
0.200	-5.000	0.201	0.021	0.000
0.200	-5.000	0.199	-0.012	0.000
0.200	-5.000	0.201	0.021	0.000
0.200	-5.000	0.198	-0.044	0.000
0.200	-5.000	0.201	0.021	0.000
0.200	-5.000	0.199	-0.012	0.000
0.200	-5.000	0.201	0.021	0.000
0.200	-5.000	0.201	0.021	0.000
0.200	-5.000	0.202	0.053	0.000
0.200	-5.000	0.199	-0.012	0.000
0.200	-5.000	0.199	-0.012	0.000
0.200	-5.000	0.198	-0.044	0.000
0.200	-5.000	0.199	-0.012	0.000
0.200	-5.000	0.201	0.021	0.000
0.200	-5.000	0.201	0.021	0.000
0.200	-5.000	0.201	0.021	0.000
0.200	-5.000	0.201	0.021	0.000
0.200	-5.000	0.199	-0.012	0.000
0.200	-5.000	0.201	0.021	0.000
0.200	-5.000	0.199	-0.012	0.000
0.200	-5.000	0.201	0.021	0.000
0.200	-5.000	0.199	-0.012	0.000
0.200	-5.000	0.199	-0.012	0.000
0.200	-5.000	0.199	-0.012	0.000
0.200	-5.000	0.202	0.053	0.000
0.200	-5.000	0.201	0.021	0.000
0.200	-5.000	0.198	-0.044	0.000
0.200	-5.000	0.201	0.021	0.000
0.200	-5.000	0.199	-0.012	0.000
0.200	-5.000	0.199	-0.012	0.000
0.200	-5.000	0.201	0.021	0.000
0.200	-5.000	0.199	-0.012	0.000
0.200	-5.000	0.201	0.021	0.000
0.200	-5.000	0.201	0.021	0.000
0.200	-5.000	0.201	0.021	0.000
0.200	-5.000	0.201	0.021	0.000
0.200	-5.000	0.201	0.021	0.000
0.200	-5.000	0.201	0.021	0.000
0.200	-5.000	0.201	0.021	0.000
0.200	-5.000	0.201	0.021	0.000
0.200	-5.000	0.201	0.021	0.000
0.200	-5.000	0.201	0.021	0.000
0.200	-5.000	0.201	0.021	0.000
0.200	-5.000	0.201	0.021	0.000
0.200	-5.000	0.201	0.021	0.000
0.200	-5.000	0.201	0.021	0.000
0.200	-5.000	0.201	0.021	0.000
0.200	-5.000	0.201	0.021	0.000
0.200	-5.000	0.199	-0.012	0.000
0.200	-5.000	0.201	0.021	0.000
0.200	-5.000	0.201	0.021	0.000
0.200	-5.000	0.199	-0.012	0.000
0.200	-5.000	0.201	0.021	0.000
0.200	-5.000	0.201	0.021	0.000
0.200	-5.000	0.199	-0.012	0.000
0.200	-5.000	0.201	0.021	0.000
0.200	-5.000	0.199	-0.012	0.000
0.200	-5.000	0.201	0.021	0.000
0.200	-5.000	0.201	0.021	0.000
0.200	-5.000	0.201	0.021	0.000
0.200	-5.000	0.199	-0.012	0.000
0.200	-5.000	0.201	0.021	0.000
0.200	-5.000	0.201	0.021	0.000
0.200	-5.000	0.199	-0.012	0.000
0.200	-5.000	0.201	0.021	0.000
0.200	-5.000	0.199	-0.012	0.000
0.200	-5.000	0.201	0.021	0.000
0.200	-5.000	0.199	-0.012	0.000
0.200	-5.000	0.201	0.021	0.000
0.200	-5.000	0.201	0.021	0.000
0.200	-5.000	0.199	-0.012	0.000
0.200	-5.000	0.199	-0.012	0.000
0.200	-5.000	0.199	-0.012	0.000
0.200	-5.000	0.201	0.021	0.000
0.200	-5.000	0.201	0.021	0.000
0.200	-5.000	0.201	0.021	0.000
0.200	-5.000	0.199	-0.012	0.000
0.200	-5.000	0.199	-0.012	0.000
0.200	-5.000	0.201	0.021	0.000
0.200	-5.000	0.199	-0.012	0.000
0.200	-5.000	0.201	0.021	0.000
0.200	-5.000	0.201	0.021	0.000
0.200	-5.000	0.199	-0.012	0.000
0.200	-5.000	0.199	-0.012	0.000
0.200	-5.000	0.201	0.021	0.000
0.200	-5.000	0.199	-0.012	0.000
0.200	-5.000	0.201	0.021	0.000
0.200	-5.000	0.201	0.021	0.000
0.200	-5.000	0.199	-0.012	0.000
0.200	-5.000	0.202	0.053	0.000
0.200	-5.000	0.199	-0.012	0.000
0.200	-5.000	0.201	0.021	0.000
0.200	-5.000	0.199	-0.012	0.000
0.200	-5.000	0.201	0.021	0.000
0.200	-5.000	0.201	0.021	0.000
0.200	-5.000	0.199	-0.012	0.000
0.200	-5.000	0.201	0.021	0.000
0.200	-5.000	0.201	0.021	0.000
0.200	-5.000	0.201	0.021	0.000
0.200	-5.000	0.201	0.021	0.000
0.200	-5.000	0.201	0.021	0.000
0.200	-5.000	0.201	0.021	0.000
0.200	-5.000	0.201	0.021	0.000
0.200	-5.000	0.199	-0.012	0.000
0.200	-5.000	0.201	0.021	0.000
0.200	-5.000	0.201	0.021	0.000
0.200	-5.000	0.201	0.021	0.000
0.200	-5.000	0.202	0.053	0.000
0.200	-5.000	0.201	0.021	0.000
0.200	-5.000	0.201	0.021	0.000
0.200	-5.000	0.201	0.021	0.000
0.200	-5.000	0.201	0.021	0.000
0.200	-5.000	0.199	-0.012	0.000
0.200	-5.000	0.201	0.021	0.000
0.200	-5.000	0.201	0.021	0.000
0.200	-5.000	0.201	0.021	0.000
0.200	-5.000	0.201	0.021	0.000
0.200	-5.000	0.199	-0.012	0.000
0.200	-5.000	0.202	0.053	0.000
0.200	-5.000	0.199	-0.012	0.000
0.200	-5.000	0.202	0.053	0.000
0.200	-5.000	0.201	0.021	0.000
0.200	-5.000	0.201	0.021	0.000
0.200	-5.000	0.201	0.021	0.000
0.200	-5.000	0.201	0.021	0.000
0.200	-5.000	0.199	-0.012	0.000
0.200	-5.000	0.201	0.021	0.000
0.200	-5.000	0.201	0.021	0.000
0.200	-5.000	0.201	0.021	0.000
0.200	-5.000	0.201	0.021	0.000
0.200	-5.000	0.201	0.021	0.000
0.200	-5.000	0.199	-0.012	0.000
0.200	-5.000	0.201	0.021	0.000
0.200	-5.000	0.199	-0.012	0.000
0.200	-5.000	0.201	0.021	0.000
0.200	-5.000	0.199	-0.012	0.000
0.200	-5.000	0.201	0.021	0.000
0.200	-5.000	0.201	0.021	0.000
0.200	-5.000	0.199	-0.012	0.000
0.200	-5.000	0.201	0.021	0.000
0.200	-5.000	0.201	0.021	0.000
0.200	-5.000	0.201	0.021	0.000
0.200	-5.000	0.199	-0.012	0.000
0.200	-5.000	0.201	0.021	0.000
0.200	-5.000	0.201	0.021	0.000
0.200	-5.000	0.201	0.021	0.000
0.200	-5.000	0.201	0.021	0.000
0.200	-5.000	0.201	0.021	0.000
0.200	-5.000	0.201	0.021	0.000
0.200	-5.000	0.199	-0.012	0.000
0.200	-5.000	0.201	0.021	0.000
0.200	-5.000	0.201	0.021	0.000
0.200	-5.000	0.201	0.021	0.000
0.200	-5.000	0.201	0.021	0.000
0.200	-5.000	0.201	0.021	0.000
0.200	-5.000	0.199	-0.012	0.000
0.200	-5.000	0.201	0.021	0.000
0.200	-5.000	0.201	0.021	0.000
0.200	-5.000	0.201	0.021	0.000
0.200	-5.000	0.201	0.021	0.000
0.200	-5.000	0.202	0.053	0.000
0.200	-5.000	0.201	0.021	0.000
0.200	-5.000	0.201	0.021	0.000
0.200	-5.000	0.204	0.086	0.000
0.200	-5.000	0.201	0.021	0.000
0.200	-5.000	0.201	0.021	0.000
0.200	-5.000	0.201	0.021	0.000
0.200	-5.000	0.199	-0.012	0.000
0.200	-5.000	0.201	0.021	0.000
0.200	-5.000	0.201	0.021	0.000
0.200	-5.000	0.201	0.021	0.000
0.200	-5.000	0.201	0.021	0.000
0.200	-5.000	0.201	0.021	0.000
0.200	-5.000	0.199	-0.012	0.000
0.200	-5.000	0.201	0.021	0.000
0.200	-5.000	0.199	-0.012	0.000
0.200	-5.000	0.201	0.021	0.000
0.200	-5.000	0.199	-0.012	0.000
0.200	-5.000	0.201	0.021	0.000
0.200	-5.000	0.198	-0.044	0.000
0.200	-5.000	0.201	0.021	0.000
0.200	-5.000	0.201	0.021	0.000
0.200	-5.000	0.202	0.053	0.000
0.200	-5.000	0.201	0.021	0.000
0.200	-5.000	0.201	0.021	0.000
0.200	-5.000	0.201	0.021	0.000
0.200	-5.000	0.199	-0.012	0.000
0.200	-5.000	0.201	0.021	0.000
0.200	-5.000	0.201	0.021	0.000
0.200	-5.000	0.201	0.021	0.000
0.200	-5.000	0.201	0.021	0.000
0.200	-5.000	0.201	0.021	0.000
0.200	-5.000	0.199	-0.012	0.000
0.200	-5.000	0.199	-0.012	0.000
0.200	-5.000	0.199	-0.012	0.000
0.200	-5.000	0.201	0.021	0.000
0.200	-5.000	0.199	-0.012	0.000
0.200	-5.000	0.201	0.021	0.000
0.200	-5.000	0.199	-0.012	0.000
0.200	-5.000	0.199	-0.012	0.000
0.200	-5.000	0.201	0.021	0.000
0.200	-5.000	0.201	0.021	0.000
0.200	-5.000	0.201	0.021	0.000
0.200	-5.000	0.201	0.021	0.000
0.200	-5.000	0.199	-0.012	0.000
0.200	-5.000	0.201	0.021	0.000
0.200	-5.000	0.201	0.021	0.000
0.200	-5.000	0.201	0.021	0.000
0.200	-5.000	0.201	0.021	0.000
0.200	-5.000	0.199	-0.012	0.000
0.200	-5.000	0.201	0.021	0.000
0.200	-5.000	0.201	0.021	0.000
0.200	-5.000	0.201	0.021	0.000
0.200	-5.000	0.201	0.021	0.000
0.200	-5.000	0.199	-0.012	0.000
0.200	-5.000	0.201	0.021	0.000
0.200	-5.000	0.201	0.021	0.000
0.200	-5.000	0.201	0.021	0.000
0.200	-5.000	0.199	-0.012	0.000
0.200	-5.000	0.201	0.021	0.000
0.200	-5.000	0.201	0.021	0.000
0.200	-5.000	0.201	0.021	0.000
0.200	-5.000	0.199	-0.012	0.000
0.200	-5.000	0.201	0.021	0.000
0.200	-5.000	0.201	0.021	0.000
0.200	-5.000	0.201	0.021	0.000
0.200	-5.000	0.202	0.053	0.000
0.200	-5.000	0.201	0.021	0.000
0.200	-5.000	0.199	-0.012	0.000
0.200	-5.000	0.201	0.021	0.000
0.200	-5.000	0.199	-0.012	0.000
0.200	-5.000	0.201	0.021	0.000
0.200	-5.000	0.201	0.021	0.000
0.200	-5.000	0.199	-0.012	0.000
0.200	-5.000	0.201	0.021	0.000
0.200	-5.000	0.201	0.021	0.000
0.200	-5.000	0.201	0.021	0.000
0.200	-5.000	0.201	0.021	0.000
0.200	-5.000	0.201	0.021	0.000
0.200	-5.000	0.201	0.021	0.000
0.200	-5.000	0.201	0.021	0.000
0.200	-5.000	0.201	0.021	0.000
0.200	-5.000	0.201	0.021	0.000
0.200	-5.000	0.201	0.021	0.000
0.200	-5.000	0.199	-0.012	0.000
0.200	-5.000	0.201	0.021	0.000
0.200	-5.000	0.199	-0.012	0.000
0.200	-5.000	0.199	-0.012	0.000
0.200	-5.000	0.201	0.021	0.000
0.200	-5.000	0.199	-0.012	0.000
0.200	-5.000	0.199	-0.012	0.000
0.200	-5.000	0.199	-0.012	0.000
0.200	-5.000	0.199	-0.012	0.000
0.200	-5.000	0.199	-0.012	0.000
0.200	-5.000	0.201	0.021	0.000
0.200	-5.000	0.199	-0.012	0.000
0.200	-5.000	0.201	0.021	0.000
0.200	-5.000	0.201	0.021	0.000
0.200	-5.000	0.201	0.021	0.000
0.200	-5.000	0.199	-0.012	0.000
0.200	-5.000	0.201	0.021	0.000
0.200	-5.000	0.201	0.021	0.000
0.200	-5.000	0.202	0.053	0.000
0.200	-5.000	0.199	-0.012	0.000
0.200	-5.000	0.201	0.021	0.000
0.200	-5.000	0.201	0.021	0.000
0.200	-5.000	0.201	0.021	0.000
0.200	-5.000	0.201	0.021	0.000
0.200	-5.000	0.202	0.053	0.000
0.200	-5.000	0.199	-0.012	0.000
0.200	-5.000	0.201	0.021	0.000
0.200	-5.000	0.201	0.021	0.000
0.200	-5.000	0.201	0.021	0.000
0.200	-5.000	0.201	0.021	0.000
0.200	-5.000	0.201	0.021	0.000
0.200	-5.000	0.201	0.021	0.000
0.200	-5.000	0.201	0.021	0.000
0.200	-5.000	0.201	0.021	0.000
0.200	-5.000	0.201	0.021	0.000
0.200	-5.000	0.201	0.021	0.000
0.200	-5.000	0.201	0.021	0.000
0.200	-5.000	0.199	-0.012	0.000
0.200	-5.000	0.201	0.021	0.000
0.200	-5.000	0.201	0.021	0.000
0.200	-5.000	0.201	0.021	0.000
0.200	-5.000	0.201	0.021	0.000
0.200	-5.000	0.199	-0.012	0.000
0.200	-5.000	0.201	0.021	0.000
0.200	-5.000	0.199	-0.012	0.000
0.200	-5.000	0.201	0.021	0.000
0.200	-5.000	0.201	0.021	0.000
0.200	-5.000	0.201	0.021	0.000
0.200	-5.000	0.201	0.021	0.000
0.200	-5.000	0.201	0.021	0.000
0.200	-5.000	0.201	0.021	0.000
0.200	-5.000	0.201	0.021	0.000
0.200	-5.000	0.201	0.021	0.000
0.200	-5.000	0.202	0.053	0.000
0.200	-5.000	0.201	0.021	0.000
0.200	-5.000	0.201	0.021	0.000
0.200	-5.000	0.201	0.021	0.000
0.200	-5.000	0.201	0.021	0.000
0.200	-5.000	0.201	0.021	0.000
0.200	-5.000	0.199	-0.012	0.000
0.200	-5.000	0.202	0.053	0.000
0.200	-5.000	0.201	0.021	0.000
0.200	-5.000	0.202	0.053	0.000
0.200	-5.000	0.201	0.021	0.000
0.200	-5.000	0.201	0.021	0.000
0.200	-5.000	0.201	0.021	0.000
0.200	-5.000	0.202	0.053	0.000
0.200	-5.000	0.199	-0.012	0.000
0.200	-5.000	0.199	-0.012	0.000
0.200	-5.000	0.201	0.021	0.000
0.200	-5.000	0.201	0.021	0.000
0.200	-5.000	0.201	0.021	0.000
0.200	-5.000	0.201	0.021	0.000
0.200	-5.000	0.201	0.021	0.000
0.200	-5.000	0.201	0.021	0.000
0.200	-5.000	0.199	-0.012	0.000
0.200	-5.000	0.201	0.021	0.000
0.200	-5.000	0.202	0.053	0.000
0.200	-5.000	0.201	0.021	0.000
0.200	-5.000	0.201	0.021	0.000
0.200	-5.000	0.201	0.021	0.000
0.200	-5.000	0.201	0.021	0.000
0.200	-5.000	0.199	-0.012	0.000
0.200	-5.000	0.201	0.021	0.000
0.200	-5.000	0.201	0.021	0.000
0.200	-5.000	0.201	0.021	0.000
0.200	-5.000	0.201	0.021	0.000
0.200	-5.000	0.201	0.021	0.000
0.200	-5.000	0.201	0.021	0.000
0.200	-5.000	0.201	0.021	0.000
0.200	-5.000	0.202	0.053	0.000
0.200	-5.000	0.201	0.021	0.000
0.200	-5.000	0.199	-0.012	0.000
0.200	-5.000	0.201	0.021	0.000
0.200	-5.000	0.201	0.021	0.000
0.200	-5.000	0.202	0.053	0.000
0.200	-5.000	0.201	0.021	0.000
0.200	-5.000	0.201	0.021	0.000
0.200	-5.000	0.201	0.021	0.000
0.200	-5.000	0.201	0.021	0.000
0.200	-5.000	0.201	0.021	0.000
0.200	-5.000	0.201	0.021	0.000
0.200	-5.000	0.201	0.021	0.000
0.200	-5.000	0.201	0.021	0.000
0.200	-5.000	0.201	0.021	0.000
0.200	-5.000	0.201	0.021	0.000
0.200	-5.000	0.201	0.021	0.000
0.200	-5.000	0.201	0.021	0.000
0.200	-5.000	0.199	-0.012	0.000
0.200	-5.000	0.201	0.021	0.000
0.200	-5.000	0.201	0.021	0.000
0.200	-5.000	0.201	0.021	0.000
0.200	-5.000	0.201	0.021	0.000
0.200	-5.000	0.201	0.021	0.000
0.200	-5.000	0.202	0.053	0.000
0.200	-5.000	0.201	0.021	0.000
0.200	-5.000	0.201	0.021	0.000
0.200	-5.000	0.201	0.021	0.000
0.200	-5.000	0.201	0.021	0.000
0.200	-5.000	0.201	0.021	0.000
0.200	-5.000	0.199	-0.012	0.000
0.200	-5.000	0.201	0.021	0.000
0.200	-5.000	0.201	0.021	0.000
0.200	-5.000	0.199	-0.012	0.000
0.200	-5.000	0.201	0.021	0.000
0.200	-5.000	0.199	-0.012	0.000
0.200	-5.000	0.201	0.021	0.000
0.200	-5.000	0.201	0.021	0.000
0.200	-5.000	0.201	0.021	0.000
0.200	-5.000	0.201	0.021	0.000
0.200	-5.000	0.201	0.021	0.000
0.200	-5.000	0.202	0.053	0.000
0.200	-5.000	0.201	0.021	0.000
0.200	-5.000	0.201	0.021	0.000
0.200	-5.000	0.202	0.053	0.000
0.200	-5.000	0.201	0.021	0.000
0.200	-5.000	0.201	0.021	0.000
0.200	-5.000	0.201	0.021	0.000
0.200	-5.000	0.201	0.021	0.000
0.200	-5.000	0.201	0.021	0.000
0.200	-5.000	0.201	0.021	0.000
0.200	-5.000	0.204	0.086	0.000
0.200	-5.000	0.201	0.021	0.000
0.200	-5.000	0.201	0.021	0.000
0.200	-5.000	0.201	0.021	0.000
0.200	-5.000	0.202	0.053	0.000
0.200	-5.000	0.201	0.021	0.000
0.200	-5.000	0.202	0.053	0.000
0.200	-5.000	0.201	0.021	0.000
0.200	-5.000	0.201	0.021	0.000
0.200	-5.000	0.199	-0.012	0.000
0.200	-5.000	0.201	0.021	0.000
0.200	-5.000	0.201	0.021	0.000
0.200	-5.000	0.201	0.021	0.000
0.200	-5.000	0.201	0.021	0.000
0.200	-5.000	0.201	0.021	0.000
0.200	-5.000	0.201	0.021	0.000
0.200	-5.000	0.199	-0.012	0.000
0.200	-5.000	0.201	0.021	0.000
0.200	-5.000	0.201	0.021	0.000
0.200	-5.000	0.201	0.021	0.000
0.200	-5.000	0.202	0.053	0.000
0.200	-5.000	0.201	0.021	0.000
0.200	-5.000	0.199	-0.012	0.000
0.200	-5.000	0.201	0.021	0.000
0.200	-5.000	0.201	0.021	0.000
0.200	-5.000	0.202	0.053	0.000
0.200	-5.000	0.201	0.021	0.000
0.200	-5.000	0.201	0.021	0.000
0.200	-5.000	0.201	0.021	0.000
0.200	-5.000	0.201	0.021	0.000
0.200	-5.000	0.201	0.021	0.000
0.200	-5.000	0.201	0.021	0.000
0.200	-5.000	0.201	0.021	0.000
0.200	-5.000	0.201	0.021	0.000
0.200	-5.000	0.201	0.021	0.000
0.200	-5.000	0.202	0.053	0.000
0.200	-5.000	0.201	0.021	0.000
0.200	-5.000	0.201	0.021	0.000
0.200	-5.000	0.201	0.021	0.000
0.200	-5.000	0.201	0.021	0.000
0.200	-5.000	0.199	-0.012	0.000
0.200	-5.000	0.201	0.021	0.000
0.200	-5.000	0.201	0.021	0.000
0.200	-5.000	0.201	0.021	0.000
0.200	-5.000	0.201	0.021	0.000
0.200	-5.000	0.201	0.021	0.000
0.200	-5.000	0.199	-0.012	0.000
0.200	-5.000	0.201	0.021	0.000
0.200	-5.000	0.202	0.053	0.000
0.200	-5.000	0.199	-0.012	0.000
0.200	-5.000	0.201	0.021	0.000
0.200	-5.000	0.201	0.021	0.000
0.200	-5.000	0.201	0.021	0.000
0.200	-5.000	0.201	0.021	0.000
0.200	-5.000	0.199	-0.012	0.000
0.200	-5.000	0.202	0.053	0.000
0.200	-5.000	0.201	0.021	0.000
0.200	-5.000	0.201	0.021	0.000
0.200	-5.000	0.201	0.021	0.000
0.200	-5.000	0.201	0.021	0.000
0.200	-5.000	0.201	0.021	0.000
0.200	-5.000	0.199	-0.012	0.000
0.200	-5.000	0.199	-0.012	0.000
0.200	-5.000	0.201	0.021	0.000
0.200	-5.000	0.199	-0.012	0.000
0.200	-5.000	0.201	0.021	0.000
0.200	-5.000	0.202	0.053	0.000
0.200	-5.000	0.202	0.053	0.000
0.200	-5.000	0.201	0.021	0.000
0.200	-5.000	0.199	-0.012	0.000
0.200	-5.000	0.199	-0.012	0.000
0.200	-5.000	0.202	0.053	0.000
0.200	-5.000	0.201	0.021	0.000
0.200	-5.000	0.201	0.021	0.000
0.200	-5.000	0.201	0.021	0.000
0.200	-5.000	0.201	0.021	0.000
0.200	-5.000	0.201	0.021	0.000
0.200	-5.000	0.201	0.021	0.000
0.200	-5.000	0.202	0.053	0.000
0.200	-5.000	0.201	0.021	0.000
0.200	-5.000	0.201	0.021	0.000
0.200	-5.000	0.201	0.021	0.000
0.200	-5.000	0.201	0.021	0.000
0.200	-5.000	0.201	0.021	0.000
0.200	-5.000	0.202	0.053	0.000
0.200	-5.000	0.202	0.053	0.000
0.200	-5.000	0.201	0.021	0.000
0.200	-5.000	0.201	0.021	0.000
0.200	-5.000	0.201	0.021	0.000
0.200	-5.000	0.201	0.021	0.000
0.200	-5.000	0.202	0.053	0.000
0.200	-5.000	0.201	0.021	0.000
0.200	-5.000	0.201	0.021	0.000
0.200	-5.000	0.201	0.021	0.000
0.200	-5.000	0.201	0.021	0.000
0.200	-5.000	0.201	0.021	0.000
0.200	-5.000	0.201	0.021	0.000
0.200	-5.000	0.201	0.021	0.000
0.200	-5.000	0.199	-0.012	0.000
0.200	-5.000	0.201	0.021	0.000
0.200	-5.000	0.199	-0.012	0.000
0.200	-5.000	0.201	0.021	0.000
0.200	-5.000	0.199	-0.012	0.000
0.200	-5.000	0.199	-0.012	0.000
0.200	-5.000	0.202	0.053	0.000
0.200	-5.000	0.201	0.021	0.000
0.200	-5.000	0.199	-0.012	0.000
0.200	-5.000	0.201	0.021	0.000
0.200	-5.000	0.199	-0.012	0.000
0.200	-5.000	0.202	0.053	0.000
0.200	-5.000	0.201	0.021	0.000
0.200	-5.000	0.202	0.053	0.000
0.200	-5.000	0.199	-0.012	0.000
0.200	-5.000	0.202	0.053	0.000
0.200	-5.000	0.201	0.021	0.000
0.200	-5.000	0.199	-0.012	0.000
0.200	-5.000	0.199	-0.012	0.000
0.200	-5.000	0.201	0.021	0.000
0.200	-5.000	0.201	0.021	0.000
0.200	-5.000	0.199	-0.012	0.000
0.200	-5.000	0.201	0.021	0.000
0.200	-5.000	0.199	-0.012	0.000
0.200	-5.000	0.201	0.021	0.000
0.200	-5.000	0.202	0.053	0.000
0.200	-5.000	0.199	-0.012	0.000
0.200	-5.000	0.201	0.021	0.000
0.200	-5.000	0.201	0.021	0.000
0.200	-5.000	0.201	0.021	0.000
0.200	-5.000	0.201	0.021	0.000
0.200	-5.000	0.201	0.021	0.000
0.200	-5.000	0.202	0.053	0.000
0.200	-5.000	0.201	0.021	0.000
0.200	-5.000	0.201	0.021	0.000
0.200	-5.000	0.201	0.021	0.000
0.200	-5.000	0.201	0.021	0.000
0.200	-5.000	0.199	-0.012	0.000
0.200	-5.000	0.201	0.021	0.000
0.200	-5.000	0.201	0.021	0.000
0.200	-5.000	0.199	-0.012	0.000
0.200	-5.000	0.202	0.053	0.000
0.200	-5.000	0.201	0.021	0.000
0.200	-5.000	0.201	0.021	0.000
0.200	-5.000	0.199	-0.012	0.000
0.200	-5.000	0.201	0.021	0.000
0.200	-5.000	0.201	0.021	0.000
0.200	-5.000	0.201	0.021	0.000
0.200	-5.000	0.201	0.021	0.000
0.200	-5.000	0.201	0.021	0.000
0.200	-5.000	0.201	0.021	0.000
0.200	-5.000	0.201	0.021	0.000
0.200	-5.000	0.201	0.021	0.000
0.200	-5.000	0.201	0.021	0.000
0.200	-5.000	0.201	0.021	0.000
0.200	-5.000	0.201	0.021	0.000
0.200	-5.000	0.201	0.021	0.000
0.200	-5.000	0.201	0.021	0.000
0.200	-5.000	0.201	0.021	0.000
0.200	-5.000	0.201	0.021	0.000
0.200	-5.000	0.201	0.021	0.000
0.200	-5.000	0.201	0.021	0.000
0.200	-5.000	0.199	-0.012	0.000
0.200	-5.000	0.201	0.021	0.000
0.200	-5.000	0.201	0.021	0.000
0.200	-5.000	0.201	0.021	0.000
0.200	-5.000	0.201	0.021	0.000
0.200	-5.000	0.199	-0.012	0.000
0.200	-5.000	0.202	0.053	0.000
0.200	-5.000	0.201	0.021	0.000
0.200	-5.000	0.201	0.021	0.000
0.200	-5.000	0.201	0.021	0.000
0.200	-5.000	0.201	0.021	0.000
0.200	-5.000	0.201	0.021	0.000
0.200	-5.000	0.199	-0.012	0.000
0.200	-5.000	0.201	0.021	0.000
0.200	-5.000	0.202	0.053	0.000
0.200	-5.000	0.201	0.021	0.000
0.200	-5.000	0.199	-0.012	0.000
0.200	-5.000	0.201	0.021	0.000
0.200	-5.000	0.201	0.021	0.000
0.200	-5.000	0.201	0.021	0.000
0.200	-5.000	0.201	0.021	0.000
0.200	-5.000	0.201	0.021	0.000
0.200	-5.000	0.202	0.053	0.000
0.200	-5.000	0.201	0.021	0.000
0.200	-5.000	0.201	0.021	0.000
0.200	-5.000	0.202	0.053	0.000
0.200	-5.000	0.199	-0.012	0.000
0.200	-5.000	0.199	-0.012	0.000
0.200	-5.000	0.201	0.021	0.000
0.200	-5.000	0.201	0.021	0.000
0.200	-5.000	0.199	-0.012	0.000
0.200	-5.000	0.202	0.053	0.000
0.200	-5.000	0.202	0.053	0.000
0.200	-5.000	0.202	0.053	0.000
0.200	-5.000	0.202	0.053	0.000
0.200	-5.000	0.202	0.053	0.000
0.200	-5.000	0.201	0.021	0.000
0.200	-5.000	0.201	0.021	0.000
0.200	-5.000	0.199	-0.012	0.000
0.200	-5.000	0.202	0.053	0.000
0.200	-5.000	0.199	-0.012	0.000
0.200	-5.000	0.201	0.021	0.000
0.200	-5.000	0.201	0.021	0.000
0.200	-5.000	0.201	0.021	0.000
0.200	-5.000	0.201	0.021	0.000
0.200	-5.000	0.201	0.021	0.000
0.200	-5.000	0.201	0.021	0.000
0.200	-5.000	0.201	0.021	0.000
0.200	-5.000	0.201	0.021	0.000
0.200	-5.000	0.201	0.021	0.000
0.200	-5.000	0.202	0.053	0.000
0.200	-5.000	0.202	0.053	0.000
0.200	-5.000	0.201	0.021	0.000
0.200	-5.000	0.202	0.053	0.000
0.200	-5.000	0.201	0.021	0.000
0.200	-5.000	0.201	0.021	0.000
0.200	-5.000	0.201	0.021	0.000
0.200	-5.000	0.201	0.021	0.000
0.200	-5.000	0.201	0.021	0.000
0.200	-5.000	0.201	0.021	0.000
0.200	-5.000	0.201	0.021	0.000
0.200	-5.000	0.201	0.021	0.000
0.200	-5.000	0.201	0.021	0.000
0.200	-5.000	0.201	0.021	0.000
0.200	-5.000	0.202	0.053	0.000
0.200	-5.000	0.201	0.021	0.000
0.200	-5.000	0.201	0.021	0.000
0.200	-5.000	0.201	0.021	0.000
0.200	-5.000	0.201	0.021	0.000
0.200	-5.000	0.202	0.053	0.000
0.200	-5.000	0.202	0.053	0.000
0.200	-5.000	0.201	0.021	0.000
0.200	-5.000	0.201	0.021	0.000
0.200	-5.000	0.202	0.053	0.000
0.200	-5.000	0.202	0.053	0.000
0.200	-5.000	0.202	0.053	0.000
0.200	-5.000	0.201	0.021	0.000
0.200	-5.000	0.199	-0.012	0.000
0.200	-5.000	0.202	0.053	0.000
0.200	-5.000	0.201	0.021	0.000
0.200	-5.000	0.201	0.021	0.000
0.200	-5.000	0.202	0.053	0.000
0.200	-5.000	0.202	0.053	0.000
0.200	-5.000	0.202	0.053	0.000
0.200	-5.000	0.201	0.021	0.000
0.200	-5.000	0.202	0.053	0.000
0.200	-5.000	0.202	0.053	0.000
0.200	-5.000	0.201	0.021	0.000
0.200	-5.000	0.199	-0.012	0.000
0.200	-5.000	0.201	0.021	0.000
0.200	-5.000	0.201	0.021	0.000
0.200	-5.000	0.201	0.021	0.000
0.200	-5.000	0.202	0.053	0.000
0.200	-5.000	0.201	0.021	0.000
0.200	-5.000	0.201	0.021	0.000
0.200	-5.000	0.201	0.021	0.000
0.200	-5.000	0.202	0.053	0.000
0.200	-5.000	0.202	0.053	0.000
0.200	-5.000	0.201	0.021	0.000
0.200	-5.000	0.201	0.021	0.000
0.200	-5.000	0.202	0.053	0.000
0.200	-5.000	0.199	-0.012	0.000
0.200	-5.000	0.201	0.021	0.000
0.200	-5.000	0.201	0.021	0.000
0.200	-5.000	0.201	0.021	0.000
0.200	-5.000	0.201	0.021	0.000
0.200	-5.000	0.201	0.021	0.000
0.200	-5.000	0.201	0.021	0.000
0.200	-5.000	0.199	-0.012	0.000
0.200	-5.000	0.201	0.021	0.000
0.200	-5.000	0.202	0.053	0.000
0.200	-5.000	0.201	0.021	0.000
0.200	-5.000	0.201	0.021	0.000
0.200	-5.000	0.201	0.021	0.000
0.200	-5.000	0.201	0.021	0.000
0.200	-5.000	0.202	0.053	0.000
0.200	-5.000	0.202	0.053	0.000
0.200	-5.000	0.201	0.021	0.000
0.200	-5.000	0.201	0.021	0.000
0.200	-5.000	0.202	0.053	0.000
0.200	-5.000	0.201	0.021	0.000
0.200	-5.000	0.201	0.021	0.000
0.200	-5.000	0.201	0.021	0.000
0.200	-5.000	0.201	0.021	0.000
0.200	-5.000	0.202	0.053	0.000
0.200	-5.000	0.199	-0.012	0.000
0.200	-5.000	0.202	0.053	0.000
0.200	-5.000	0.201	0.021	0.000
0.200	-5.000	0.201	0.021	0.000
0.200	-5.000	0.202	0.053	0.000
0.200	-5.000	0.202	0.053	0.000
0.200	-5.000	0.202	0.053	0.000
0.200	-5.000	0.201	0.021	0.000
0.200	-5.000	0.201	0.021	0.000
0.200	-5.000	0.202	0.053	0.000
0.200	-5.000	0.202	0.053	0.000
0.200	-5.000	0.199	-0.012	0.000
0.200	-5.000	0.202	0.053	0.000
0.200	-5.000	0.199	-0.012	0.000
0.200	-5.000	0.201	0.021	0.000
0.200	-5.000	0.201	0.021	0.000
0.200	-5.000	0.201	0.021	0.000
0.200	-5.000	0.202	0.053	0.000
0.200	-5.000	0.201	0.021	0.000
0.200	-5.000	0.202	0.053	0.000
0.200	-5.000	0.201	0.021	0.000
0.200	-5.000	0.199	-0.012	0.000
0.200	-5.000	0.199	-0.012	0.000
0.200	-5.000	0.201	0.021	0.000
0.200	-5.000	0.199	-0.012	0.000
0.200	-5.000	0.201	0.021	0.000
0.200	-5.000	0.202	0.053	0.000
0.200	-5.000	0.201	0.021	0.000
0.200	-5.000	0.201	0.021	0.000
0.200	-5.000	0.201	0.021	0.000
0.200	-5.000	0.201	0.021	0.000
0.200	-5.000	0.202	0.053	0.000
0.200	-5.000	0.202	0.053	0.000
0.200	-5.000	0.201	0.021	0.000
0.200	-5.000	0.199	-0.012	0.000
0.200	-5.000	0.201	0.021	0.000
0.200	-5.000	0.201	0.021	0.000
0.200	-5.000	0.201	0.021	0.000
0.200	-5.000	0.202	0.053	0.000
0.200	-5.000	0.201	0.021	0.000
0.200	-5.000	0.202	0.053	0.000
0.200	-5.000	0.201	0.021	0.000
0.200	-5.000	0.201	0.021	0.000
0.200	-5.000	0.201	0.021	0.000
0.200	-5.000	0.202	0.053	0.000
0.200	-5.000	0.201	0.021	0.000
0.200	-5.000	0.201	0.021	0.000
0.200	-5.000	0.202	0.053	0.000
0.200	-5.000	0.201	0.021	0.000
0.200	-5.000	0.202	0.053	0.000
0.200	-5.000	0.201	0.021	0.000
0.200	-5.000	0.202	0.053	0.000
0.200	-5.000	0.202	0.053	0.000
0.200	-5.000	0.201	0.021	0.000
0.200	-5.000	0.201	0.021	0.000
0.200	-5.000	0.202	0.053	0.000
0.200	-5.000	0.201	0.021	0.000
0.200	-5.000	0.201	0.021	0.000
0.200	-5.000	0.201	0.021	0.000
0.200	-5.000	0.201	0.021	0.000
0.200	-5.000	0.202	0.053	0.000
0.200	-5.000	0.201	0.021	0.000
0.200	-5.000	0.201	0.021	0.000
0.200	-5.000	0.201	0.021	0.000
0.200	-5.000	0.201	0.021	0.000
0.200	-5.000	0.201	0.021	0.000
0.200	-5.000	0.201	0.021	0.000
0.200	-5.000	0.201	0.021	0.000
0.200	-5.000	0.201	0.021	0.000
0.200	-5.000	0.201	0.021	0.000
0.200	-5.000	0.199	-0.012	0.000
0.200	-5.000	0.201	0.021	0.000
0.200	-5.000	0.202	0.053	0.000
0.200	-5.000	0.201	0.021	0.000
0.200	-5.000	0.202	0.053	0.000
0.200	-5.000	0.201	0.021	0.000
0.200	-5.000	0.201	0.021	0.000
0.200	-5.000	0.202	0.053	0.000
0.200	-5.000	0.201	0.021	0.000
0.200	-5.000	0.201	0.021	0.000
0.200	-5.000	0.201	0.021	0.000
0.200	-5.000	0.201	0.021	0.000
0.200	-5.000	0.201	0.021	0.000
0.200	-5.000	0.202	0.053	0.000
0.200	-5.000	0.201	0.021	0.000
0.200	-5.000	0.201	0.021	0.000
0.200	-5.000	0.201	0.021	0.000
0.200	-5.000	0.202	0.053	0.000
0.200	-5.000	0.202	0.053	0.000
0.200	-5.000	0.199	-0.012	0.000
0.200	-5.000	0.201	0.021	0.000
0.200	-5.000	0.201	0.021	0.000
0.200	-5.000	0.201	0.021	0.000
0.200	-5.000	0.199	-0.012	0.000
0.200	-5.000	0.201	0.021	0.000
0.200	-5.000	0.201	0.021	0.000
0.200	-5.000	0.201	0.021	0.000
0.200	-5.000	0.201	0.021	0.000
0.200	-5.000	0.201	0.021	0.000
0.200	-5.000	0.201	0.021	0.000
0.200	-5.000	0.204	0.086	0.000
0.200	-5.000	0.201	0.021	0.000
0.200	-5.000	0.201	0.021	0.000
0.200	-5.000	0.199	-0.012	0.000
0.200	-5.000	0.201	0.021	0.000
0.200	-5.000	0.201	0.021	0.000
0.200	-5.000	0.201	0.021	0.000
0.200	-5.000	0.201	0.021	0.000
0.200	-5.000	0.201	0.021	0.000
0.200	-5.000	0.201	0.021	0.000
0.200	-5.000	0.201	0.021	0.000
0.200	-5.000	0.201	0.021	0.000
0.200	-5.000	0.201	0.021	0.000
0.200	-5.000	0.201	0.021	0.000
0.200	-5.000	0.201	0.021	0.000
0.200	-5.000	0.201	0.021	0.000
0.200	-5.000	0.201	0.021	0.000
0.200	-5.000	0.201	0.021	0.000
0.200	-5.000	0.201	0.021	0.000
0.200	-5.000	0.201	0.021	0.000
0.200	-5.000	0.199	-0.012	0.000
0.200	-5.000	0.202	0.053	0.000
0.200	-5.000	0.201	0.021	0.000
0.200	-5.000	0.201	0.021	0.000
0.200	-5.000	0.201	0.021	0.000
0.200	-5.000	0.201	0.021	0.000
0.200	-5.000	0.201	0.021	0.000
0.200	-5.000	0.201	0.021	0.000
0.200	-5.000	0.201	0.021	0.000
0.200	-5.000	0.202	0.053	0.000
0.200	-5.000	0.201	0.021	0.000
0.200	-5.000	0.201	0.021	0.000
0.200	-5.000	0.202	0.053	0.000
0.200	-5.000	0.201	0.021	0.000
0.200	-5.000	0.201	0.021	0.000
0.200	-5.000	0.199	-0.012	0.000
0.200	-5.000	0.201	0.021	0.000
0.200	-5.000	0.201	0.021	0.000
0.200	-5.000	0.201	0.021	0.000
0.200	-5.000	0.202	0.053	0.000
0.200	-5.000	0.201	0.021	0.000
0.200	-5.000	0.201	0.021	0.000
0.200	-5.000	0.201	0.021	0.000
0.200	-5.000	0.201	0.021	0.000
0.200	-5.000	0.201	0.021	0.000
0.200	-5.000	0.201	0.021	0.000
0.200	-5.000	0.201	0.021	0.000
0.200	-5.000	0.201	0.021	0.000
0.200	-5.000	0.202	0.053	0.000
0.200	-5.000	0.199	-0.012	0.000
0.200	-5.000	0.202	0.053	0.000
0.200	-5.000	0.201	0.021	0.000
0.200	-5.000	0.199	-0.012	0.000
0.200	-5.000	0.199	-0.012	0.000
0.200	-5.000	0.201	0.021	0.000
0.200	-5.000	0.201	0.021	0.000
0.200	-5.000	0.201	0.021	0.000
0.200	-5.000	0.201	0.021	0.000
0.200	-5.000	0.201	0.021	0.000
0.200	-5.000	0.202	0.053	0.000
0.200	-5.000	0.201	0.021	0.000
0.200	-5.000	0.201	0.021	0.000
0.200	-5.000	0.201	0.021	0.000
0.200	-5.000	0.201	0.021	0.000
0.200	-5.000	0.202	0.053	0.000
0.200	-5.000	0.201	0.021	0.000
0.200	-5.000	0.201	0.021	0.000
0.200	-5.000	0.201	0.021	0.000
0.200	-5.000	0.202	0.053	0.000
0.200	-5.000	0.202	0.053	0.000
0.200	-5.000	0.201	0.021	0.000
0.200	-5.000	0.202	0.053	0.000
0.200	-5.000	0.201	0.021	0.000
0.200	-5.000	0.202	0.053	0.000
0.200	-5.000	0.201	0.021	0.000
0.200	-5.000	0.201	0.021	0.000
0.200	-5.000	0.201	0.021	0.000
0.200	-5.000	0.201	0.021	0.000
0.200	-5.000	0.202	0.053	0.000
0.200	-5.000	0.201	0.021	0.000
0.200	-5.000	0.201	0.021	0.000
0.200	-5.000	0.199	-0.012	0.000
0.200	-5.000	0.201	0.021	0.000
0.200	-5.000	0.201	0.021	0.000
0.200	-5.000	0.199	-0.012	0.000
0.200	-5.000	0.199	-0.012	0.000
0.200	-5.000	0.199	-0.012	0.000
0.200	-5.000	0.201	0.021	0.000
0.200	-5.000	0.201	0.021	0.000
0.200	-5.000	0.201	0.021	0.000
0.200	-5.000	0.201	0.021	0.000
0.200	-5.000	0.201	0.021	0.000
0.200	-5.000	0.201	0.021	0.000
0.200	-5.000	0.201	0.021	0.000
0.200	-5.000	0.199	-0.012	0.000
0.200	-5.000	0.201	0.021	0.000
0.200	-5.000	0.201	0.021	0.000
0.200	-5.000	0.202	0.053	0.000
0.200	-5.000	0.201	0.021	0.000
0.200	-5.000	0.202	0.053	0.000
0.200	-5.000	0.202	0.053	0.000
0.200	-5.000	0.201	0.021	0.000
0.200	-5.000	0.199	-0.012	0.000
0.200	-5.000	0.199	-0.012	0.000
0.200	-5.000	0.201	0.021	0.000
0.200	-5.000	0.201	0.021	0.000
0.200	-5.000	0.202	0.053	0.000
0.200	-5.000	0.202	0.053	0.000
0.200	-5.000	0.201	0.021	0.000
0.200	-5.000	0.202	0.053	0.000
0.200	-5.000	0.202	0.053	0.000
0.200	-5.000	0.201	0.021	0.000
0.200	-5.000	0.202	0.053	0.000
0.200	-5.000	0.201	0.021	0.000
0.200	-5.000	0.201	0.021	0.000
0.200	-5.000	0.199	-0.012	0.000
0.200	-5.000	0.201	0.021	0.000
0.200	-5.000	0.201	0.021	0.000
0.200	-5.000	0.199	-0.012	0.000
0.200	-5.000	0.199	-0.012	0.000
0.200	-5.000	0.201	0.021	0.000
0.200	-5.000	0.201	0.021	0.000
0.200	-5.000	0.201	0.021	0.000
0.200	-5.000	0.201	0.021	0.000
0.200	-5.000	0.201	0.021	0.000
0.200	-5.000	0.201	0.021	0.000
0.200	-5.000	0.201	0.021	0.000
0.200	-5.000	0.201	0.021	0.000
0.200	-5.000	0.201	0.021	0.000
0.200	-5.000	0.201	0.021	0.000
0.200	-5.000	0.202	0.053	0.000
0.200	-5.000	0.202	0.053	0.000
0.200	-5.000	0.201	0.021	0.000
0.200	-5.000	0.202	0.053	0.000
0.200	-5.000	0.201	0.021	0.000
0.200	-5.000	0.201	0.021	0.000
0.200	-5.000	0.202	0.053	0.000
0.200	-5.000	0.201	0.021	0.000
0.200	-5.000	0.201	0.021	0.000
0.200	-5.000	0.202	0.053	0.000
0.200	-5.000	0.201	0.021	0.000
0.200	-5.000	0.201	0.021	0.000
0.200	-5.000	0.201	0.021	0.000
0.200	-5.000	0.201	0.021	0.000
0.200	-5.000	0.201	0.021	0.000
0.200	-5.000	0.202	0.053	0.000
0.200	-5.000	0.201	0.021	0.000
0.200	-5.000	0.201	0.021	0.000
0.200	-5.000	0.201	0.021	0.000
0.200	-5.000	0.202	0.053	0.000
0.200	-5.000	0.201	0.021	0.000
0.200	-5.000	0.202	0.053	0.000
0.200	-5.000	0.201	0.021	0.000
0.200	-5.000	0.202	0.053	0.000
0.200	-5.000	0.201	0.021	0.000
0.200	-5.000	0.201	0.021	0.000
0.200	-5.000	0.201	0.021	0.000
0.200	-5.000	0.201	0.021	0.000
0.200	-5.000	0.202	0.053	0.000
0.200	-5.000	0.201	0.021	0.000
0.200	-5.000	0.201	0.021	0.000
0.200	-5.000	0.201	0.021	0.000
0.200	-5.000	0.202	0.053	0.000
0.200	-5.000	0.201	0.021	0.000
0.200	-5.000	0.202	0.053	0.000
0.200	-5.000	0.201	0.021	0.000
0.200	-5.000	0.202	0.053	0.000
0.200	-5.000	0.201	0.021	0.000
0.200	-5.000	0.201	0.021	0.000
0.200	-5.000	0.201	0.021	0.000
0.200	-5.000	0.201	0.021	0.000
0.200	-5.000	0.201	0.021	0.000
0.200	-5.000	0.201	0.021	0.000
0.200	-5.000	0.201	0.021	0.000
0.200	-5.000	0.201	0.021	0.000
0.200	-5.000	0.204	0.086	0.000
0.200	-5.000	0.202	0.053	0.000
0.200	-5.000	0.202	0.053	0.000
0.200	-5.000	0.201	0.021	0.000
0.200	-5.000	0.202	0.053	0.000
0.200	-5.000	0.202	0.053	0.000
0.200	-5.000	0.202	0.053	0.000
0.200	-5.000	0.201	0.021	0.000
0.200	-5.000	0.201	0.021	0.000
0.200	-5.000	0.201	0.021	0.000
0.200	-5.000	0.201	0.021	0.000
0.200	-5.000	0.201	0.021	0.000
0.200	-5.000	0.201	0.021	0.000
0.200	-5.000	0.202	0.053	0.000
0.200	-5.000	0.202	0.053	0.000
0.200	-5.000	0.201	0.021	0.000
0.200	-5.000	0.202	0.053	0.000
0.200	-5.000	0.201	0.021	0.000
0.200	-5.000	0.201	0.021	0.000
0.200	-5.000	0.201	0.021	0.000
0.200	-5.000	0.202	0.053	0.000
0.200	-5.000	0.202	0.053	0.000
0.200	-5.000	0.201	0.021	0.000
0.200	-5.000	0.202	0.053	0.000
0.200	-5.000	0.201	0.021	0.000
0.200	-5.000	0.201	0.021	0.000
0.200	-5.000	0.201	0.021	0.000
0.200	-5.000	0.202	0.053	0.000
0.200	-5.000	0.202	0.053	0.000
0.200	-5.000	0.201	0.021	0.000
0.200	-5.000	0.201	0.021	0.000
0.200	-5.000	0.201	0.021	0.000
0.200	-5.000	0.202	0.053	0.000
0.200	-5.000	0.201	0.021	0.000
0.200	-5.000	0.201	0.021	0.000
0.200	-5.000	0.201	0.021	0.000
0.200	-5.000	0.201	0.021	0.000
0.200	-5.000	0.202	0.053	0.000
0.200	-5.000	0.199	-0.012	0.000
0.200	-5.000	0.201	0.021	0.000
0.200	-5.000	0.201	0.021	0.000
0.200	-5.000	0.201	0.021	0.000
0.200	-5.000	0.201	0.021	0.000
0.200	-5.000	0.199	-0.012	0.000
0.200	-5.000	0.201	0.021	0.000
0.200	-5.000	0.201	0.021	0.000
0.200	-5.000	0.201	0.021	0.000
0.200	-5.000	0.202	0.053	0.000
0.200	-5.000	0.202	0.053	0.000
0.200	-5.000	0.201	0.021	0.000
0.200	-5.000	0.199	-0.012	0.000
0.200	-5.000	0.201	0.021	0.000
0.200	-5.000	0.199	-0.012	0.000
0.200	-5.000	0.201	0.021	0.000
0.200	-5.000	0.201	0.021	0.000
0.200	-5.000	0.202	0.053	0.000
0.200	-5.000	0.201	0.021	0.000
0.200	-5.000	0.202	0.053	0.000
0.200	-5.000	0.201	0.021	0.000
0.200	-5.000	0.199	-0.012	0.000
0.200	-5.000	0.201	0.021	0.000
0.200	-5.000	0.202	0.053	0.000
0.200	-5.000	0.201	0.021	0.000
0.200	-5.000	0.201	0.021	0.000
0.200	-5.000	0.201	0.021	0.000
0.200	-5.000	0.199	-0.012	0.000
0.200	-5.000	0.201	0.021	0.000
0.200	-5.000	0.201	0.021	0.000
0.200	-5.000	0.201	0.021	0.000
0.200	-5.000	0.201	0.021	0.000
0.200	-5.000	0.201	0.021	0.000
0.200	-5.000	0.202	0.053	0.000
0.200	-5.000	0.201	0.021	0.000
0.200	-5.000	0.202	0.053	0.000
0.200	-5.000	0.199	-0.012	0.000
0.200	-5.000	0.202	0.053	0.000
0.200	-5.000	0.201	0.021	0.000
0.200	-5.000	0.201	0.021	0.000
0.200	-5.000	0.201	0.021	0.000
0.200	-5.000	0.201	0.021	0.000
0.200	-5.000	0.201	0.021	0.000
0.200	-5.000	0.199	-0.012	0.000
0.200	-5.000	0.201	0.021	0.000
0.200	-5.000	0.201	0.021	0.000
0.200	-5.000	0.201	0.021	0.000
0.200	-5.000	0.199	-0.012	0.000
0.200	-5.000	0.201	0.021	0.000
0.200	-5.000	0.201	0.021	0.000
0.200	-5.000	0.202	0.053	0.000
0.200	-5.000	0.201	0.021	0.000
0.200	-5.000	0.201	0.021	0.000
0.200	-5.000	0.202	0.053	0.000
0.200	-5.000	0.202	0.053	0.000
0.200	-5.000	0.199	-0.012	0.000
0.200	-5.000	0.202	0.053	0.000
0.200	-5.000	0.201	0.021	0.000
0.200	-5.000	0.202	0.053	0.000
0.200	-5.000	0.201	0.021	0.000
0.200	-5.000	0.202	0.053	0.000
0.200	-5.000	0.199	-0.012	0.000
0.200	-5.000	0.202	0.053	0.000
0.200	-5.000	0.202	0.053	0.000
0.200	-5.000	0.202	0.053	0.000
0.200	-5.000	0.201	0.021	0.000
0.200	-5.000	0.201	0.021	0.000
0.200	-5.000	0.201	0.021	0.000
0.200	-5.000	0.202	0.053	0.000
0.200	-5.000	0.202	0.053	0.000
0.200	-5.000	0.201	0.021	0.000
0.200	-5.000	0.201	0.021	0.000
0.200	-5.000	0.201	0.021	0.000
0.200	-5.000	0.201	0.021	0.000
0.200	-5.000	0.201	0.021	0.000
0.200	-5.000	0.199	-0.012	0.000
0.200	-5.000	0.201	0.021	0.000
0.200	-5.000	0.201	0.021	0.000
0.200	-5.000	0.201	0.021	0.000
0.200	-5.000	0.202	0.053	0.000
0.200	-5.000	0.201	0.021	0.000
0.200	-5.000	0.202	0.053	0.000
0.200	-5.000	0.201	0.021	0.000
0.200	-5.000	0.201	0.021	0.000
0.200	-5.000	0.201	0.021	0.000
0.200	-5.000	0.201	0.021	0.000
0.200	-5.000	0.201	0.021	0.000
0.200	-5.000	0.201	0.021	0.000
0.200	-5.000	0.201	0.021	0.000
0.200	-5.000	0.201	0.021	0.000
0.200	-5.000	0.199	-0.012	0.000
0.200	-5.000	0.199	-0.012	0.000
0.200	-5.000	0.199	-0.012	0.000
0.200	-5.000	0.201	0.021	0.000
0.200	-5.000	0.201	0.021	0.000
0.200	-5.000	0.202	0.053	0.000
0.200	-5.000	0.201	0.021	0.000
0.200	-5.000	0.202	0.053	0.000
0.200	-5.000	0.202	0.053	0.000
0.200	-5.000	0.204	0.086	0.000
0.200	-5.000	0.201	0.021	0.000
0.200	-5.000	0.201	0.021	0.000
0.200	-5.000	0.201	0.021	0.000
0.200	-5.000	0.201	0.021	0.000
0.200	-5.000	0.201	0.021	0.000
0.200	-5.000	0.202	0.053	0.000
0.200	-5.000	0.202	0.053	0.000
0.200	-5.000	0.201	0.021	0.000
0.200	-5.000	0.201	0.021	0.000
0.200	-5.000	0.201	0.021	0.000
0.200	-5.000	0.201	0.021	0.000
0.200	-5.000	0.201	0.021	0.000
0.200	-5.000	0.199	-0.012	0.000
0.200	-5.000	0.204	0.086	0.000
0.200	-5.000	0.202	0.053	0.000
0.200	-5.000	0.202	0.053	0.000
0.200	-5.000	0.202	0.053	0.000
0.200	-5.000	0.202	0.053	0.000
0.200	-5.000	0.199	-0.012	0.000
0.200	-5.000	0.201	0.021	0.000
0.200	-5.000	0.202	0.053	0.000
0.200	-5.000	0.201	0.021	0.000
0.200	-5.000	0.201	0.021	0.000
0.200	-5.000	0.201	0.021	0.000
0.200	-5.000	0.201	0.021	0.000
0.200	-5.000	0.202	0.053	0.000
0.200	-5.000	0.202	0.053	0.000
0.200	-5.000	0.201	0.021	0.000
0.200	-5.000	0.202	0.053	0.000
0.200	-5.000	0.201	0.021	0.000
0.200	-5.000	0.201	0.021	0.000
0.200	-5.000	0.202	0.053	0.000
0.200	-5.000	0.201	0.021	0.000
0.200	-5.000	0.201	0.021	0.000
0.200	-5.000	0.202	0.053	0.000
0.200	-5.000	0.202	0.053	0.000
0.200	-5.000	0.201	0.021	0.000
0.200	-5.000	0.202	0.053	0.000
0.200	-5.000	0.201	0.021	0.000
0.200	-5.000	0.201	0.021	0.000
0.200	-5.000	0.201	0.021	0.000
0.200	-5.000	0.202	0.053	0.000
0.200	-5.000	0.201	0.021	0.000
0.200	-5.000	0.199	-0.012	0.000
0.200	-5.000	0.201	0.021	0.000
0.200	-5.000	0.202	0.053	0.000
0.200	-5.000	0.202	0.053	0.000
0.200	-5.000	0.202	0.053	0.000
0.200	-5.000	0.202	0.053	0.000
0.200	-5.000	0.201	0.021	0.000
0.200	-5.000	0.199	-0.012	0.000
0.200	-5.000	0.202	0.053	0.000
0.200	-5.000	0.201	0.021	0.000
0.200	-5.000	0.202	0.053	0.000
0.200	-5.000	0.201	0.021	0.000
0.200	-5.000	0.199	-0.012	0.000
0.200	-5.000	0.201	0.021	0.000
0.200	-5.000	0.201	0.021	0.000
0.200	-5.000	0.201	0.021	0.000
0.200	-5.000	0.201	0.021	0.000
0.200	-5.000	0.202	0.053	0.000
0.200	-5.000	0.201	0.021	0.000
0.200	-5.000	0.201	0.021	0.000
0.200	-5.000	0.201	0.021	0.000
0.200	-5.000	0.201	0.021	0.000
0.200	-5.000	0.199	-0.012	0.000
0.200	-5.000	0.201	0.021	0.000
0.200	-5.000	0.201	0.021	0.000
0.200	-5.000	0.201	0.021	0.000
0.200	-5.000	0.199	-0.012	0.000
0.200	-5.000	0.201	0.021	0.000
0.200	-5.000	0.202	0.053	0.000
0.200	-5.000	0.201	0.021	0.000
0.200	-5.000	0.201	0.021	0.000
0.200	-5.000	0.201	0.021	0.000
0.200	-5.000	0.202	0.053	0.000
0.200	-5.000	0.202	0.053	0.000
0.200	-5.000	0.201	0.021	0.000
0.200	-5.000	0.201	0.021	0.000
0.200	-5.000	0.202	0.053	0.000
0.200	-5.000	0.201	0.021	0.000
0.200	-5.000	0.201	0.021	0.000
0.200	-5.000	0.201	0.021	0.000
0.200	-5.000	0.201	0.021	0.000
0.200	-5.000	0.201	0.021	0.000
0.200	-5.000	0.201	0.021	0.000
0.200	-5.000	0.199	-0.012	0.000
0.200	-5.000	0.201	0.021	0.000
0.200	-5.000	0.201	0.021	0.000
0.200	-5.000	0.201	0.021	0.000
0.200	-5.000	0.201	0.021	0.000
0.200	-5.000	0.201	0.021	0.000
0.200	-5.000	0.201	0.021	0.000
0.200	-5.000	0.201	0.021	0.000
0.200	-5.000	0.202	0.053	0.000
0.200	-5.000	0.202	0.053	0.000
0.200	-5.000	0.202	0.053	0.000
0.200	-5.000	0.201	0.021	0.000
0.200	-5.000	0.201	0.021	0.000
0.200	-5.000	0.202	0.053	0.000
0.200	-5.000	0.201	0.021	0.000
0.200	-5.000	0.201	0.021	0.000
0.200	-5.000	0.201	0.021	0.000
0.200	-5.000	0.202	0.053	0.000
0.200	-5.000	0.202	0.053	0.000
0.200	-5.000	0.202	0.053	0.000
0.200	-5.000	0.201	0.021	0.000
0.200	-5.000	0.202	0.053	0.000
0.200	-5.000	0.202	0.053	0.000
0.200	-5.000	0.201	0.021	0.000
0.200	-5.000	0.201	0.021	0.000
0.200	-5.000	0.201	0.021	0.000
0.200	-5.000	0.202	0.053	0.000
0.200	-5.000	0.201	0.021	0.000
0.200	-5.000	0.202	0.053	0.000
0.200	-5.000	0.201	0.021	0.000
0.200	-5.000	0.201	0.021	0.000
0.200	-5.000	0.201	0.021	0.000
0.200	-5.000	0.202	0.053	0.000
0.200	-5.000	0.201	0.021	0.000
0.200	-5.000	0.202	0.053	0.000
0.200	-5.000	0.201	0.021	0.000
0.200	-5.000	0.201	0.021	0.000
0.200	-5.000	0.201	0.021	0.000
0.200	-5.000	0.202	0.053	0.000
0.200	-5.000	0.199	-0.012	0.000
0.200	-5.000	0.201	0.021	0.000
0.200	-5.000	0.202	0.053	0.000
0.200	-5.000	0.201	0.021	0.000
0.200	-5.000	0.201	0.021	0.000
0.200	-5.000	0.201	0.021	0.000
0.200	-5.000	0.202	0.053	0.000
0.200	-5.000	0.201	0.021	0.000
0.200	-5.000	0.201	0.021	0.000
0.200	-5.000	0.201	0.021	0.000
0.200	-5.000	0.202	0.053	0.000
0.200	-5.000	0.201	0.021	0.000
0.200	-5.000	0.201	0.021	0.000
0.200	-5.000	0.201	0.021	0.000
0.200	-5.000	0.202	0.053	0.000
0.200	-5.000	0.202	0.053	0.000
0.200	-5.000	0.201	0.021	0.000
0.200	-5.000	0.201	0.021	0.000
0.200	-5.000	0.201	0.021	0.000
0.200	-5.000	0.201	0.021	0.000
0.200	-5.000	0.201	0.021	0.000
0.200	-5.000	0.199	-0.012	0.000
0.200	-5.000	0.201	0.021	0.000
0.200	-5.000	0.201	0.021	0.000
0.200	-5.000	0.201	0.021	0.000
0.200	-5.000	0.201	0.021	0.000
0.200	-5.000	0.201	0.021	0.000
0.200	-5.000	0.201	0.021	0.000
0.200	-5.000	0.201	0.021	0.000
0.200	-5.000	0.202	0.053	0.000
0.200	-5.000	0.202	0.053	0.000
0.200	-5.000	0.202	0.053	0.000
0.200	-5.000	0.201	0.021	0.000
0.200	-5.000	0.199	-0.012	0.000
0.200	-5.000	0.202	0.053	0.000
0.200	-5.000	0.201	0.021	0.000
0.200	-5.000	0.201	0.021	0.000
0.200	-5.000	0.201	0.021	0.000
0.200	-5.000	0.201	0.021	0.000
0.200	-5.000	0.201	0.021	0.000
0.200	-5.000	0.201	0.021	0.000
0.200	-5.000	0.201	0.021	0.000
0.200	-5.000	0.201	0.021	0.000
0.200	-5.000	0.202	0.053	0.000
0.200	-5.000	0.201	0.021	0.000
0.200	-5.000	0.201	0.021	0.000
0.200	-5.000	0.201	0.021	0.000
0.200	-5.000	0.201	0.021	0.000
0.200	-5.000	0.201	0.021	0.000
0.200	-5.000	0.201	0.021	0.000
0.200	-5.000	0.202	0.053	0.000
0.200	-5.000	0.202	0.053	0.000
0.200	-5.000	0.202	0.053	0.000
0.200	-5.000	0.201	0.021	0.000
0.200	-5.000	0.201	0.021	0.000
0.200	-5.000	0.202	0.053	0.000
0.200	-5.000	0.201	0.021	0.000
0.200	-5.000	0.202	0.053	0.000
0.200	-5.000	0.201	0.021	0.000
0.200	-5.000	0.202	0.053	0.000
0.200	-5.000	0.201	0.021	0.000
0.200	-5.000	0.201	0.021	0.000
0.200	-5.000	0.199	-0.012	0.000
0.200	-5.000	0.201	0.021	0.000
0.200	-5.000	0.201	0.021	0.000
0.200	-5.000	0.201	0.021	0.000
0.200	-5.000	0.201	0.021	0.000
0.200	-5.000	0.202	0.053	0.000
0.200	-5.000	0.201	0.021	0.000
0.200	-5.000	0.202	0.053	0.000
0.200	-5.000	0.202	0.053	0.000
0.200	-5.000	0.202	0.053	0.000
0.200	-5.000	0.202	0.053	0.000
0.200	-5.000	0.201	0.021	0.000
0.200	-5.000	0.202	0.053	0.000
0.200	-5.000	0.202	0.053	0.000
0.200	-5.000	0.202	0.053	0.000
0.200	-5.000	0.202	0.053	0.000
0.200	-5.000	0.202	0.053	0.000
0.200	-5.000	0.201	0.021	0.000
0.200	-5.000	0.202	0.053	0.000
0.200	-5.000	0.201	0.021	0.000
0.200	-5.000	0.202	0.053	0.000
0.200	-5.000	0.202	0.053	0.000
0.200	-5.000	0.201	0.021	0.000
0.200	-5.000	0.201	0.021	0.000
0.200	-5.000	0.201	0.021	0.000
0.200	-5.000	0.202	0.053	0.000
0.200	-5.000	0.201	0.021	0.000
0.200	-5.000	0.201	0.021	0.000
0.200	-5.000	0.201	0.021	0.000
0.200	-5.000	0.201	0.021	0.000
0.200	-5.000	0.201	0.021	0.000
0.200	-5.000	0.201	0.021	0.000
0.200	-5.000	0.202	0.053	0.000
0.200	-5.000	0.202	0.053	0.000
0.200	-5.000	0.201	0.021	0.000
0.200	-5.000	0.202	0.053	0.000
0.200	-5.000	0.201	0.021	0.000
0.200	-5.000	0.201	0.021	0.000
0.200	-5.000	0.199	-0.012	0.000
0.200	-5.000	0.201	0.021	0.000
0.200	-5.000	0.201	0.021	0.000
0.200	-5.000	0.199	-0.012	0.000
0.200	-5.000	0.201	0.021	0.000
0.200	-5.000	0.202	0.053	0.000
0.200	-5.000	0.201	0.021	0.000
0.200	-5.000	0.201	0.021	0.000
0.200	-5.000	0.201	0.021	0.000
0.200	-5.000	0.201	0.021	0.000
0.200	-5.000	0.202	0.053	0.000
0.200	-5.000	0.201	0.021	0.000
0.200	-5.000	0.201	0.021	0.000
0.200	-5.000	0.201	0.021	0.000
0.200	-5.000	0.199	-0.012	0.000
0.200	-5.000	0.201	0.021	0.000
0.200	-5.000	0.201	0.021	0.000
0.200	-5.000	0.201	0.021	0.000
0.200	-5.000	0.201	0.021	0.000
0.200	-5.000	0.201	0.021	0.000
0.200	-5.000	0.202	0.053	0.000
0.200	-5.000	0.202	0.053	0.000
0.200	-5.000	0.204	0.086	0.000
0.200	-5.000	0.201	0.021	0.000
0.200	-5.000	0.201	0.021	0.000
0.200	-5.000	0.201	0.021	0.000
0.200	-5.000	0.202	0.053	0.000
0.200	-5.000	0.199	-0.012	0.000
0.200	-5.000	0.202	0.053	0.000
0.200	-5.000	0.201	0.021	0.000
0.200	-5.000	0.201	0.021	0.000
0.200	-5.000	0.202	0.053	0.000
0.200	-5.000	0.201	0.021	0.000
0.200	-5.000	0.202	0.053	0.000
0.200	-5.000	0.201	0.021	0.000
0.200	-5.000	0.201	0.021	0.000
0.200	-5.000	0.201	0.021	0.000
0.200	-5.000	0.201	0.021	0.000
0.200	-5.000	0.201	0.021	0.000
0.200	-5.000	0.202	0.053	0.000
0.200	-5.000	0.201	0.021	0.000
0.200	-5.000	0.201	0.021	0.000
0.200	-5.000	0.201	0.021	0.000
0.200	-5.000	0.201	0.021	0.000
0.200	-5.000	0.201	0.021	0.000
0.200	-5.000	0.201	0.021	0.000
0.200	-5.000	0.201	0.021	0.000
0.200	-5.000	0.202	0.053	0.000
0.200	-5.000	0.202	0.053	0.000
0.200	-5.000	0.201	0.021	0.000
0.200	-5.000	0.202	0.053	0.000
0.200	-5.000	0.201	0.021	0.000
0.200	-5.000	0.201	0.021	0.000
0.200	-5.000	0.202	0.053	0.000
0.200	-5.000	0.201	0.021	0.000
0.200	-5.000	0.199	-0.012	0.000
0.200	-5.000	0.201	0.021	0.000
0.200	-5.000	0.201	0.021	0.000
0.200	-5.000	0.201	0.021	0.000
0.200	-5.000	0.202	0.053	0.000
0.200	-5.000	0.202	0.053	0.000
0.200	-5.000	0.201	0.021	0.000
0.200	-5.000	0.201	0.021	0.000
0.200	-5.000	0.202	0.053	0.000
0.200	-5.000	0.201	0.021	0.000
0.200	-5.000	0.204	0.086	0.000
0.200	-5.000	0.202	0.053	0.000
0.200	-5.000	0.199	-0.012	0.000
0.200	-5.000	0.202	0.053	0.000
0.200	-5.000	0.202	0.053	0.000
0.200	-5.000	0.201	0.021	0.000
0.200	-5.000	0.201	0.021	0.000
0.200	-5.000	0.201	0.021	0.000
0.200	-5.000	0.201	0.021	0.000
0.200	-5.000	0.202	0.053	0.000
0.200	-5.000	0.202	0.053	0.000
0.200	-5.000	0.202	0.053	0.000
0.200	-5.000	0.201	0.021	0.000
0.200	-5.000	0.202	0.053	0.000
0.200	-5.000	0.201	0.021	0.000
0.200	-5.000	0.199	-0.012	0.000
0.200	-5.000	0.201	0.021	0.000
0.200	-5.000	0.201	0.021	0.000
0.200	-5.000	0.201	0.021	0.000
0.200	-5.000	0.201	0.021	0.000
0.200	-5.000	0.201	0.021	0.000
0.200	-5.000	0.202	0.053	0.000
0.200	-5.000	0.202	0.053	0.000
0.200	-5.000	0.201	0.021	0.000
0.200	-5.000	0.201	0.021	0.000
0.200	-5.000	0.201	0.021	0.000
0.200	-5.000	0.201	0.021	0.000
0.200	-5.000	0.201	0.021	0.000
0.200	-5.000	0.202	0.053	0.000
0.200	-5.000	0.199	-0.012	0.000
0.200	-5.000	0.202	0.053	0.000
0.200	-5.000	0.201	0.021	0.000
0.200	-5.000	0.202	0.053	0.000
0.200	-5.000	0.202	0.053	0.000
0.200	-5.000	0.201	0.021	0.000
0.200	-5.000	0.201	0.021	0.000
0.200	-5.000	0.201	0.021	0.000
0.200	-5.000	0.201	0.021	0.000
0.200	-5.000	0.201	0.021	0.000
0.200	-5.000	0.201	0.021	0.000
0.200	-5.000	0.201	0.021	0.000
0.200	-5.000	0.202	0.053	0.000
0.200	-5.000	0.201	0.021	0.000
0.200	-5.000	0.201	0.021	0.000
0.200	-5.000	0.201	0.021	0.000
0.200	-5.000	0.201	0.021	0.000
0.200	-5.000	0.201	0.021	0.000
0.200	-5.000	0.201	0.021	0.000
0.200	-5.000	0.201	0.021	0.000
0.200	-5.000	0.202	0.053	0.000
0.200	-5.000	0.202	0.053	0.000
0.200	-5.000	0.201	0.021	0.000
0.200	-5.000	0.202	0.053	0.000
0.200	-5.000	0.202	0.053	0.000
0.200	-5.000	0.201	0.021	0.000
0.200	-5.000	0.201	0.021	0.000
0.200	-5.000	0.201	0.021	0.000
0.200	-5.000	0.199	-0.012	0.000
0.200	-5.000	0.202	0.053	0.000
0.200	-5.000	0.201	0.021	0.000
0.200	-5.000	0.201	0.021	0.000
0.200	-5.000	0.202	0.053	0.000
0.200	-5.000	0.202	0.053	0.000
0.200	-5.000	0.201	0.021	0.000
0.200	-5.000	0.202	0.053	0.000
0.200	-5.000	0.199	-0.012	0.000
0.200	-5.000	0.202	0.053	0.000
0.200	-5.000	0.201	0.021	0.000
0.200	-5.000	0.201	0.021	0.000
0.200	-5.000	0.202	0.053	0.000
0.200	-5.000	0.201	0.021	0.000
0.200	-5.000	0.201	0.021	0.000
0.200	-5.000	0.204	0.086	0.000
0.200	-5.000	0.201	0.021	0.000
0.200	-5.000	0.201	0.021	0.000
0.200	-5.000	0.201	0.021	0.000
0.200	-5.000	0.202	0.053	0.000
0.200	-5.000	0.202	0.053	0.000
0.200	-5.000	0.202	0.053	0.000
0.200	-5.000	0.201	0.021	0.000
0.200	-5.000	0.201	0.021	0.000
0.200	-5.000	0.202	0.053	0.000
0.200	-5.000	0.202	0.053	0.000
0.200	-5.000	0.201	0.021	0.000
0.200	-5.000	0.201	0.021	0.000
0.200	-5.000	0.201	0.021	0.000
0.200	-5.000	0.201	0.021	0.000
0.200	-5.000	0.201	0.021	0.000
0.200	-5.000	0.202	0.053	0.000
0.200	-5.000	0.201	0.021	0.000
0.200	-5.000	0.201	0.021	0.000
0.200	-5.000	0.202	0.053	0.000
0.200	-5.000	0.201	0.021	0.000
0.200	-5.000	0.201	0.021	0.000
0.200	-5.000	0.201	0.021	0.000
0.200	-5.000	0.201	0.021	0.000
0.200	-5.000	0.201	0.021	0.000
0.200	-5.000	0.201	0.021	0.000
0.200	-5.000	0.201	0.021	0.000
0.200	-5.000	0.199	-0.012	0.000
0.200	-5.000	0.201	0.021	0.000
0.200	-5.000	0.202	0.053	0.000
0.200	-5.000	0.201	0.021	0.000
0.200	-5.000	0.201	0.021	0.000
0.200	-5.000	0.202	0.053	0.000
0.200	-5.000	0.202	0.053	0.000
0.200	-5.000	0.202	0.053	0.000
0.200	-5.000	0.201	0.021	0.000
0.200	-5.000	0.202	0.053	0.000
0.200	-5.000	0.202	0.053	0.000
0.200	-5.000	0.201	0.021	0.000
0.200	-5.000	0.201	0.021	0.000
0.200	-5.000	0.202	0.053	0.000
0.200	-5.000	0.201	0.021	0.000
0.200	-5.000	0.202	0.053	0.000
0.200	-5.000	0.202	0.053	0.000
0.200	-5.000	0.201	0.021	0.000
0.200	-5.000	0.201	0.021	0.000
0.200	-5.000	0.201	0.021	0.000
0.200	-5.000	0.202	0.053	0.000
0.200	-5.000	0.202	0.053	0.000
0.200	-5.000	0.201	0.021	0.000
0.200	-5.000	0.201	0.021	0.000
0.200	-5.000	0.201	0.021	0.000
0.200	-5.000	0.201	0.021	0.000
0.200	-5.000	0.202	0.053	0.000
0.200	-5.000	0.201	0.021	0.000
0.200	-5.000	0.201	0.021	0.000
0.200	-5.000	0.201	0.021	0.000
0.200	-5.000	0.201	0.021	0.000
0.200	-5.000	0.201	0.021	0.000
0.200	-5.000	0.201	0.021	0.000
0.200	-5.000	0.201	0.021	0.000
0.200	-5.000	0.201	0.021	0.000
0.200	-5.000	0.202	0.053	0.000
0.200	-5.000	0.201	0.021	0.000
0.200	-5.000	0.201	0.021	0.000
0.200	-5.000	0.202	0.053	0.000
0.200	-5.000	0.201	0.021	0.000
0.200	-5.000	0.201	0.021	0.000
0.200	-5.000	0.202	0.053	0.000
0.200	-5.000	0.202	0.053	0.000
0.200	-5.000	0.201	0.021	0.000
0.200	-5.000	0.201	0.021	0.000
0.200	-5.000	0.201	0.021	0.000
0.200	-5.000	0.199	-0.012	0.000
0.200	-5.000	0.201	0.021	0.000
0.200	-5.000	0.202	0.053	0.000
0.200	-5.000	0.201	0.021	0.000
0.200	-5.000	0.201	0.021	0.000
0.200	-5.000	0.199	-0.012	0.000
0.200	-5.000	0.199	-0.012	0.000
0.200	-5.000	0.201	0.021	0.000
0.200	-5.000	0.201	0.021	0.000
0.200	-5.000	0.201	0.021	0.000
0.200	-5.000	0.199	-0.012	0.000
0.200	-5.000	0.199	-0.012	0.000
0.200	-5.000	0.202	0.053	0.000
0.200	-5.000	0.201	0.021	0.000
0.200	-5.000	0.201	0.021	0.000
0.200	-5.000	0.199	-0.012	0.000
0.200	-5.000	0.201	0.021	0.000
0.200	-5.000	0.202	0.053	0.000
0.200	-5.000	0.201	0.021	0.000
0.200	-5.000	0.199	-0.012	0.000
0.200	-5.000	0.202	0.053	0.000
0.200	-5.000	0.201	0.021	0.000
0.200	-5.000	0.199	-0.012	0.000
0.200	-5.000	0.201	0.021	0.000
0.200	-5.000	0.201	0.021	0.000
0.200	-5.000	0.201	0.021	0.000
0.200	-5.000	0.199	-0.012	0.000
0.200	-5.000	0.202	0.053	0.000
0.200	-5.000	0.199	-0.012	0.000
0.200	-5.000	0.199	-0.012	0.000
0.200	-5.000	0.201	0.021	0.000
0.200	-5.000	0.199	-0.012	0.000
0.200	-5.000	0.201	0.021	0.000
0.200	-5.000	0.204	0.086	0.000
0.200	-5.000	0.201	0.021	0.000
0.200	-5.000	0.201	0.021	0.000
0.200	-5.000	0.201	0.021	0.000
0.200	-5.000	0.201	0.021	0.000
0.200	-5.000	0.201	0.021	0.000
0.200	-5.000	0.199	-0.012	0.000
0.200	-5.000	0.199	-0.012	0.000
0.200	-5.000	0.201	0.021	0.000
0.200	-5.000	0.199	-0.012	0.000
0.200	-5.000	0.201	0.021	0.000
0.200	-5.000	0.199	-0.012	0.000
0.200	-5.000	0.204	0.086	0.000
0.200	-5.000	0.199	-0.012	0.000
0.200	-5.000	0.202	0.053	0.000
0.200	-5.000	0.199	-0.012	0.000
0.200	-5.000	0.201	0.021	0.000
0.200	-5.000	0.199	-0.012	0.000
0.200	-5.000	0.201	0.021	0.000
0.200	-5.000	0.201	0.021	0.000
0.200	-5.000	0.202	0.053	0.000
0.200	-5.000	0.204	0.086	0.000
0.200	-5.000	0.202	0.053	0.000
0.200	-5.000	0.201	0.021	0.000
0.200	-5.000	0.199	-0.012	0.000
0.200	-5.000	0.201	0.021	0.000
0.200	-5.000	0.201	0.021	0.000
0.200	-5.000	0.199	-0.012	0.000
0.200	-5.000	0.202	0.053	0.000
0.200	-5.000	0.201	0.021	0.000
0.200	-5.000	0.201	0.021	0.000
0.200	-5.000	0.199	-0.012	0.000
0.200	-5.000	0.202	0.053	0.000
0.200	-5.000	0.202	0.053	0.000
0.200	-5.000	0.199	-0.012	0.000
0.200	-5.000	0.201	0.021	0.000
0.200	-5.000	0.199	-0.012	0.000
0.200	-5.000	0.201	0.021	0.000
0.200	-5.000	0.202	0.053	0.000
0.200	-5.000	0.202	0.053	0.000
0.200	-5.000	0.201	0.021	0.000
0.200	-5.000	0.202	0.053	0.000
0.200	-5.000	0.201	0.021	0.000
0.200	-5.000	0.202	0.053	0.000
0.200	-5.000	0.202	0.053	0.000
0.200	-5.000	0.202	0.053	0.000
0.200	-5.000	0.201	0.021	0.000
0.200	-5.000	0.199	-0.012	0.000
0.200	-5.000	0.202	0.053	0.000
0.200	-5.000	0.202	0.053	0.000
0.200	-5.000	0.202	0.053	0.000
0.200	-5.000	0.199	-0.012	0.000
0.200	-5.000	0.201	0.021	0.000
0.200	-5.000	0.202	0.053	0.000
0.200	-5.000	0.202	0.053	0.000
0.200	-5.000	0.202	0.053	0.000
