ref	v	theta	v	ball
0.100	-5.000	-0.000	0.000	0.000
0.100	-5.000	-0.000	0.000	0.000
0.100	-5.000	0.001	0.000	0.000
0.100	-5.000	-0.000	-4.004	0.000
0.100	-5.000	-0.005	-4.182	0.000
0.100	-5.000	-0.005	-4.182	0.000
0.100	-5.000	-0.003	-4.123	0.000
0.100	-5.000	-0.005	-4.182	0.000
0.100	-5.000	-0.003	-4.123	0.000
0.100	-5.000	-0.002	-4.064	0.000
0.100	-5.000	-0.005	-4.182	0.000
0.100	-5.000	-0.005	-4.182	0.000
0.100	-5.000	-0.002	-4.064	0.000
0.100	-5.000	0.004	-3.827	0.000
0.100	-5.000	0.004	-3.827	0.000
0.100	-5.000	0.007	-3.709	0.000
0.100	-5.000	0.009	-3.650	0.000
0.100	-5.000	0.013	-3.472	0.000
0.100	-5.000	0.018	-3.295	0.000
0.100	-5.000	0.019	-3.236	0.000
0.100	-5.000	0.024	-3.058	0.000
0.100	-5.000	0.028	-2.881	0.000
0.100	-5.000	0.029	-2.822	0.000
0.100	-5.000	0.034	-2.644	0.000
0.100	-5.000	0.038	-2.467	0.000
0.100	-5.000	0.043	-2.290	0.000
0.100	-5.000	0.046	-2.171	0.000
0.100	-5.000	0.050	-1.994	0.000
0.100	-5.000	0.055	-1.816	0.000
0.100	-5.000	0.058	-1.698	0.000
0.100	-5.000	0.063	-1.462	0.000
0.100	-5.000	0.066	-1.343	0.000
0.100	-5.000	0.069	-1.225	0.000
0.100	-5.000	0.074	-1.048	0.000
0.100	-5.000	0.078	-0.870	0.000
0.100	-5.000	0.081	-0.752	0.000
0.100	-5.000	0.086	-0.575	0.000
0.100	-5.000	0.090	-0.397	0.000
0.100	-5.000	0.093	-0.279	0.000
0.100	-5.000	0.096	-0.161	0.000
0.100	-5.000	0.099	-0.042	0.000
0.100	-5.000	0.103	0.135	0.000
0.100	-5.000	0.105	0.194	0.000
0.100	-5.000	0.109	0.372	0.000
0.100	-5.000	0.114	0.549	0.000
0.100	-5.000	0.115	0.608	0.000
0.100	-5.000	0.117	0.667	0.000
0.100	-5.000	0.120	0.786	0.000
0.100	-5.000	0.120	0.786	0.000
0.100	-5.000	0.124	0.963	0.000
0.100	-5.000	0.124	0.963	0.000
0.100	-5.000	0.124	0.963	0.000
0.100	-5.000	0.126	1.022	0.000
0.100	-5.000	0.129	1.140	0.000
0.100	-5.000	0.129	1.140	0.000
0.100	-5.000	0.127	1.081	0.000
0.100	-5.000	0.129	1.140	0.000
0.100	-5.000	0.129	1.140	0.000
0.100	-5.000	0.129	1.140	0.000
0.100	-5.000	0.130	1.199	0.000
0.100	-5.000	0.131	1.259	0.000
0.100	-5.000	0.130	1.199	0.000
0.100	-5.000	0.129	1.140	0.000
0.100	-5.000	0.131	1.259	0.000
0.100	-5.000	0.129	1.140	0.000
0.100	-5.000	0.129	1.140	0.000
0.100	-5.000	0.130	1.199	0.000
0.100	-5.000	0.129	1.140	0.000
0.100	-5.000	0.130	1.199	0.000
0.100	-5.000	0.129	1.140	0.000
0.100	-5.000	0.129	1.140	0.000
0.100	-5.000	0.126	1.022	0.000
0.100	-5.000	0.124	0.963	0.000
0.100	-5.000	0.124	0.963	0.000
0.100	-5.000	0.126	1.022	0.000
0.100	-5.000	0.120	0.786	0.000
0.100	-5.000	0.123	0.904	0.000
0.100	-5.000	0.120	0.786	0.000
0.100	-5.000	0.120	0.786	0.000
0.100	-5.000	0.118	0.726	0.000
0.100	-5.000	0.118	0.726	0.000
0.100	-5.000	0.115	0.608	0.000
0.100	-5.000	0.117	0.667	0.000
0.100	-5.000	0.114	0.549	0.000
0.100	-5.000	0.114	0.549	0.000
0.100	-5.000	0.112	0.490	0.000
0.100	-5.000	0.112	0.490	0.000
0.100	-5.000	0.109	0.372	0.000
0.100	-5.000	0.108	0.312	0.000
0.100	-5.000	0.108	0.312	0.000
0.100	-5.000	0.108	0.312	0.000
0.100	-5.000	0.106	0.253	0.000
0.100	-5.000	0.103	0.135	0.000
0.100	-5.000	0.103	0.135	0.000
0.100	-5.000	0.105	0.194	0.000
0.100	-5.000	0.102	0.076	0.000
0.100	-5.000	0.102	0.076	0.000
0.100	-5.000	0.100	0.017	0.000
0.100	-5.000	0.102	0.076	0.000
0.100	-5.000	0.099	-0.042	0.000
0.100	-5.000	0.099	-0.042	0.000
0.100	-5.000	0.099	-0.042	0.000
0.100	-5.000	0.096	-0.161	0.000
0.100	-5.000	0.093	-0.279	0.000
0.100	-5.000	0.096	-0.161	0.000
0.100	-5.000	0.093	-0.279	0.000
0.100	-5.000	0.093	-0.279	0.000
0.100	-5.000	0.096	-0.161	0.000
0.100	-5.000	0.095	-0.220	0.000
0.100	-5.000	0.093	-0.279	0.000
0.100	-5.000	0.093	-0.279	0.000
0.100	-5.000	0.093	-0.279	0.000
0.100	-5.000	0.093	-0.279	0.000
0.100	-5.000	0.093	-0.279	0.000
0.100	-5.000	0.093	-0.279	0.000
0.100	-5.000	0.093	-0.279	0.000
0.100	-5.000	0.093	-0.279	0.000
0.100	-5.000	0.093	-0.279	0.000
0.100	-5.000	0.093	-0.279	0.000
0.100	-5.000	0.093	-0.279	0.000
0.100	-5.000	0.093	-0.279	0.000
0.100	-5.000	0.093	-0.279	0.000
0.100	-5.000	0.093	-0.279	0.000
0.100	-5.000	0.093	-0.279	0.000
0.100	-5.000	0.093	-0.279	0.000
0.100	-5.000	0.095	-0.220	0.000
0.100	-5.000	0.093	-0.279	0.000
0.100	-5.000	0.093	-0.279	0.000
0.100	-5.000	0.093	-0.279	0.000
0.100	-5.000	0.093	-0.279	0.000
0.100	-5.000	0.093	-0.279	0.000
0.100	-5.000	0.093	-0.279	0.000
0.100	-5.000	0.093	-0.279	0.000
0.100	-5.000	0.092	-0.338	0.000
0.100	-5.000	0.093	-0.279	0.000
0.100	-5.000	0.093	-0.279	0.000
0.100	-5.000	0.093	-0.279	0.000
0.100	-5.000	0.093	-0.279	0.000
0.100	-5.000	0.093	-0.279	0.000
0.100	-5.000	0.093	-0.279	0.000
0.100	-5.000	0.093	-0.279	0.000
0.100	-5.000	0.095	-0.220	0.000
0.100	-5.000	0.093	-0.279	0.000
0.100	-5.000	0.093	-0.279	0.000
0.100	-5.000	0.093	-0.279	0.000
0.100	-5.000	0.093	-0.279	0.000
0.100	-5.000	0.095	-0.220	0.000
0.100	-5.000	0.092	-0.338	0.000
0.100	-5.000	0.093	-0.279	0.000
0.100	-5.000	0.093	-0.279	0.000
0.100	-5.000	0.093	-0.279	0.000
0.100	-5.000	0.093	-0.279	0.000
0.100	-5.000	0.093	-0.279	0.000
0.100	-5.000	0.093	-0.279	0.000
0.100	-5.000	0.096	-0.161	0.000
0.100	-5.000	0.095	-0.220	0.000
0.100	-5.000	0.096	-0.161	0.000
0.100	-5.000	0.096	-0.161	0.000
0.100	-5.000	0.097	-0.101	0.000
0.100	-5.000	0.097	-0.101	0.000
0.100	-5.000	0.096	-0.161	0.000
0.100	-5.000	0.099	-0.042	0.000
0.100	-5.000	0.096	-0.161	0.000
0.100	-5.000	0.099	-0.042	0.000
0.100	-5.000	0.099	-0.042	0.000
0.100	-5.000	0.100	0.017	0.000
0.100	-5.000	0.097	-0.101	0.000
0.100	-5.000	0.097	-0.101	0.000
0.100	-5.000	0.099	-0.042	0.000
0.100	-5.000	0.099	-0.042	0.000
0.100	-5.000	0.100	0.017	0.000
0.100	-5.000	0.099	-0.042	0.000
0.100	-5.000	0.099	-0.042	0.000
0.100	-5.000	0.102	0.076	0.000
0.100	-5.000	0.100	0.017	0.000
0.100	-5.000	0.100	0.017	0.000
0.100	-5.000	0.100	0.017	0.000
0.100	-5.000	0.100	0.017	0.000
0.100	-5.000	0.102	0.076	0.000
0.100	-5.000	0.102	0.076	0.000
0.100	-5.000	0.102	0.076	0.000
0.100	-5.000	0.100	0.017	0.000
0.100	-5.000	0.100	0.017	0.000
0.100	-5.000	0.102	0.076	0.000
0.100	-5.000	0.102	0.076	0.000
0.100	-5.000	0.102	0.076	0.000
0.100	-5.000	0.102	0.076	0.000
0.100	-5.000	0.100	0.017	0.000
0.100	-5.000	0.100	0.017	0.000
0.100	-5.000	0.102	0.076	0.000
0.100	-5.000	0.102	0.076	0.000
0.100	-5.000	0.102	0.076	0.000
0.100	-5.000	0.102	0.076	0.000
0.100	-5.000	0.100	0.017	0.000
0.100	-5.000	0.100	0.017	0.000
0.100	-5.000	0.102	0.076	0.000
0.100	-5.000	0.099	-0.042	0.000
0.100	-5.000	0.103	0.135	0.000
0.100	-5.000	0.102	0.076	0.000
0.100	-5.000	0.103	0.135	0.000
0.100	-5.000	0.100	0.017	0.000
0.100	-5.000	0.100	0.017	0.000
0.100	-5.000	0.100	0.017	0.000
0.100	-5.000	0.102	0.076	0.000
0.100	-5.000	0.102	0.076	0.000
0.100	-5.000	0.102	0.076	0.000
0.100	-5.000	0.102	0.076	0.000
0.100	-5.000	0.102	0.076	0.000
0.100	-5.000	0.102	0.076	0.000
0.100	-5.000	0.102	0.076	0.000
0.100	-5.000	0.102	0.076	0.000
0.100	-5.000	0.102	0.076	0.000
0.100	-5.000	0.099	-0.042	0.000
0.100	-5.000	0.100	0.017	0.000
0.100	-5.000	0.102	0.076	0.000
0.100	-5.000	0.102	0.076	0.000
0.100	-5.000	0.102	0.076	0.000
0.100	-5.000	0.102	0.076	0.000
0.100	-5.000	0.100	0.017	0.000
0.100	-5.000	0.102	0.076	0.000
0.100	-5.000	0.102	0.076	0.000
0.100	-5.000	0.102	0.076	0.000
0.100	-5.000	0.102	0.076	0.000
0.100	-5.000	0.102	0.076	0.000
0.100	-5.000	0.102	0.076	0.000
0.100	-5.000	0.102	0.076	0.000
0.100	-5.000	0.102	0.076	0.000
0.100	-5.000	0.102	0.076	0.000
0.100	-5.000	0.102	0.076	0.000
0.100	-5.000	0.102	0.076	0.000
0.100	-5.000	0.102	0.076	0.000
0.100	-5.000	0.102	0.076	0.000
0.100	-5.000	0.102	0.076	0.000
0.100	-5.000	0.099	-0.042	0.000
0.100	-5.000	0.102	0.076	0.000
0.100	-5.000	0.102	0.076	0.000
0.100	-5.000	0.100	0.017	0.000
0.100	-5.000	0.102	0.076	0.000
0.100	-5.000	0.102	0.076	0.000
0.100	-5.000	0.100	0.017	0.000
0.100	-5.000	0.102	0.076	0.000
0.100	-5.000	0.102	0.076	0.000
0.100	-5.000	0.102	0.076	0.000
0.100	-5.000	0.102	0.076	0.000
0.100	-5.000	0.102	0.076	0.000
0.100	-5.000	0.102	0.076	0.000
0.100	-5.000	0.102	0.076	0.000
0.100	-5.000	0.102	0.076	0.000
0.100	-5.000	0.102	0.076	0.000
0.100	-5.000	0.102	0.076	0.000
0.100	-5.000	0.102	0.076	0.000
0.100	-5.000	0.100	0.017	0.000
0.100	-5.000	0.102	0.076	0.000
0.100	-5.000	0.102	0.076	0.000
0.100	-5.000	0.100	0.017	0.000
0.100	-5.000	0.100	0.017	0.000
0.100	-5.000	0.100	0.017	0.000
0.100	-5.000	0.100	0.017	0.000
0.100	-5.000	0.100	0.017	0.000
0.100	-5.000	0.102	0.076	0.000
0.100	-5.000	0.100	0.017	0.000
0.100	-5.000	0.102	0.076	0.000
0.100	-5.000	0.099	-0.042	0.000
0.100	-5.000	0.102	0.076	0.000
0.100	-5.000	0.102	0.076	0.000
0.100	-5.000	0.102	0.076	0.000
0.100	-5.000	0.102	0.076	0.000
0.100	-5.000	0.102	0.076	0.000
0.100	-5.000	0.102	0.076	0.000
0.100	-5.000	0.102	0.076	0.000
0.100	-5.000	0.103	0.135	0.000
0.100	-5.000	0.100	0.017	0.000
0.100	-5.000	0.100	0.017	0.000
0.100	-5.000	0.102	0.076	0.000
0.100	-5.000	0.102	0.076	0.000
0.100	-5.000	0.100	0.017	0.000
0.100	-5.000	0.102	0.076	0.000
0.100	-5.000	0.102	0.076	0.000
0.100	-5.000	0.099	-0.042	0.000
0.100	-5.000	0.102	0.076	0.000
0.100	-5.000	0.100	0.017	0.000
0.100	-5.000	0.100	0.017	0.000
0.100	-5.000	0.102	0.076	0.000
0.100	-5.000	0.102	0.076	0.000
0.100	-5.000	0.102	0.076	0.000
0.100	-5.000	0.102	0.076	0.000
0.100	-5.000	0.100	0.017	0.000
0.100	-5.000	0.100	0.017	0.000
0.100	-5.000	0.102	0.076	0.000
0.100	-5.000	0.102	0.076	0.000
0.100	-5.000	0.102	0.076	0.000
0.100	-5.000	0.100	0.017	0.000
0.100	-5.000	0.099	-0.042	0.000
0.100	-5.000	0.102	0.076	0.000
0.100	-5.000	0.102	0.076	0.000
0.100	-5.000	0.100	0.017	0.000
0.100	-5.000	0.102	0.076	0.000
0.100	-5.000	0.102	0.076	0.000
0.100	-5.000	0.102	0.076	0.000
0.100	-5.000	0.100	0.017	0.000
0.100	-5.000	0.102	0.076	0.000
0.100	-5.000	0.102	0.076	0.000
0.100	-5.000	0.100	0.017	0.000
0.100	-5.000	0.103	0.135	0.000
0.100	-5.000	0.100	0.017	0.000
0.100	-5.000	0.102	0.076	0.000
0.100	-5.000	0.102	0.076	0.000
0.100	-5.000	0.103	0.135	0.000
0.100	-5.000	0.102	0.076	0.000
0.100	-5.000	0.102	0.076	0.000
0.100	-5.000	0.102	0.076	0.000
0.100	-5.000	0.103	0.135	0.000
0.100	-5.000	0.102	0.076	0.000
0.100	-5.000	0.102	0.076	0.000
0.100	-5.000	0.102	0.076	0.000
0.100	-5.000	0.102	0.076	0.000
0.100	-5.000	0.102	0.076	0.000
0.100	-5.000	0.102	0.076	0.000
0.100	-5.000	0.103	0.135	0.000
0.100	-5.000	0.102	0.076	0.000
0.100	-5.000	0.103	0.135	0.000
0.100	-5.000	0.102	0.076	0.000
0.100	-5.000	0.102	0.076	0.000
0.100	-5.000	0.100	0.017	0.000
0.100	-5.000	0.103	0.135	0.000
0.100	-5.000	0.102	0.076	0.000
0.100	-5.000	0.102	0.076	0.000
0.100	-5.000	0.102	0.076	0.000
0.100	-5.000	0.103	0.135	0.000
0.100	-5.000	0.102	0.076	0.000
0.100	-5.000	0.102	0.076	0.000
0.100	-5.000	0.103	0.135	0.000
0.100	-5.000	0.102	0.076	0.000
0.100	-5.000	0.102	0.076	0.000
0.100	-5.000	0.102	0.076	0.000
0.100	-5.000	0.102	0.076	0.000
0.100	-5.000	0.102	0.076	0.000
0.100	-5.000	0.102	0.076	0.000
0.100	-5.000	0.102	0.076	0.000
0.100	-5.000	0.102	0.076	0.000
0.100	-5.000	0.102	0.076	0.000
0.100	-5.000	0.102	0.076	0.000
0.100	-5.000	0.103	0.135	0.000
0.100	-5.000	0.100	0.017	0.000
0.100	-5.000	0.100	0.017	0.000
0.100	-5.000	0.100	0.017	0.000
0.100	-5.000	0.102	0.076	0.000
0.100	-5.000	0.102	0.076	0.000
0.100	-5.000	0.102	0.076	0.000
0.100	-5.000	0.100	0.017	0.000
0.100	-5.000	0.102	0.076	0.000
0.100	-5.000	0.102	0.076	0.000
0.100	-5.000	0.099	-0.042	0.000
0.100	-5.000	0.099	-0.042	0.000
0.100	-5.000	0.102	0.076	0.000
0.100	-5.000	0.100	0.017	0.000
0.100	-5.000	0.100	0.017	0.000
0.100	-5.000	0.100	0.017	0.000
0.100	-5.000	0.102	0.076	0.000
0.100	-5.000	0.102	0.076	0.000
0.100	-5.000	0.102	0.076	0.000
0.100	-5.000	0.099	-0.042	0.000
0.100	-5.000	0.100	0.017	0.000
0.100	-5.000	0.100	0.017	0.000
0.100	-5.000	0.102	0.076	0.000
0.100	-5.000	0.102	0.076	0.000
0.100	-5.000	0.102	0.076	0.000
0.100	-5.000	0.102	0.076	0.000
0.100	-5.000	0.102	0.076	0.000
0.100	-5.000	0.102	0.076	0.000
0.100	-5.000	0.100	0.017	0.000
0.100	-5.000	0.102	0.076	0.000
0.100	-5.000	0.100	0.017	0.000
0.100	-5.000	0.100	0.017	0.000
0.100	-5.000	0.102	0.076	0.000
0.100	-5.000	0.100	0.017	0.000
0.100	-5.000	0.100	0.017	0.000
0.100	-5.000	0.102	0.076	0.000
0.100	-5.000	0.100	0.017	0.000
0.100	-5.000	0.102	0.076	0.000
0.100	-5.000	0.099	-0.042	0.000
0.100	-5.000	0.102	0.076	0.000
0.100	-5.000	0.100	0.017	0.000
0.100	-5.000	0.100	0.017	0.000
0.100	-5.000	0.100	0.017	0.000
0.100	-5.000	0.100	0.017	0.000
0.100	-5.000	0.102	0.076	0.000
0.100	-5.000	0.102	0.076	0.000
0.100	-5.000	0.102	0.076	0.000
0.100	-5.000	0.102	0.076	0.000
0.100	-5.000	0.100	0.017	0.000
0.100	-5.000	0.102	0.076	0.000
0.100	-5.000	0.102	0.076	0.000
0.100	-5.000	0.102	0.076	0.000
0.100	-5.000	0.100	0.017	0.000
0.100	-5.000	0.102	0.076	0.000
0.100	-5.000	0.102	0.076	0.000
0.100	-5.000	0.102	0.076	0.000
0.100	-5.000	0.099	-0.042	0.000
0.100	-5.000	0.102	0.076	0.000
0.100	-5.000	0.100	0.017	0.000
0.100	-5.000	0.100	0.017	0.000
0.100	-5.000	0.102	0.076	0.000
0.100	-5.000	0.100	0.017	0.000
0.100	-5.000	0.099	-0.042	0.000
0.100	-5.000	0.102	0.076	0.000
0.100	-5.000	0.102	0.076	0.000
0.100	-5.000	0.102	0.076	0.000
0.100	-5.000	0.100	0.017	0.000
0.100	-5.000	0.100	0.017	0.000
0.100	-5.000	0.100	0.017	0.000
0.100	-5.000	0.102	0.076	0.000
0.100	-5.000	0.102	0.076	0.000
0.100	-5.000	0.099	-0.042	0.000
0.100	-5.000	0.100	0.017	0.000
0.100	-5.000	0.100	0.017	0.000
0.100	-5.000	0.099	-0.042	0.000
0.100	-5.000	0.100	0.017	0.000
0.100	-5.000	0.102	0.076	0.000
0.100	-5.000	0.102	0.076	0.000
0.100	-5.000	0.100	0.017	0.000
0.100	-5.000	0.102	0.076	0.000
0.100	-5.000	0.099	-0.042	0.000
0.100	-5.000	0.102	0.076	0.000
0.100	-5.000	0.100	0.017	0.000
0.100	-5.000	0.102	0.076	0.000
0.100	-5.000	0.100	0.017	0.000
0.100	-5.000	0.100	0.017	0.000
0.100	-5.000	0.102	0.076	0.000
0.100	-5.000	0.099	-0.042	0.000
0.100	-5.000	0.102	0.076	0.000
0.100	-5.000	0.102	0.076	0.000
0.100	-5.000	0.100	0.017	0.000
0.100	-5.000	0.102	0.076	0.000
0.100	-5.000	0.100	0.017	0.000
0.100	-5.000	0.102	0.076	0.000
0.100	-5.000	0.100	0.017	0.000
0.100	-5.000	0.099	-0.042	0.000
0.100	-5.000	0.102	0.076	0.000
0.100	-5.000	0.102	0.076	0.000
0.100	-5.000	0.100	0.017	0.000
0.100	-5.000	0.102	0.076	0.000
0.100	-5.000	0.102	0.076	0.000
0.100	-5.000	0.102	0.076	0.000
0.100	-5.000	0.102	0.076	0.000
0.100	-5.000	0.099	-0.042	0.000
0.100	-5.000	0.100	0.017	0.000
0.100	-5.000	0.102	0.076	0.000
0.100	-5.000	0.099	-0.042	0.000
0.100	-5.000	0.100	0.017	0.000
0.100	-5.000	0.100	0.017	0.000
0.100	-5.000	0.102	0.076	0.000
0.100	-5.000	0.100	0.017	0.000
0.100	-5.000	0.100	0.017	0.000
0.100	-5.000	0.100	0.017	0.000
0.100	-5.000	0.100	0.017	0.000
0.100	-5.000	0.100	0.017	0.000
0.100	-5.000	0.100	0.017	0.000
0.100	-5.000	0.102	0.076	0.000
0.100	-5.000	0.102	0.076	0.000
0.100	-5.000	0.102	0.076	0.000
0.100	-5.000	0.100	0.017	0.000
0.100	-5.000	0.103	0.135	0.000
0.100	-5.000	0.102	0.076	0.000
0.100	-5.000	0.102	0.076	0.000
0.100	-5.000	0.100	0.017	0.000
0.100	-5.000	0.100	0.017	0.000
0.100	-5.000	0.102	0.076	0.000
0.100	-5.000	0.102	0.076	0.000
0.100	-5.000	0.100	0.017	0.000
0.100	-5.000	0.100	0.017	0.000
0.100	-5.000	0.100	0.017	0.000
0.100	-5.000	0.100	0.017	0.000
0.100	-5.000	0.100	0.017	0.000
0.100	-5.000	0.100	0.017	0.000
0.100	-5.000	0.100	0.017	0.000
0.100	-5.000	0.100	0.017	0.000
0.100	-5.000	0.100	0.017	0.000
0.100	-5.000	0.099	-0.042	0.000
0.100	-5.000	0.102	0.076	0.000
0.100	-5.000	0.102	0.076	0.000
0.100	-5.000	0.102	0.076	0.000
0.100	-5.000	0.099	-0.042	0.000
0.100	-5.000	0.100	0.017	0.000
0.100	-5.000	0.102	0.076	0.000
0.100	-5.000	0.100	0.017	0.000
0.100	-5.000	0.099	-0.042	0.000
0.100	-5.000	0.102	0.076	0.000
0.100	-5.000	0.100	0.017	0.000
0.100	-5.000	0.100	0.017	0.000
0.100	-5.000	0.102	0.076	0.000
0.100	-5.000	0.100	0.017	0.000
0.100	-5.000	0.102	0.076	0.000
0.100	-5.000	0.102	0.076	0.000
0.100	-5.000	0.100	0.017	0.000
0.100	-5.000	0.102	0.076	0.000
0.100	-5.000	0.102	0.076	0.000
0.100	-5.000	0.100	0.017	0.000
0.100	-5.000	0.102	0.076	0.000
0.100	-5.000	0.099	-0.042	0.000
0.000	-5.000	0.102	4.076	0.000
0.000	-5.000	0.103	4.135	0.000
0.000	-5.000	0.102	4.076	0.000
0.000	-5.000	0.105	4.194	0.000
0.000	-5.000	0.102	4.076	0.000
0.000	-5.000	0.099	3.958	0.000
0.000	-5.000	0.099	3.958	0.000
0.000	-5.000	0.097	3.899	0.000
0.000	-5.000	0.093	3.721	0.000
0.000	-5.000	0.093	3.721	0.000
0.000	-5.000	0.092	3.662	0.000
0.000	-5.000	0.087	3.485	0.000
0.000	-5.000	0.084	3.366	0.000
0.000	-5.000	0.081	3.248	0.000
0.000	-5.000	0.078	3.130	0.000
0.000	-5.000	0.075	3.011	0.000
0.000	-5.000	0.069	2.775	0.000
0.000	-5.000	0.068	2.716	0.000
0.000	-5.000	0.065	2.598	0.000
0.000	-5.000	0.063	2.538	0.000
0.000	-5.000	0.058	2.302	0.000
0.000	-5.000	0.055	2.184	0.000
0.000	-5.000	0.052	2.065	0.000
0.000	-5.000	0.047	1.888	0.000
0.000	-5.000	0.043	1.710	0.000
0.000	-5.000	0.040	1.592	0.000
0.000	-5.000	0.035	1.415	0.000
0.000	-5.000	0.032	1.297	0.000
0.000	-5.000	0.031	1.237	0.000
0.000	-5.000	0.025	1.001	0.000
0.000	-5.000	0.024	0.942	0.000
0.000	-5.000	0.019	0.764	0.000
0.000	-5.000	0.018	0.705	0.000
0.000	-5.000	0.012	0.469	0.000
0.000	-5.000	0.009	0.350	0.000
0.000	-5.000	0.006	0.232	0.000
0.000	-5.000	0.004	0.173	0.000
0.000	-5.000	0.001	0.055	0.000
0.000	-5.000	-0.002	-0.064	0.000
0.000	-5.000	-0.005	-0.182	0.000
0.000	-5.000	-0.009	-0.359	0.000
0.000	-5.000	-0.010	-0.418	0.000
0.000	-5.000	-0.013	-0.537	0.000
0.000	-5.000	-0.015	-0.596	0.000
0.000	-5.000	-0.018	-0.714	0.000
0.000	-5.000	-0.021	-0.832	0.000
0.000	-5.000	-0.022	-0.891	0.000
0.000	-5.000	-0.025	-1.010	0.000
0.000	-5.000	-0.027	-1.069	0.000
0.000	-5.000	-0.027	-1.069	0.000
0.000	-5.000	-0.027	-1.069	0.000
0.000	-5.000	-0.031	-1.246	0.000
0.000	-5.000	-0.028	-1.128	0.000
0.000	-5.000	-0.031	-1.246	0.000
0.000	-5.000	-0.031	-1.246	0.000
0.000	-5.000	-0.028	-1.128	0.000
0.000	-5.000	-0.030	-1.187	0.000
0.000	-5.000	-0.030	-1.187	0.000
0.000	-5.000	-0.031	-1.246	0.000
0.000	-5.000	-0.028	-1.128	0.000
0.000	-5.000	-0.030	-1.187	0.000
0.000	-5.000	-0.030	-1.187	0.000
0.000	-5.000	-0.028	-1.128	0.000
0.000	-5.000	-0.028	-1.128	0.000
0.000	-5.000	-0.028	-1.128	0.000
0.000	-5.000	-0.027	-1.069	0.000
0.000	-5.000	-0.025	-1.010	0.000
0.000	-5.000	-0.025	-1.010	0.000
0.000	-5.000	-0.022	-0.891	0.000
0.000	-5.000	-0.022	-0.891	0.000
0.000	-5.000	-0.022	-0.891	0.000
0.000	-5.000	-0.021	-0.832	0.000
0.000	-5.000	-0.021	-0.832	0.000
0.000	-5.000	-0.018	-0.714	0.000
0.000	-5.000	-0.018	-0.714	0.000
0.000	-5.000	-0.019	-0.773	0.000
0.000	-5.000	-0.018	-0.714	0.000
0.000	-5.000	-0.016	-0.655	0.000
0.000	-5.000	-0.013	-0.537	0.000
0.000	-5.000	-0.013	-0.537	0.000
0.000	-5.000	-0.013	-0.537	0.000
0.000	-5.000	-0.012	-0.478	0.000
0.000	-5.000	-0.010	-0.418	0.000
0.000	-5.000	-0.008	-0.300	0.000
0.000	-5.000	-0.008	-0.300	0.000
0.000	-5.000	-0.006	-0.241	0.000
0.000	-5.000	-0.005	-0.182	0.000
0.000	-5.000	-0.005	-0.182	0.000
0.000	-5.000	-0.006	-0.241	0.000
0.000	-5.000	-0.003	-0.123	0.000
0.000	-5.000	-0.002	-0.064	0.000
0.000	-5.000	-0.002	-0.064	0.000
0.000	-5.000	-0.002	-0.064	0.000
0.000	-5.000	0.001	0.055	0.000
0.000	-5.000	0.001	0.055	0.000
0.000	-5.000	0.001	0.055	0.000
0.000	-5.000	0.001	0.055	0.000
0.000	-5.000	0.004	0.173	0.000
0.000	-5.000	0.004	0.173	0.000
0.000	-5.000	0.004	0.173	0.000
0.000	-5.000	0.004	0.173	0.000
0.000	-5.000	0.006	0.232	0.000
0.000	-5.000	0.007	0.291	0.000
0.000	-5.000	0.006	0.232	0.000
0.000	-5.000	0.004	0.173	0.000
0.000	-5.000	0.006	0.232	0.000
0.000	-5.000	0.004	0.173	0.000
0.000	-5.000	0.006	0.232	0.000
0.000	-5.000	0.007	0.291	0.000
0.000	-5.000	0.006	0.232	0.000
0.000	-5.000	0.007	0.291	0.000
0.000	-5.000	0.006	0.232	0.000
0.000	-5.000	0.004	0.173	0.000
0.000	-5.000	0.004	0.173	0.000
0.000	-5.000	0.007	0.291	0.000
0.000	-5.000	0.007	0.291	0.000
0.000	-5.000	0.004	0.173	0.000
0.000	-5.000	0.006	0.232	0.000
0.000	-5.000	0.006	0.232	0.000
0.000	-5.000	0.007	0.291	0.000
0.000	-5.000	0.006	0.232	0.000
0.000	-5.000	0.006	0.232	0.000
0.000	-5.000	0.006	0.232	0.000
0.000	-5.000	0.007	0.291	0.000
0.000	-5.000	0.006	0.232	0.000
0.000	-5.000	0.006	0.232	0.000
0.000	-5.000	0.007	0.291	0.000
0.000	-5.000	0.006	0.232	0.000
0.000	-5.000	0.006	0.232	0.000
0.000	-5.000	0.007	0.291	0.000
0.000	-5.000	0.007	0.291	0.000
0.000	-5.000	0.007	0.291	0.000
0.000	-5.000	0.006	0.232	0.000
0.000	-5.000	0.006	0.232	0.000
0.000	-5.000	0.006	0.232	0.000
0.000	-5.000	0.006	0.232	0.000
0.000	-5.000	0.007	0.291	0.000
0.000	-5.000	0.006	0.232	0.000
0.000	-5.000	0.007	0.291	0.000
0.000	-5.000	0.007	0.291	0.000
0.000	-5.000	0.006	0.232	0.000
0.000	-5.000	0.007	0.291	0.000
0.000	-5.000	0.007	0.291	0.000
0.000	-5.000	0.006	0.232	0.000
0.000	-5.000	0.007	0.291	0.000
0.000	-5.000	0.006	0.232	0.000
0.000	-5.000	0.007	0.291	0.000
0.000	-5.000	0.007	0.291	0.000
0.000	-5.000	0.007	0.291	0.000
0.000	-5.000	0.007	0.291	0.000
0.000	-5.000	0.007	0.291	0.000
0.000	-5.000	0.003	0.114	0.000
0.000	-5.000	0.004	0.173	0.000
0.000	-5.000	0.003	0.114	0.000
0.000	-5.000	0.004	0.173	0.000
0.000	-5.000	0.004	0.173	0.000
0.000	-5.000	0.003	0.114	0.000
0.000	-5.000	0.001	0.055	0.000
0.000	-5.000	0.003	0.114	0.000
0.000	-5.000	0.004	0.173	0.000
0.000	-5.000	0.001	0.055	0.000
0.000	-5.000	0.001	0.055	0.000
0.000	-5.000	0.001	0.055	0.000
0.000	-5.000	-0.002	-0.064	0.000
0.000	-5.000	0.001	0.055	0.000
0.000	-5.000	0.001	0.055	0.000
0.000	-5.000	-0.002	-0.064	0.000
0.000	-5.000	-0.000	-0.004	0.000
0.000	-5.000	0.001	0.055	0.000
0.000	-5.000	-0.002	-0.064	0.000
0.000	-5.000	0.001	0.055	0.000
0.000	-5.000	-0.002	-0.064	0.000
0.000	-5.000	-0.002	-0.064	0.000
0.000	-5.000	-0.000	-0.004	0.000
0.000	-5.000	-0.002	-0.064	0.000
0.000	-5.000	-0.002	-0.064	0.000
0.000	-5.000	-0.002	-0.064	0.000
0.000	-5.000	-0.002	-0.064	0.000
0.000	-5.000	-0.000	-0.004	0.000
0.000	-5.000	-0.002	-0.064	0.000
0.000	-5.000	-0.003	-0.123	0.000
0.000	-5.000	-0.002	-0.064	0.000
0.000	-5.000	-0.002	-0.064	0.000
0.000	-5.000	-0.002	-0.064	0.000
0.000	-5.000	-0.002	-0.064	0.000
0.000	-5.000	-0.002	-0.064	0.000
0.000	-5.000	-0.002	-0.064	0.000
0.000	-5.000	-0.002	-0.064	0.000
0.000	-5.000	-0.002	-0.064	0.000
0.000	-5.000	-0.002	-0.064	0.000
0.000	-5.000	-0.002	-0.064	0.000
0.000	-5.000	-0.002	-0.064	0.000
0.000	-5.000	-0.002	-0.064	0.000
0.000	-5.000	-0.002	-0.064	0.000
0.000	-5.000	-0.002	-0.064	0.000
0.000	-5.000	-0.002	-0.064	0.000
0.000	-5.000	-0.002	-0.064	0.000
0.000	-5.000	-0.002	-0.064	0.000
0.000	-5.000	-0.003	-0.123	0.000
0.000	-5.000	-0.000	-0.004	0.000
0.000	-5.000	-0.002	-0.064	0.000
0.000	-5.000	-0.002	-0.064	0.000
0.000	-5.000	-0.000	-0.004	0.000
0.000	-5.000	-0.002	-0.064	0.000
0.000	-5.000	-0.002	-0.064	0.000
0.000	-5.000	-0.002	-0.064	0.000
0.000	-5.000	-0.002	-0.064	0.000
0.000	-5.000	-0.002	-0.064	0.000
0.000	-5.000	-0.002	-0.064	0.000
0.000	-5.000	-0.000	-0.004	0.000
0.000	-5.000	-0.002	-0.064	0.000
0.000	-5.000	-0.002	-0.064	0.000
0.000	-5.000	-0.002	-0.064	0.000
0.000	-5.000	-0.002	-0.064	0.000
0.000	-5.000	-0.002	-0.064	0.000
0.000	-5.000	-0.002	-0.064	0.000
0.000	-5.000	-0.002	-0.064	0.000
0.000	-5.000	-0.002	-0.064	0.000
0.000	-5.000	-0.003	-0.123	0.000
0.000	-5.000	-0.002	-0.064	0.000
0.000	-5.000	-0.002	-0.064	0.000
0.000	-5.000	-0.002	-0.064	0.000
0.000	-5.000	-0.003	-0.123	0.000
0.000	-5.000	-0.003	-0.123	0.000
0.000	-5.000	-0.002	-0.064	0.000
0.000	-5.000	-0.002	-0.064	0.000
0.000	-5.000	-0.002	-0.064	0.000
0.000	-5.000	-0.002	-0.064	0.000
0.000	-5.000	-0.002	-0.064	0.000
0.000	-5.000	-0.002	-0.064	0.000
0.000	-5.000	-0.002	-0.064	0.000
0.000	-5.000	-0.000	-0.004	0.000
0.000	-5.000	-0.002	-0.064	0.000
0.000	-5.000	-0.002	-0.064	0.000
0.000	-5.000	-0.002	-0.064	0.000
0.000	-5.000	-0.002	-0.064	0.000
0.000	-5.000	-0.002	-0.064	0.000
0.000	-5.000	-0.002	-0.064	0.000
0.000	-5.000	-0.002	-0.064	0.000
0.000	-5.000	-0.002	-0.064	0.000
0.000	-5.000	-0.002	-0.064	0.000
0.000	-5.000	-0.002	-0.064	0.000
0.000	-5.000	-0.002	-0.064	0.000
0.000	-5.000	-0.002	-0.064	0.000
0.000	-5.000	-0.002	-0.064	0.000
0.000	-5.000	-0.000	-0.004	0.000
0.000	-5.000	-0.002	-0.064	0.000
0.000	-5.000	-0.002	-0.064	0.000
0.000	-5.000	-0.002	-0.064	0.000
0.000	-5.000	-0.002	-0.064	0.000
0.000	-5.000	-0.002	-0.064	0.000
0.000	-5.000	-0.002	-0.064	0.000
0.000	-5.000	-0.002	-0.064	0.000
0.000	-5.000	-0.002	-0.064	0.000
0.000	-5.000	-0.000	-0.004	0.000
0.000	-5.000	-0.002	-0.064	0.000
0.000	-5.000	-0.002	-0.064	0.000
0.000	-5.000	-0.002	-0.064	0.000
0.000	-5.000	-0.002	-0.064	0.000
0.000	-5.000	-0.002	-0.064	0.000
0.000	-5.000	-0.002	-0.064	0.000
0.000	-5.000	-0.000	-0.004	0.000
0.000	-5.000	-0.002	-0.064	0.000
0.000	-5.000	-0.002	-0.064	0.000
0.000	-5.000	-0.002	-0.064	0.000
0.000	-5.000	-0.002	-0.064	0.000
0.000	-5.000	-0.002	-0.064	0.000
0.000	-5.000	-0.002	-0.064	0.000
0.000	-5.000	-0.002	-0.064	0.000
0.000	-5.000	-0.002	-0.064	0.000
0.000	-5.000	-0.002	-0.064	0.000
0.000	-5.000	-0.002	-0.064	0.000
0.000	-5.000	-0.005	-0.182	0.000
0.000	-5.000	-0.002	-0.064	0.000
0.000	-5.000	-0.000	-0.004	0.000
0.000	-5.000	-0.002	-0.064	0.000
0.000	-5.000	-0.002	-0.064	0.000
0.000	-5.000	-0.002	-0.064	0.000
0.000	-5.000	-0.000	-0.004	0.000
0.000	-5.000	-0.002	-0.064	0.000
0.000	-5.000	-0.002	-0.064	0.000
0.000	-5.000	-0.002	-0.064	0.000
0.000	-5.000	-0.002	-0.064	0.000
0.000	-5.000	-0.002	-0.064	0.000
0.000	-5.000	-0.000	-0.004	0.000
0.000	-5.000	-0.002	-0.064	0.000
0.000	-5.000	-0.002	-0.064	0.000
0.000	-5.000	-0.002	-0.064	0.000
0.000	-5.000	0.001	0.055	0.000
0.000	-5.000	-0.002	-0.064	0.000
0.000	-5.000	-0.000	-0.004	0.000
0.000	-5.000	-0.002	-0.064	0.000
0.000	-5.000	-0.002	-0.064	0.000
0.000	-5.000	-0.000	-0.004	0.000
0.000	-5.000	-0.002	-0.064	0.000
0.000	-5.000	-0.002	-0.064	0.000
0.000	-5.000	-0.002	-0.064	0.000
0.000	-5.000	-0.002	-0.064	0.000
0.000	-5.000	-0.002	-0.064	0.000
0.000	-5.000	-0.002	-0.064	0.000
0.000	-5.000	0.001	0.055	0.000
0.000	-5.000	-0.002	-0.064	0.000
0.000	-5.000	-0.002	-0.064	0.000
0.000	-5.000	-0.000	-0.004	0.000
0.000	-5.000	-0.002	-0.064	0.000
0.000	-5.000	-0.002	-0.064	0.000
0.000	-5.000	-0.002	-0.064	0.000
0.000	-5.000	-0.002	-0.064	0.000
0.000	-5.000	-0.002	-0.064	0.000
0.000	-5.000	-0.002	-0.064	0.000
0.000	-5.000	-0.002	-0.064	0.000
0.000	-5.000	-0.002	-0.064	0.000
0.000	-5.000	-0.002	-0.064	0.000
0.000	-5.000	-0.002	-0.064	0.000
0.000	-5.000	-0.002	-0.064	0.000
0.000	-5.000	-0.002	-0.064	0.000
0.000	-5.000	-0.002	-0.064	0.000
0.000	-5.000	-0.002	-0.064	0.000
0.000	-5.000	-0.002	-0.064	0.000
0.000	-5.000	-0.002	-0.064	0.000
0.000	-5.000	-0.002	-0.064	0.000
0.000	-5.000	-0.002	-0.064	0.000
0.000	-5.000	-0.000	-0.004	0.000
0.000	-5.000	-0.002	-0.064	0.000
0.000	-5.000	-0.002	-0.064	0.000
0.000	-5.000	-0.000	-0.004	0.000
0.000	-5.000	-0.000	-0.004	0.000
0.000	-5.000	-0.002	-0.064	0.000
0.000	-5.000	-0.002	-0.064	0.000
0.000	-5.000	-0.003	-0.123	0.000
0.000	-5.000	-0.002	-0.064	0.000
0.000	-5.000	-0.002	-0.064	0.000
0.000	-5.000	-0.002	-0.064	0.000
0.000	-5.000	-0.002	-0.064	0.000
0.000	-5.000	-0.002	-0.064	0.000
0.000	-5.000	-0.002	-0.064	0.000
0.000	-5.000	-0.002	-0.064	0.000
0.000	-5.000	-0.002	-0.064	0.000
0.000	-5.000	-0.002	-0.064	0.000
0.000	-5.000	-0.003	-0.123	0.000
0.000	-5.000	-0.002	-0.064	0.000
0.000	-5.000	-0.002	-0.064	0.000
0.000	-5.000	-0.002	-0.064	0.000
0.000	-5.000	-0.002	-0.064	0.000
0.000	-5.000	-0.002	-0.064	0.000
0.000	-5.000	-0.002	-0.064	0.000
0.000	-5.000	-0.002	-0.064	0.000
0.000	-5.000	-0.002	-0.064	0.000
0.000	-5.000	-0.002	-0.064	0.000
0.000	-5.000	-0.002	-0.064	0.000
0.000	-5.000	-0.002	-0.064	0.000
0.000	-5.000	0.001	0.055	0.000
0.000	-5.000	-0.002	-0.064	0.000
0.000	-5.000	-0.002	-0.064	0.000
0.000	-5.000	-0.002	-0.064	0.000
0.000	-5.000	0.001	0.055	0.000
0.000	-5.000	-0.000	-0.004	0.000
0.000	-5.000	0.001	0.055	0.000
0.000	-5.000	-0.002	-0.064	0.000
0.000	-5.000	0.001	0.055	0.000
0.000	-5.000	-0.000	-0.004	0.000
0.000	-5.000	-0.002	-0.064	0.000
0.000	-5.000	-0.002	-0.064	0.000
0.000	-5.000	-0.000	-0.004	0.000
0.000	-5.000	0.001	0.055	0.000
0.000	-5.000	-0.002	-0.064	0.000
0.000	-5.000	-0.002	-0.064	0.000
0.000	-5.000	-0.002	-0.064	0.000
0.000	-5.000	-0.000	-0.004	0.000
0.000	-5.000	-0.000	-0.004	0.000
0.000	-5.000	-0.002	-0.064	0.000
0.000	-5.000	-0.002	-0.064	0.000
0.000	-5.000	-0.000	-0.004	0.000
0.000	-5.000	-0.002	-0.064	0.000
0.000	-5.000	-0.000	-0.004	0.000
0.000	-5.000	-0.002	-0.064	0.000
0.000	-5.000	-0.002	-0.064	0.000
0.000	-5.000	-0.000	-0.004	0.000
0.000	-5.000	-0.002	-0.064	0.000
0.000	-5.000	-0.002	-0.064	0.000
0.000	-5.000	-0.002	-0.064	0.000
0.000	-5.000	-0.002	-0.064	0.000
0.000	-5.000	-0.002	-0.064	0.000
0.000	-5.000	-0.002	-0.064	0.000
0.000	-5.000	-0.002	-0.064	0.000
0.000	-5.000	-0.002	-0.064	0.000
0.000	-5.000	0.001	0.055	0.000
0.000	-5.000	-0.002	-0.064	0.000
0.000	-5.000	-0.002	-0.064	0.000
0.000	-5.000	-0.002	-0.064	0.000
0.000	-5.000	0.001	0.055	0.000
0.000	-5.000	-0.000	-0.004	0.000
0.000	-5.000	0.001	0.055	0.000
0.000	-5.000	0.001	0.055	0.000
0.000	-5.000	-0.002	-0.064	0.000
0.000	-5.000	0.001	0.055	0.000
0.000	-5.000	0.001	0.055	0.000
0.000	-5.000	0.001	0.055	0.000
0.000	-5.000	-0.002	-0.064	0.000
0.000	-5.000	-0.002	-0.064	0.000
0.000	-5.000	-0.002	-0.064	0.000
0.000	-5.000	-0.000	-0.004	0.000
0.000	-5.000	-0.002	-0.064	0.000
0.000	-5.000	-0.002	-0.064	0.000
0.000	-5.000	-0.002	-0.064	0.000
0.000	-5.000	0.001	0.055	0.000
0.000	-5.000	0.001	0.055	0.000
0.000	-5.000	0.001	0.055	0.000
0.000	-5.000	-0.002	-0.064	0.000
0.000	-5.000	-0.002	-0.064	0.000
0.000	-5.000	0.001	0.055	0.000
0.000	-5.000	-0.002	-0.064	0.000
0.000	-5.000	-0.000	-0.004	0.000
0.000	-5.000	-0.002	-0.064	0.000
0.000	-5.000	-0.000	-0.004	0.000
0.000	-5.000	-0.002	-0.064	0.000
0.000	-5.000	0.001	0.055	0.000
0.000	-5.000	-0.002	-0.064	0.000
0.000	-5.000	-0.000	-0.004	0.000
0.000	-5.000	0.001	0.055	0.000
0.000	-5.000	-0.002	-0.064	0.000
0.000	-5.000	0.001	0.055	0.000
0.000	-5.000	0.001	0.055	0.000
0.000	-5.000	-0.002	-0.064	0.000
0.000	-5.000	0.001	0.055	0.000
0.000	-5.000	-0.000	-0.004	0.000
0.000	-5.000	-0.002	-0.064	0.000
0.000	-5.000	0.001	0.055	0.000
0.000	-5.000	0.001	0.055	0.000
0.000	-5.000	-0.002	-0.064	0.000
0.000	-5.000	-0.002	-0.064	0.000
0.000	-5.000	-0.002	-0.064	0.000
0.000	-5.000	-0.002	-0.064	0.000
0.000	-5.000	-0.002	-0.064	0.000
0.000	-5.000	-0.002	-0.064	0.000
0.000	-5.000	-0.002	-0.064	0.000
0.000	-5.000	-0.002	-0.064	0.000
0.000	-5.000	-0.002	-0.064	0.000
0.000	-5.000	0.001	0.055	0.000
0.000	-5.000	-0.002	-0.064	0.000
0.000	-5.000	0.001	0.055	0.000
0.000	-5.000	0.001	0.055	0.000
0.000	-5.000	-0.000	-0.004	0.000
0.000	-5.000	-0.002	-0.064	0.000
0.000	-5.000	-0.000	-0.004	0.000
0.000	-5.000	-0.000	-0.004	0.000
0.000	-5.000	-0.002	-0.064	0.000
0.000	-5.000	-0.002	-0.064	0.000
0.000	-5.000	-0.002	-0.064	0.000
0.000	-5.000	-0.002	-0.064	0.000
0.000	-5.000	-0.002	-0.064	0.000
0.000	-5.000	-0.000	-0.004	0.000
0.000	-5.000	-0.000	-0.004	0.000
0.000	-5.000	-0.000	-0.004	0.000
0.000	-5.000	-0.002	-0.064	0.000
0.000	-5.000	-0.002	-0.064	0.000
0.000	-5.000	0.001	0.055	0.000
0.000	-5.000	0.001	0.055	0.000
0.000	-5.000	-0.000	-0.004	0.000
0.000	-5.000	-0.002	-0.064	0.000
0.000	-5.000	-0.000	-0.004	0.000
0.000	-5.000	-0.002	-0.064	0.000
0.000	-5.000	-0.002	-0.064	0.000
0.000	-5.000	-0.002	-0.064	0.000
0.000	-5.000	-0.002	-0.064	0.000
0.000	-5.000	-0.002	-0.064	0.000
0.000	-5.000	-0.002	-0.064	0.000
0.000	-5.000	-0.000	-0.004	0.000
0.000	-5.000	-0.002	-0.064	0.000
0.000	-5.000	0.001	0.055	0.000
0.000	-5.000	-0.002	-0.064	0.000
0.000	-5.000	0.001	0.055	0.000
0.000	-5.000	-0.002	-0.064	0.000
0.000	-5.000	-0.002	-0.064	0.000
0.000	-5.000	-0.000	-0.004	0.000
0.000	-5.000	-0.002	-0.064	0.000
0.000	-5.000	0.001	0.055	0.000
0.000	-5.000	0.001	0.055	0.000
0.000	-5.000	0.001	0.055	0.000
0.000	-5.000	-0.002	-0.064	0.000
0.000	-5.000	-0.002	-0.064	0.000
0.000	-5.000	-0.002	-0.064	0.000
0.000	-5.000	-0.003	-0.123	0.000
0.000	-5.000	-0.002	-0.064	0.000
0.000	-5.000	-0.002	-0.064	0.000
0.000	-5.000	-0.000	-0.004	0.000
0.000	-5.000	-0.002	-0.064	0.000
0.000	-5.000	-0.000	-0.004	0.000
0.000	-5.000	-0.002	-0.064	0.000
0.000	-5.000	-0.000	-0.004	0.000
0.000	-5.000	0.001	0.055	0.000
0.000	-5.000	0.001	0.055	0.000
0.000	-5.000	-0.002	-0.064	0.000
0.000	-5.000	0.001	0.055	0.000
0.000	-5.000	-0.002	-0.064	0.000
0.000	-5.000	-0.002	-0.064	0.000
0.000	-5.000	-0.002	-0.064	0.000
0.000	-5.000	-0.002	-0.064	0.000
0.000	-5.000	0.001	0.055	0.000
0.000	-5.000	-0.002	-0.064	0.000
0.100	-5.000	-0.000	-4.004	0.000
0.100	-5.000	-0.003	-4.123	0.000
0.100	-5.000	-0.005	-4.182	0.000
0.100	-5.000	-0.005	-4.182	0.000
0.100	-5.000	-0.002	-4.064	0.000
0.100	-5.000	-0.002	-4.064	0.000
0.100	-5.000	0.001	-3.945	0.000
0.100	-5.000	0.003	-3.886	0.000
0.100	-5.000	0.006	-3.768	0.000
0.100	-5.000	0.007	-3.709	0.000
0.100	-5.000	0.007	-3.709	0.000
0.100	-5.000	0.010	-3.590	0.000
0.100	-5.000	0.015	-3.413	0.000
0.100	-5.000	0.016	-3.354	0.000
0.100	-5.000	0.019	-3.236	0.000
0.100	-5.000	0.022	-3.117	0.000
0.100	-5.000	0.025	-2.999	0.000
0.100	-5.000	0.029	-2.822	0.000
0.100	-5.000	0.034	-2.644	0.000
0.100	-5.000	0.034	-2.644	0.000
0.100	-5.000	0.040	-2.408	0.000
0.100	-5.000	0.043	-2.290	0.000
0.100	-5.000	0.046	-2.171	0.000
0.100	-5.000	0.052	-1.935	0.000
0.100	-5.000	0.055	-1.816	0.000
0.100	-5.000	0.058	-1.698	0.000
0.100	-5.000	0.061	-1.580	0.000
0.100	-5.000	0.065	-1.402	0.000
0.100	-5.000	0.069	-1.225	0.000
0.100	-5.000	0.072	-1.107	0.000
0.100	-5.000	0.077	-0.929	0.000
0.100	-5.000	0.080	-0.811	0.000
0.100	-5.000	0.084	-0.634	0.000
0.100	-5.000	0.087	-0.515	0.000
0.100	-5.000	0.090	-0.397	0.000
0.100	-5.000	0.093	-0.279	0.000
0.100	-5.000	0.097	-0.101	0.000
0.100	-5.000	0.102	0.076	0.000
0.100	-5.000	0.099	-0.042	0.000
0.100	-5.000	0.105	0.194	0.000
0.100	-5.000	0.108	0.312	0.000
0.100	-5.000	0.112	0.490	0.000
0.100	-5.000	0.114	0.549	0.000
0.100	-5.000	0.117	0.667	0.000
0.100	-5.000	0.117	0.667	0.000
0.100	-5.000	0.121	0.845	0.000
0.100	-5.000	0.124	0.963	0.000
0.100	-5.000	0.126	1.022	0.000
0.100	-5.000	0.126	1.022	0.000
0.100	-5.000	0.129	1.140	0.000
0.100	-5.000	0.129	1.140	0.000
0.100	-5.000	0.130	1.199	0.000
0.100	-5.000	0.130	1.199	0.000
0.100	-5.000	0.130	1.199	0.000
0.100	-5.000	0.130	1.199	0.000
0.100	-5.000	0.129	1.140	0.000
0.100	-5.000	0.129	1.140	0.000
0.100	-5.000	0.130	1.199	0.000
0.100	-5.000	0.131	1.259	0.000
0.100	-5.000	0.129	1.140	0.000
0.100	-5.000	0.130	1.199	0.000
0.100	-5.000	0.129	1.140	0.000
0.100	-5.000	0.130	1.199	0.000
0.100	-5.000	0.130	1.199	0.000
0.100	-5.000	0.129	1.140	0.000
0.100	-5.000	0.129	1.140	0.000
0.100	-5.000	0.129	1.140	0.000
0.100	-5.000	0.127	1.081	0.000
0.100	-5.000	0.124	0.963	0.000
0.100	-5.000	0.124	0.963	0.000
0.100	-5.000	0.124	0.963	0.000
0.100	-5.000	0.124	0.963	0.000
0.100	-5.000	0.123	0.904	0.000
0.100	-5.000	0.120	0.786	0.000
0.100	-5.000	0.118	0.726	0.000
0.100	-5.000	0.117	0.667	0.000
0.100	-5.000	0.118	0.726	0.000
0.100	-5.000	0.115	0.608	0.000
0.100	-5.000	0.117	0.667	0.000
0.100	-5.000	0.114	0.549	0.000
0.100	-5.000	0.114	0.549	0.000
0.100	-5.000	0.112	0.490	0.000
0.100	-5.000	0.112	0.490	0.000
0.100	-5.000	0.111	0.431	0.000
0.100	-5.000	0.111	0.431	0.000
0.100	-5.000	0.108	0.312	0.000
0.100	-5.000	0.106	0.253	0.000
0.100	-5.000	0.105	0.194	0.000
0.100	-5.000	0.105	0.194	0.000
0.100	-5.000	0.105	0.194	0.000
0.100	-5.000	0.105	0.194	0.000
0.100	-5.000	0.102	0.076	0.000
0.100	-5.000	0.102	0.076	0.000
0.100	-5.000	0.100	0.017	0.000
0.100	-5.000	0.100	0.017	0.000
0.100	-5.000	0.099	-0.042	0.000
0.100	-5.000	0.099	-0.042	0.000
0.100	-5.000	0.096	-0.161	0.000
0.100	-5.000	0.095	-0.220	0.000
0.100	-5.000	0.093	-0.279	0.000
0.100	-5.000	0.096	-0.161	0.000
0.100	-5.000	0.096	-0.161	0.000
0.100	-5.000	0.096	-0.161	0.000
0.100	-5.000	0.093	-0.279	0.000
0.100	-5.000	0.093	-0.279	0.000
0.100	-5.000	0.096	-0.161	0.000
0.100	-5.000	0.093	-0.279	0.000
0.100	-5.000	0.093	-0.279	0.000
0.100	-5.000	0.093	-0.279	0.000
0.100	-5.000	0.092	-0.338	0.000
0.100	-5.000	0.093	-0.279	0.000
0.100	-5.000	0.093	-0.279	0.000
0.100	-5.000	0.093	-0.279	0.000
0.100	-5.000	0.093	-0.279	0.000
0.100	-5.000	0.093	-0.279	0.000
0.100	-5.000	0.093	-0.279	0.000
0.100	-5.000	0.092	-0.338	0.000
0.100	-5.000	0.093	-0.279	0.000
0.100	-5.000	0.093	-0.279	0.000
0.100	-5.000	0.093	-0.279	0.000
0.100	-5.000	0.092	-0.338	0.000
0.100	-5.000	0.092	-0.338	0.000
0.100	-5.000	0.093	-0.279	0.000
0.100	-5.000	0.092	-0.338	0.000
0.100	-5.000	0.093	-0.279	0.000
0.100	-5.000	0.093	-0.279	0.000
0.100	-5.000	0.093	-0.279	0.000
0.100	-5.000	0.093	-0.279	0.000
0.100	-5.000	0.093	-0.279	0.000
0.100	-5.000	0.092	-0.338	0.000
0.100	-5.000	0.093	-0.279	0.000
0.100	-5.000	0.093	-0.279	0.000
0.100	-5.000	0.093	-0.279	0.000
0.100	-5.000	0.095	-0.220	0.000
0.100	-5.000	0.093	-0.279	0.000
0.100	-5.000	0.093	-0.279	0.000
0.100	-5.000	0.093	-0.279	0.000
0.100	-5.000	0.093	-0.279	0.000
0.100	-5.000	0.093	-0.279	0.000
0.100	-5.000	0.093	-0.279	0.000
0.100	-5.000	0.092	-0.338	0.000
0.100	-5.000	0.093	-0.279	0.000
0.100	-5.000	0.093	-0.279	0.000
0.100	-5.000	0.095	-0.220	0.000
0.100	-5.000	0.093	-0.279	0.000
0.100	-5.000	0.092	-0.338	0.000
0.100	-5.000	0.092	-0.338	0.000
0.100	-5.000	0.093	-0.279	0.000
0.100	-5.000	0.095	-0.220	0.000
0.100	-5.000	0.093	-0.279	0.000
0.100	-5.000	0.095	-0.220	0.000
0.100	-5.000	0.096	-0.161	0.000
0.100	-5.000	0.096	-0.161	0.000
0.100	-5.000	0.096	-0.161	0.000
0.100	-5.000	0.097	-0.101	0.000
0.100	-5.000	0.096	-0.161	0.000
0.100	-5.000	0.097	-0.101	0.000
0.100	-5.000	0.097	-0.101	0.000
0.100	-5.000	0.099	-0.042	0.000
0.100	-5.000	0.097	-0.101	0.000
0.100	-5.000	0.099	-0.042	0.000
0.100	-5.000	0.099	-0.042	0.000
0.100	-5.000	0.100	0.017	0.000
0.100	-5.000	0.099	-0.042	0.000
0.100	-5.000	0.099	-0.042	0.000
0.100	-5.000	0.100	0.017	0.000
0.100	-5.000	0.100	0.017	0.000
0.100	-5.000	0.100	0.017	0.000
0.100	-5.000	0.100	0.017	0.000
0.100	-5.000	0.102	0.076	0.000
0.100	-5.000	0.100	0.017	0.000
0.100	-5.000	0.102	0.076	0.000
0.100	-5.000	0.102	0.076	0.000
0.100	-5.000	0.100	0.017	0.000
0.100	-5.000	0.100	0.017	0.000
0.100	-5.000	0.099	-0.042	0.000
0.100	-5.000	0.102	0.076	0.000
0.100	-5.000	0.102	0.076	0.000
0.100	-5.000	0.102	0.076	0.000
0.100	-5.000	0.102	0.076	0.000
0.100	-5.000	0.103	0.135	0.000
0.100	-5.000	0.102	0.076	0.000
0.100	-5.000	0.102	0.076	0.000
0.100	-5.000	0.103	0.135	0.000
0.100	-5.000	0.100	0.017	0.000
0.100	-5.000	0.100	0.017	0.000
0.100	-5.000	0.102	0.076	0.000
0.100	-5.000	0.102	0.076	0.000
0.100	-5.000	0.102	0.076	0.000
0.100	-5.000	0.102	0.076	0.000
0.100	-5.000	0.102	0.076	0.000
0.100	-5.000	0.102	0.076	0.000
0.100	-5.000	0.102	0.076	0.000
0.100	-5.000	0.102	0.076	0.000
0.100	-5.000	0.102	0.076	0.000
0.100	-5.000	0.102	0.076	0.000
0.100	-5.000	0.102	0.076	0.000
0.100	-5.000	0.102	0.076	0.000
0.100	-5.000	0.102	0.076	0.000
0.100	-5.000	0.100	0.017	0.000
0.100	-5.000	0.102	0.076	0.000
0.100	-5.000	0.102	0.076	0.000
0.100	-5.000	0.102	0.076	0.000
0.100	-5.000	0.103	0.135	0.000
0.100	-5.000	0.100	0.017	0.000
0.100	-5.000	0.103	0.135	0.000
0.100	-5.000	0.100	0.017	0.000
0.100	-5.000	0.102	0.076	0.000
0.100	-5.000	0.100	0.017	0.000
0.100	-5.000	0.102	0.076	0.000
0.100	-5.000	0.102	0.076	0.000
0.100	-5.000	0.102	0.076	0.000
0.100	-5.000	0.099	-0.042	0.000
0.100	-5.000	0.102	0.076	0.000
0.100	-5.000	0.100	0.017	0.000
0.100	-5.000	0.102	0.076	0.000
0.100	-5.000	0.102	0.076	0.000
0.100	-5.000	0.100	0.017	0.000
0.100	-5.000	0.102	0.076	0.000
0.100	-5.000	0.102	0.076	0.000
0.100	-5.000	0.102	0.076	0.000
0.100	-5.000	0.102	0.076	0.000
0.100	-5.000	0.102	0.076	0.000
0.100	-5.000	0.102	0.076	0.000
0.100	-5.000	0.102	0.076	0.000
0.100	-5.000	0.102	0.076	0.000
0.100	-5.000	0.102	0.076	0.000
0.100	-5.000	0.103	0.135	0.000
0.100	-5.000	0.100	0.017	0.000
0.100	-5.000	0.102	0.076	0.000
0.100	-5.000	0.103	0.135	0.000
0.100	-5.000	0.102	0.076	0.000
0.100	-5.000	0.103	0.135	0.000
0.100	-5.000	0.102	0.076	0.000
0.100	-5.000	0.102	0.076	0.000
0.100	-5.000	0.102	0.076	0.000
0.100	-5.000	0.100	0.017	0.000
0.100	-5.000	0.102	0.076	0.000
0.100	-5.000	0.102	0.076	0.000
0.100	-5.000	0.103	0.135	0.000
0.100	-5.000	0.102	0.076	0.000
0.100	-5.000	0.103	0.135	0.000
0.100	-5.000	0.100	0.017	0.000
0.100	-5.000	0.102	0.076	0.000
0.100	-5.000	0.102	0.076	0.000
0.100	-5.000	0.100	0.017	0.000
0.100	-5.000	0.103	0.135	0.000
0.100	-5.000	0.102	0.076	0.000
0.100	-5.000	0.102	0.076	0.000
0.100	-5.000	0.103	0.135	0.000
0.100	-5.000	0.102	0.076	0.000
0.100	-5.000	0.102	0.076	0.000
0.100	-5.000	0.100	0.017	0.000
0.100	-5.000	0.100	0.017	0.000
0.100	-5.000	0.102	0.076	0.000
0.100	-5.000	0.102	0.076	0.000
0.100	-5.000	0.100	0.017	0.000
0.100	-5.000	0.102	0.076	0.000
0.100	-5.000	0.102	0.076	0.000
0.100	-5.000	0.102	0.076	0.000
0.100	-5.000	0.102	0.076	0.000
0.100	-5.000	0.102	0.076	0.000
0.100	-5.000	0.102	0.076	0.000
0.100	-5.000	0.100	0.017	0.000
0.100	-5.000	0.102	0.076	0.000
0.100	-5.000	0.100	0.017	0.000
0.100	-5.000	0.102	0.076	0.000
0.100	-5.000	0.103	0.135	0.000
0.100	-5.000	0.100	0.017	0.000
0.100	-5.000	0.100	0.017	0.000
0.100	-5.000	0.102	0.076	0.000
0.100	-5.000	0.102	0.076	0.000
0.100	-5.000	0.100	0.017	0.000
0.100	-5.000	0.102	0.076	0.000
0.100	-5.000	0.102	0.076	0.000
0.100	-5.000	0.102	0.076	0.000
0.100	-5.000	0.102	0.076	0.000
0.100	-5.000	0.102	0.076	0.000
0.100	-5.000	0.102	0.076	0.000
0.100	-5.000	0.102	0.076	0.000
0.100	-5.000	0.100	0.017	0.000
0.100	-5.000	0.100	0.017	0.000
0.100	-5.000	0.102	0.076	0.000
0.100	-5.000	0.102	0.076	0.000
0.100	-5.000	0.102	0.076	0.000
0.100	-5.000	0.102	0.076	0.000
0.100	-5.000	0.100	0.017	0.000
0.100	-5.000	0.102	0.076	0.000
0.100	-5.000	0.100	0.017	0.000
0.100	-5.000	0.102	0.076	0.000
0.100	-5.000	0.100	0.017	0.000
0.100	-5.000	0.100	0.017	0.000
0.100	-5.000	0.103	0.135	0.000
0.100	-5.000	0.103	0.135	0.000
0.100	-5.000	0.100	0.017	0.000
0.100	-5.000	0.100	0.017	0.000
0.100	-5.000	0.100	0.017	0.000
0.100	-5.000	0.102	0.076	0.000
0.100	-5.000	0.100	0.017	0.000
0.100	-5.000	0.102	0.076	0.000
0.100	-5.000	0.100	0.017	0.000
0.100	-5.000	0.102	0.076	0.000
0.100	-5.000	0.102	0.076	0.000
0.100	-5.000	0.100	0.017	0.000
0.100	-5.000	0.103	0.135	0.000
0.100	-5.000	0.102	0.076	0.000
0.100	-5.000	0.100	0.017	0.000
0.100	-5.000	0.102	0.076	0.000
0.100	-5.000	0.103	0.135	0.000
0.100	-5.000	0.102	0.076	0.000
0.100	-5.000	0.103	0.135	0.000
0.100	-5.000	0.100	0.017	0.000
0.100	-5.000	0.102	0.076	0.000
0.100	-5.000	0.100	0.017	0.000
0.100	-5.000	0.100	0.017	0.000
0.100	-5.000	0.100	0.017	0.000
0.100	-5.000	0.102	0.076	0.000
0.100	-5.000	0.103	0.135	0.000
0.100	-5.000	0.102	0.076	0.000
0.100	-5.000	0.100	0.017	0.000
0.100	-5.000	0.100	0.017	0.000
0.100	-5.000	0.102	0.076	0.000
0.100	-5.000	0.102	0.076	0.000
0.100	-5.000	0.102	0.076	0.000
0.100	-5.000	0.102	0.076	0.000
0.100	-5.000	0.102	0.076	0.000
0.100	-5.000	0.103	0.135	0.000
0.100	-5.000	0.103	0.135	0.000
0.100	-5.000	0.102	0.076	0.000
0.100	-5.000	0.100	0.017	0.000
0.100	-5.000	0.102	0.076	0.000
0.100	-5.000	0.100	0.017	0.000
0.100	-5.000	0.100	0.017	0.000
0.100	-5.000	0.102	0.076	0.000
0.100	-5.000	0.100	0.017	0.000
0.100	-5.000	0.100	0.017	0.000
0.100	-5.000	0.102	0.076	0.000
0.100	-5.000	0.102	0.076	0.000
0.100	-5.000	0.099	-0.042	0.000
0.100	-5.000	0.099	-0.042	0.000
0.100	-5.000	0.103	0.135	0.000
0.100	-5.000	0.100	0.017	0.000
0.100	-5.000	0.100	0.017	0.000
0.100	-5.000	0.100	0.017	0.000
0.100	-5.000	0.102	0.076	0.000
0.100	-5.000	0.102	0.076	0.000
0.100	-5.000	0.100	0.017	0.000
0.100	-5.000	0.102	0.076	0.000
0.100	-5.000	0.099	-0.042	0.000
0.100	-5.000	0.100	0.017	0.000
0.100	-5.000	0.102	0.076	0.000
0.100	-5.000	0.099	-0.042	0.000
0.100	-5.000	0.100	0.017	0.000
0.100	-5.000	0.100	0.017	0.000
0.100	-5.000	0.100	0.017	0.000
0.100	-5.000	0.099	-0.042	0.000
0.100	-5.000	0.099	-0.042	0.000
0.100	-5.000	0.100	0.017	0.000
0.100	-5.000	0.099	-0.042	0.000
0.100	-5.000	0.102	0.076	0.000
0.100	-5.000	0.102	0.076	0.000
0.100	-5.000	0.102	0.076	0.000
0.100	-5.000	0.100	0.017	0.000
0.100	-5.000	0.100	0.017	0.000
0.100	-5.000	0.100	0.017	0.000
0.100	-5.000	0.099	-0.042	0.000
0.100	-5.000	0.100	0.017	0.000
0.100	-5.000	0.099	-0.042	0.000
0.100	-5.000	0.100	0.017	0.000
0.100	-5.000	0.102	0.076	0.000
0.100	-5.000	0.100	0.017	0.000
0.100	-5.000	0.099	-0.042	0.000
0.100	-5.000	0.102	0.076	0.000
0.100	-5.000	0.103	0.135	0.000
0.100	-5.000	0.100	0.017	0.000
0.100	-5.000	0.100	0.017	0.000
0.100	-5.000	0.100	0.017	0.000
0.100	-5.000	0.102	0.076	0.000
0.100	-5.000	0.100	0.017	0.000
0.100	-5.000	0.102	0.076	0.000
0.100	-5.000	0.102	0.076	0.000
0.100	-5.000	0.102	0.076	0.000
0.100	-5.000	0.099	-0.042	0.000
0.100	-5.000	0.102	0.076	0.000
0.100	-5.000	0.100	0.017	0.000
0.100	-5.000	0.099	-0.042	0.000
0.100	-5.000	0.102	0.076	0.000
0.100	-5.000	0.099	-0.042	0.000
0.100	-5.000	0.102	0.076	0.000
0.100	-5.000	0.102	0.076	0.000
0.100	-5.000	0.102	0.076	0.000
0.100	-5.000	0.102	0.076	0.000
0.100	-5.000	0.102	0.076	0.000
0.100	-5.000	0.102	0.076	0.000
0.100	-5.000	0.102	0.076	0.000
0.100	-5.000	0.102	0.076	0.000
0.100	-5.000	0.099	-0.042	0.000
0.100	-5.000	0.102	0.076	0.000
0.100	-5.000	0.102	0.076	0.000
0.100	-5.000	0.100	0.017	0.000
0.100	-5.000	0.102	0.076	0.000
0.100	-5.000	0.099	-0.042	0.000
0.100	-5.000	0.102	0.076	0.000
0.100	-5.000	0.100	0.017	0.000
0.100	-5.000	0.102	0.076	0.000
0.100	-5.000	0.102	0.076	0.000
0.100	-5.000	0.099	-0.042	0.000
0.100	-5.000	0.102	0.076	0.000
0.100	-5.000	0.102	0.076	0.000
0.100	-5.000	0.100	0.017	0.000
0.100	-5.000	0.102	0.076	0.000
0.100	-5.000	0.099	-0.042	0.000
0.100	-5.000	0.102	0.076	0.000
0.100	-5.000	0.102	0.076	0.000
0.100	-5.000	0.102	0.076	0.000
0.100	-5.000	0.099	-0.042	0.000
0.100	-5.000	0.102	0.076	0.000
0.100	-5.000	0.100	0.017	0.000
0.100	-5.000	0.100	0.017	0.000
0.100	-5.000	0.102	0.076	0.000
0.100	-5.000	0.100	0.017	0.000
0.100	-5.000	0.102	0.076	0.000
0.100	-5.000	0.102	0.076	0.000
0.100	-5.000	0.102	0.076	0.000
0.100	-5.000	0.100	0.017	0.000
0.100	-5.000	0.102	0.076	0.000
0.100	-5.000	0.102	0.076	0.000
0.100	-5.000	0.102	0.076	0.000
0.100	-5.000	0.100	0.017	0.000
0.100	-5.000	0.102	0.076	0.000
0.100	-5.000	0.102	0.076	0.000
0.100	-5.000	0.100	0.017	0.000
0.100	-5.000	0.102	0.076	0.000
0.100	-5.000	0.100	0.017	0.000
0.100	-5.000	0.102	0.076	0.000
0.100	-5.000	0.099	-0.042	0.000
0.100	-5.000	0.102	0.076	0.000
0.100	-5.000	0.100	0.017	0.000
0.100	-5.000	0.102	0.076	0.000
0.100	-5.000	0.102	0.076	0.000
0.100	-5.000	0.102	0.076	0.000
0.100	-5.000	0.102	0.076	0.000
0.100	-5.000	0.100	0.017	0.000
0.100	-5.000	0.102	0.076	0.000
0.100	-5.000	0.102	0.076	0.000
0.100	-5.000	0.100	0.017	0.000
0.100	-5.000	0.102	0.076	0.000
0.100	-5.000	0.099	-0.042	0.000
0.100	-5.000	0.102	0.076	0.000
0.100	-5.000	0.100	0.017	0.000
0.100	-5.000	0.100	0.017	0.000
0.100	-5.000	0.100	0.017	0.000
0.100	-5.000	0.100	0.017	0.000
0.100	-5.000	0.100	0.017	0.000
0.100	-5.000	0.099	-0.042	0.000
0.100	-5.000	0.102	0.076	0.000
0.100	-5.000	0.102	0.076	0.000
0.100	-5.000	0.102	0.076	0.000
0.100	-5.000	0.099	-0.042	0.000
0.100	-5.000	0.100	0.017	0.000
0.100	-5.000	0.100	0.017	0.000
0.100	-5.000	0.102	0.076	0.000
0.100	-5.000	0.102	0.076	0.000
0.100	-5.000	0.102	0.076	0.000
0.100	-5.000	0.100	0.017	0.000
0.100	-5.000	0.100	0.017	0.000
0.100	-5.000	0.099	-0.042	0.000
0.100	-5.000	0.102	0.076	0.000
0.100	-5.000	0.100	0.017	0.000
0.100	-5.000	0.102	0.076	0.000
0.100	-5.000	0.102	0.076	0.000
0.100	-5.000	0.102	0.076	0.000
0.100	-5.000	0.102	0.076	0.000
0.100	-5.000	0.102	0.076	0.000
0.100	-5.000	0.102	0.076	0.000
0.100	-5.000	0.102	0.076	0.000
0.100	-5.000	0.102	0.076	0.000
0.100	-5.000	0.099	-0.042	0.000
0.100	-5.000	0.102	0.076	0.000
0.100	-5.000	0.102	0.076	0.000
0.100	-5.000	0.100	0.017	0.000
0.100	-5.000	0.100	0.017	0.000
0.100	-5.000	0.100	0.017	0.000
0.100	-5.000	0.102	0.076	0.000
0.100	-5.000	0.099	-0.042	0.000
0.100	-5.000	0.099	-0.042	0.000
0.100	-5.000	0.100	0.017	0.000
0.100	-5.000	0.102	0.076	0.000
0.100	-5.000	0.102	0.076	0.000
0.100	-5.000	0.099	-0.042	0.000
0.100	-5.000	0.100	0.017	0.000
0.100	-5.000	0.102	0.076	0.000
0.100	-5.000	0.102	0.076	0.000
0.100	-5.000	0.099	-0.042	0.000
0.100	-5.000	0.100	0.017	0.000
0.100	-5.000	0.102	0.076	0.000
0.100	-5.000	0.099	-0.042	0.000
0.100	-5.000	0.102	0.076	0.000
0.100	-5.000	0.102	0.076	0.000
0.100	-5.000	0.100	0.017	0.000
0.000	-5.000	0.102	4.076	0.000
0.000	-5.000	0.102	4.076	0.000
0.000	-5.000	0.103	4.135	0.000
0.000	-5.000	0.105	4.194	0.000
0.000	-5.000	0.103	4.135	0.000
0.000	-5.000	0.099	3.958	0.000
0.000	-5.000	0.102	4.076	0.000
0.000	-5.000	0.099	3.958	0.000
0.000	-5.000	0.096	3.839	0.000
0.000	-5.000	0.093	3.721	0.000
0.000	-5.000	0.090	3.603	0.000
0.000	-5.000	0.087	3.485	0.000
0.000	-5.000	0.084	3.366	0.000
0.000	-5.000	0.083	3.307	0.000
0.000	-5.000	0.078	3.130	0.000
0.000	-5.000	0.074	2.952	0.000
0.000	-5.000	0.069	2.775	0.000
0.000	-5.000	0.068	2.716	0.000
0.000	-5.000	0.065	2.598	0.000
0.000	-5.000	0.061	2.420	0.000
0.000	-5.000	0.058	2.302	0.000
0.000	-5.000	0.055	2.184	0.000
0.000	-5.000	0.052	2.065	0.000
0.000	-5.000	0.046	1.829	0.000
0.000	-5.000	0.043	1.710	0.000
0.000	-5.000	0.038	1.533	0.000
0.000	-5.000	0.037	1.474	0.000
0.000	-5.000	0.032	1.297	0.000
0.000	-5.000	0.029	1.178	0.000
0.000	-5.000	0.026	1.060	0.000
0.000	-5.000	0.021	0.823	0.000
0.000	-5.000	0.019	0.764	0.000
0.000	-5.000	0.015	0.587	0.000
0.000	-5.000	0.013	0.528	0.000
0.000	-5.000	0.010	0.410	0.000
0.000	-5.000	0.007	0.291	0.000
0.000	-5.000	0.004	0.173	0.000
0.000	-5.000	-0.002	-0.064	0.000
0.000	-5.000	-0.002	-0.064	0.000
0.000	-5.000	-0.005	-0.182	0.000
0.000	-5.000	-0.009	-0.359	0.000
0.000	-5.000	-0.013	-0.537	0.000
0.000	-5.000	-0.016	-0.655	0.000
0.000	-5.000	-0.016	-0.655	0.000
0.000	-5.000	-0.019	-0.773	0.000
0.000	-5.000	-0.022	-0.891	0.000
0.000	-5.000	-0.022	-0.891	0.000
0.000	-5.000	-0.025	-1.010	0.000
0.000	-5.000	-0.027	-1.069	0.000
0.000	-5.000	-0.028	-1.128	0.000
0.000	-5.000	-0.028	-1.128	0.000
0.000	-5.000	-0.028	-1.128	0.000
0.000	-5.000	-0.028	-1.128	0.000
0.000	-5.000	-0.028	-1.128	0.000
0.000	-5.000	-0.030	-1.187	0.000
0.000	-5.000	-0.030	-1.187	0.000
0.000	-5.000	-0.028	-1.128	0.000
0.000	-5.000	-0.030	-1.187	0.000
0.000	-5.000	-0.030	-1.187	0.000
0.000	-5.000	-0.028	-1.128	0.000
0.000	-5.000	-0.028	-1.128	0.000
0.000	-5.000	-0.030	-1.187	0.000
0.000	-5.000	-0.030	-1.187	0.000
0.000	-5.000	-0.028	-1.128	0.000
0.000	-5.000	-0.028	-1.128	0.000
0.000	-5.000	-0.027	-1.069	0.000
0.000	-5.000	-0.025	-1.010	0.000
0.000	-5.000	-0.024	-0.951	0.000
0.000	-5.000	-0.025	-1.010	0.000
0.000	-5.000	-0.022	-0.891	0.000
0.000	-5.000	-0.022	-0.891	0.000
0.000	-5.000	-0.022	-0.891	0.000
0.000	-5.000	-0.021	-0.832	0.000
0.000	-5.000	-0.018	-0.714	0.000
0.000	-5.000	-0.019	-0.773	0.000
0.000	-5.000	-0.016	-0.655	0.000
0.000	-5.000	-0.018	-0.714	0.000
0.000	-5.000	-0.016	-0.655	0.000
0.000	-5.000	-0.013	-0.537	0.000
0.000	-5.000	-0.013	-0.537	0.000
0.000	-5.000	-0.010	-0.418	0.000
0.000	-5.000	-0.012	-0.478	0.000
0.000	-5.000	-0.010	-0.418	0.000
0.000	-5.000	-0.010	-0.418	0.000
0.000	-5.000	-0.009	-0.359	0.000
0.000	-5.000	-0.008	-0.300	0.000
0.000	-5.000	-0.008	-0.300	0.000
0.000	-5.000	-0.006	-0.241	0.000
0.000	-5.000	-0.005	-0.182	0.000
0.000	-5.000	-0.005	-0.182	0.000
0.000	-5.000	-0.002	-0.064	0.000
0.000	-5.000	-0.002	-0.064	0.000
0.000	-5.000	-0.002	-0.064	0.000
0.000	-5.000	-0.002	-0.064	0.000
0.000	-5.000	0.001	0.055	0.000
0.000	-5.000	0.001	0.055	0.000
0.000	-5.000	0.001	0.055	0.000
0.000	-5.000	0.001	0.055	0.000
0.000	-5.000	0.001	0.055	0.000
0.000	-5.000	0.004	0.173	0.000
0.000	-5.000	0.003	0.114	0.000
0.000	-5.000	0.004	0.173	0.000
0.000	-5.000	0.004	0.173	0.000
0.000	-5.000	0.006	0.232	0.000
0.000	-5.000	0.004	0.173	0.000
0.000	-5.000	0.006	0.232	0.000
0.000	-5.000	0.006	0.232	0.000
0.000	-5.000	0.007	0.291	0.000
0.000	-5.000	0.006	0.232	0.000
0.000	-5.000	0.004	0.173	0.000
0.000	-5.000	0.007	0.291	0.000
0.000	-5.000	0.006	0.232	0.000
0.000	-5.000	0.007	0.291	0.000
0.000	-5.000	0.004	0.173	0.000
0.000	-5.000	0.006	0.232	0.000
0.000	-5.000	0.009	0.350	0.000
0.000	-5.000	0.007	0.291	0.000
0.000	-5.000	0.007	0.291	0.000
0.000	-5.000	0.006	0.232	0.000
0.000	-5.000	0.007	0.291	0.000
0.000	-5.000	0.007	0.291	0.000
0.000	-5.000	0.007	0.291	0.000
0.000	-5.000	0.007	0.291	0.000
0.000	-5.000	0.007	0.291	0.000
0.000	-5.000	0.007	0.291	0.000
0.000	-5.000	0.007	0.291	0.000
0.000	-5.000	0.006	0.232	0.000
0.000	-5.000	0.007	0.291	0.000
0.000	-5.000	0.007	0.291	0.000
0.000	-5.000	0.007	0.291	0.000
0.000	-5.000	0.006	0.232	0.000
0.000	-5.000	0.007	0.291	0.000
0.000	-5.000	0.006	0.232	0.000
0.000	-5.000	0.009	0.350	0.000
0.000	-5.000	0.007	0.291	0.000
0.000	-5.000	0.007	0.291	0.000
0.000	-5.000	0.007	0.291	0.000
0.000	-5.000	0.007	0.291	0.000
0.000	-5.000	0.007	0.291	0.000
0.000	-5.000	0.007	0.291	0.000
0.000	-5.000	0.006	0.232	0.000
0.000	-5.000	0.007	0.291	0.000
0.000	-5.000	0.007	0.291	0.000
0.000	-5.000	0.004	0.173	0.000
0.000	-5.000	0.007	0.291	0.000
0.000	-5.000	0.007	0.291	0.000
0.000	-5.000	0.006	0.232	0.000
0.000	-5.000	0.007	0.291	0.000
0.000	-5.000	0.007	0.291	0.000
0.000	-5.000	0.006	0.232	0.000
0.000	-5.000	0.006	0.232	0.000
0.000	-5.000	0.004	0.173	0.000
0.000	-5.000	0.004	0.173	0.000
0.000	-5.000	0.004	0.173	0.000
0.000	-5.000	0.001	0.055	0.000
0.000	-5.000	0.004	0.173	0.000
0.000	-5.000	0.004	0.173	0.000
0.000	-5.000	0.003	0.114	0.000
0.000	-5.000	0.001	0.055	0.000
0.000	-5.000	0.003	0.114	0.000
0.000	-5.000	0.003	0.114	0.000
0.000	-5.000	0.001	0.055	0.000
0.000	-5.000	0.001	0.055	0.000
0.000	-5.000	0.003	0.114	0.000
0.000	-5.000	0.001	0.055	0.000
0.000	-5.000	0.001	0.055	0.000
0.000	-5.000	-0.002	-0.064	0.000
0.000	-5.000	-0.002	-0.064	0.000
0.000	-5.000	0.001	0.055	0.000
0.000	-5.000	-0.000	-0.004	0.000
0.000	-5.000	-0.002	-0.064	0.000
0.000	-5.000	-0.003	-0.123	0.000
0.000	-5.000	-0.002	-0.064	0.000
0.000	-5.000	-0.003	-0.123	0.000
0.000	-5.000	-0.002	-0.064	0.000
0.000	-5.000	-0.002	-0.064	0.000
0.000	-5.000	-0.002	-0.064	0.000
0.000	-5.000	-0.002	-0.064	0.000
0.000	-5.000	-0.000	-0.004	0.000
0.000	-5.000	-0.002	-0.064	0.000
0.000	-5.000	-0.002	-0.064	0.000
0.000	-5.000	-0.002	-0.064	0.000
0.000	-5.000	-0.002	-0.064	0.000
0.000	-5.000	-0.002	-0.064	0.000
0.000	-5.000	-0.002	-0.064	0.000
0.000	-5.000	-0.002	-0.064	0.000
0.000	-5.000	-0.000	-0.004	0.000
0.000	-5.000	-0.002	-0.064	0.000
0.000	-5.000	-0.002	-0.064	0.000
0.000	-5.000	-0.002	-0.064	0.000
0.000	-5.000	-0.003	-0.123	0.000
0.000	-5.000	-0.002	-0.064	0.000
0.000	-5.000	-0.002	-0.064	0.000
0.000	-5.000	-0.002	-0.064	0.000
0.000	-5.000	-0.002	-0.064	0.000
0.000	-5.000	-0.002	-0.064	0.000
0.000	-5.000	-0.002	-0.064	0.000
0.000	-5.000	-0.003	-0.123	0.000
0.000	-5.000	-0.002	-0.064	0.000
0.000	-5.000	-0.003	-0.123	0.000
0.000	-5.000	-0.002	-0.064	0.000
0.000	-5.000	-0.002	-0.064	0.000
0.000	-5.000	-0.002	-0.064	0.000
0.000	-5.000	-0.002	-0.064	0.000
0.000	-5.000	-0.002	-0.064	0.000
0.000	-5.000	-0.002	-0.064	0.000
0.000	-5.000	-0.002	-0.064	0.000
0.000	-5.000	-0.000	-0.004	0.000
0.000	-5.000	-0.002	-0.064	0.000
0.000	-5.000	-0.003	-0.123	0.000
0.000	-5.000	-0.002	-0.064	0.000
0.000	-5.000	-0.002	-0.064	0.000
0.000	-5.000	-0.002	-0.064	0.000
0.000	-5.000	-0.002	-0.064	0.000
0.000	-5.000	-0.002	-0.064	0.000
0.000	-5.000	-0.002	-0.064	0.000
0.000	-5.000	0.001	0.055	0.000
0.000	-5.000	-0.002	-0.064	0.000
0.000	-5.000	-0.000	-0.004	0.000
0.000	-5.000	-0.002	-0.064	0.000
0.000	-5.000	-0.003	-0.123	0.000
0.000	-5.000	-0.002	-0.064	0.000
0.000	-5.000	-0.002	-0.064	0.000
0.000	-5.000	-0.002	-0.064	0.000
0.000	-5.000	-0.002	-0.064	0.000
0.000	-5.000	-0.002	-0.064	0.000
0.000	-5.000	-0.002	-0.064	0.000
0.000	-5.000	-0.002	-0.064	0.000
0.000	-5.000	-0.002	-0.064	0.000
0.000	-5.000	-0.002	-0.064	0.000
0.000	-5.000	-0.000	-0.004	0.000
0.000	-5.000	-0.000	-0.004	0.000
0.000	-5.000	-0.002	-0.064	0.000
0.000	-5.000	-0.002	-0.064	0.000
0.000	-5.000	0.001	0.055	0.000
0.000	-5.000	-0.002	-0.064	0.000
0.000	-5.000	-0.002	-0.064	0.000
0.000	-5.000	-0.002	-0.064	0.000
0.000	-5.000	-0.002	-0.064	0.000
0.000	-5.000	-0.002	-0.064	0.000
0.000	-5.000	-0.002	-0.064	0.000
0.000	-5.000	-0.002	-0.064	0.000
0.000	-5.000	-0.002	-0.064	0.000
0.000	-5.000	-0.002	-0.064	0.000
0.000	-5.000	-0.002	-0.064	0.000
0.000	-5.000	-0.002	-0.064	0.000
0.000	-5.000	0.001	0.055	0.000
0.000	-5.000	-0.002	-0.064	0.000
0.000	-5.000	-0.002	-0.064	0.000
0.000	-5.000	-0.002	-0.064	0.000
0.000	-5.000	-0.003	-0.123	0.000
0.000	-5.000	-0.000	-0.004	0.000
0.000	-5.000	-0.002	-0.064	0.000
0.000	-5.000	-0.002	-0.064	0.000
0.000	-5.000	-0.002	-0.064	0.000
0.000	-5.000	-0.003	-0.123	0.000
0.000	-5.000	-0.002	-0.064	0.000
0.000	-5.000	-0.002	-0.064	0.000
0.000	-5.000	-0.003	-0.123	0.000
0.000	-5.000	-0.002	-0.064	0.000
0.000	-5.000	-0.002	-0.064	0.000
0.000	-5.000	-0.002	-0.064	0.000
0.000	-5.000	-0.002	-0.064	0.000
0.000	-5.000	-0.000	-0.004	0.000
0.000	-5.000	-0.002	-0.064	0.000
0.000	-5.000	-0.002	-0.064	0.000
0.000	-5.000	-0.002	-0.064	0.000
0.000	-5.000	-0.002	-0.064	0.000
0.000	-5.000	-0.003	-0.123	0.000
0.000	-5.000	-0.000	-0.004	0.000
0.000	-5.000	-0.002	-0.064	0.000
0.000	-5.000	-0.002	-0.064	0.000
0.000	-5.000	-0.002	-0.064	0.000
0.000	-5.000	-0.000	-0.004	0.000
0.000	-5.000	-0.002	-0.064	0.000
0.000	-5.000	-0.002	-0.064	0.000
0.000	-5.000	-0.000	-0.004	0.000
0.000	-5.000	-0.002	-0.064	0.000
0.000	-5.000	-0.000	-0.004	0.000
0.000	-5.000	-0.002	-0.064	0.000
0.000	-5.000	-0.002	-0.064	0.000
0.000	-5.000	-0.002	-0.064	0.000
0.000	-5.000	-0.002	-0.064	0.000
0.000	-5.000	-0.002	-0.064	0.000
0.000	-5.000	-0.002	-0.064	0.000
0.000	-5.000	-0.002	-0.064	0.000
0.000	-5.000	-0.003	-0.123	0.000
0.000	-5.000	-0.002	-0.064	0.000
0.000	-5.000	-0.002	-0.064	0.000
0.000	-5.000	-0.002	-0.064	0.000
0.000	-5.000	-0.002	-0.064	0.000
0.000	-5.000	-0.002	-0.064	0.000
0.000	-5.000	-0.002	-0.064	0.000
0.000	-5.000	-0.002	-0.064	0.000
0.000	-5.000	-0.002	-0.064	0.000
0.000	-5.000	-0.002	-0.064	0.000
0.000	-5.000	-0.000	-0.004	0.000
0.000	-5.000	-0.002	-0.064	0.000
0.000	-5.000	-0.002	-0.064	0.000
0.000	-5.000	0.001	0.055	0.000
0.000	-5.000	-0.002	-0.064	0.000
0.000	-5.000	-0.002	-0.064	0.000
0.000	-5.000	-0.002	-0.064	0.000
0.000	-5.000	-0.002	-0.064	0.000
0.000	-5.000	-0.002	-0.064	0.000
0.000	-5.000	-0.002	-0.064	0.000
0.000	-5.000	-0.002	-0.064	0.000
0.000	-5.000	-0.002	-0.064	0.000
0.000	-5.000	-0.002	-0.064	0.000
0.000	-5.000	-0.002	-0.064	0.000
0.000	-5.000	-0.003	-0.123	0.000
0.000	-5.000	-0.000	-0.004	0.000
0.000	-5.000	-0.002	-0.064	0.000
0.000	-5.000	-0.000	-0.004	0.000
0.000	-5.000	-0.002	-0.064	0.000
0.000	-5.000	-0.002	-0.064	0.000
0.000	-5.000	-0.002	-0.064	0.000
0.000	-5.000	-0.002	-0.064	0.000
0.000	-5.000	-0.003	-0.123	0.000
0.000	-5.000	-0.002	-0.064	0.000
0.000	-5.000	-0.002	-0.064	0.000
0.000	-5.000	-0.002	-0.064	0.000
0.000	-5.000	-0.002	-0.064	0.000
0.000	-5.000	-0.000	-0.004	0.000
0.000	-5.000	0.001	0.055	0.000
0.000	-5.000	-0.002	-0.064	0.000
0.000	-5.000	-0.002	-0.064	0.000
0.000	-5.000	-0.002	-0.064	0.000
0.000	-5.000	-0.002	-0.064	0.000
0.000	-5.000	-0.002	-0.064	0.000
0.000	-5.000	-0.002	-0.064	0.000
0.000	-5.000	-0.002	-0.064	0.000
0.000	-5.000	-0.002	-0.064	0.000
0.000	-5.000	-0.000	-0.004	0.000
0.000	-5.000	-0.002	-0.064	0.000
0.000	-5.000	-0.002	-0.064	0.000
0.000	-5.000	-0.002	-0.064	0.000
0.000	-5.000	-0.000	-0.004	0.000
0.000	-5.000	-0.002	-0.064	0.000
0.000	-5.000	-0.002	-0.064	0.000
0.000	-5.000	-0.002	-0.064	0.000
0.000	-5.000	-0.002	-0.064	0.000
0.000	-5.000	-0.002	-0.064	0.000
0.000	-5.000	-0.002	-0.064	0.000
0.000	-5.000	-0.002	-0.064	0.000
0.000	-5.000	-0.002	-0.064	0.000
0.000	-5.000	-0.002	-0.064	0.000
0.000	-5.000	-0.002	-0.064	0.000
0.000	-5.000	-0.002	-0.064	0.000
0.000	-5.000	-0.002	-0.064	0.000
0.000	-5.000	-0.000	-0.004	0.000
0.000	-5.000	-0.002	-0.064	0.000
0.000	-5.000	-0.002	-0.064	0.000
0.000	-5.000	-0.002	-0.064	0.000
0.000	-5.000	-0.003	-0.123	0.000
0.000	-5.000	0.001	0.055	0.000
0.000	-5.000	-0.005	-0.182	0.000
0.000	-5.000	-0.002	-0.064	0.000
0.000	-5.000	-0.002	-0.064	0.000
0.000	-5.000	-0.002	-0.064	0.000
0.000	-5.000	-0.002	-0.064	0.000
0.000	-5.000	-0.000	-0.004	0.000
0.000	-5.000	-0.002	-0.064	0.000
0.000	-5.000	-0.000	-0.004	0.000
0.000	-5.000	-0.000	-0.004	0.000
0.000	-5.000	-0.000	-0.004	0.000
0.000	-5.000	-0.002	-0.064	0.000
0.000	-5.000	0.001	0.055	0.000
0.000	-5.000	-0.002	-0.064	0.000
0.000	-5.000	-0.002	-0.064	0.000
0.000	-5.000	-0.000	-0.004	0.000
0.000	-5.000	-0.002	-0.064	0.000
0.000	-5.000	-0.000	-0.004	0.000
0.000	-5.000	-0.002	-0.064	0.000
0.000	-5.000	0.001	0.055	0.000
0.000	-5.000	0.001	0.055	0.000
0.000	-5.000	-0.002	-0.064	0.000
0.000	-5.000	-0.002	-0.064	0.000
0.000	-5.000	-0.000	-0.004	0.000
0.000	-5.000	0.001	0.055	0.000
0.000	-5.000	0.001	0.055	0.000
0.000	-5.000	-0.002	-0.064	0.000
0.000	-5.000	-0.002	-0.064	0.000
0.000	-5.000	-0.000	-0.004	0.000
0.000	-5.000	-0.002	-0.064	0.000
0.000	-5.000	-0.002	-0.064	0.000
0.000	-5.000	-0.002	-0.064	0.000
0.000	-5.000	0.001	0.055	0.000
0.000	-5.000	-0.003	-0.123	0.000
0.000	-5.000	0.001	0.055	0.000
0.000	-5.000	0.001	0.055	0.000
0.000	-5.000	0.001	0.055	0.000
0.000	-5.000	-0.000	-0.004	0.000
0.000	-5.000	0.001	0.055	0.000
0.000	-5.000	-0.000	-0.004	0.000
0.000	-5.000	-0.002	-0.064	0.000
0.000	-5.000	-0.002	-0.064	0.000
0.000	-5.000	-0.000	-0.004	0.000
0.000	-5.000	-0.002	-0.064	0.000
0.000	-5.000	0.001	0.055	0.000
0.000	-5.000	-0.002	-0.064	0.000
0.000	-5.000	-0.002	-0.064	0.000
0.000	-5.000	-0.002	-0.064	0.000
0.000	-5.000	-0.000	-0.004	0.000
0.000	-5.000	-0.002	-0.064	0.000
0.000	-5.000	-0.002	-0.064	0.000
0.000	-5.000	-0.000	-0.004	0.000
0.000	-5.000	-0.002	-0.064	0.000
0.000	-5.000	0.001	0.055	0.000
0.000	-5.000	0.001	0.055	0.000
0.000	-5.000	-0.002	-0.064	0.000
0.000	-5.000	-0.002	-0.064	0.000
0.000	-5.000	-0.002	-0.064	0.000
0.000	-5.000	-0.002	-0.064	0.000
0.000	-5.000	-0.002	-0.064	0.000
0.000	-5.000	-0.002	-0.064	0.000
0.000	-5.000	-0.002	-0.064	0.000
0.000	-5.000	0.001	0.055	0.000
0.000	-5.000	-0.002	-0.064	0.000
0.000	-5.000	-0.002	-0.064	0.000
0.000	-5.000	-0.002	-0.064	0.000
0.000	-5.000	-0.000	-0.004	0.000
0.000	-5.000	-0.002	-0.064	0.000
0.000	-5.000	-0.002	-0.064	0.000
0.000	-5.000	-0.002	-0.064	0.000
0.000	-5.000	-0.000	-0.004	0.000
0.000	-5.000	-0.000	-0.004	0.000
0.000	-5.000	-0.002	-0.064	0.000
0.000	-5.000	-0.002	-0.064	0.000
0.000	-5.000	-0.000	-0.004	0.000
0.000	-5.000	-0.002	-0.064	0.000
0.000	-5.000	-0.000	-0.004	0.000
0.000	-5.000	-0.000	-0.004	0.000
0.000	-5.000	-0.002	-0.064	0.000
0.000	-5.000	-0.002	-0.064	0.000
0.000	-5.000	-0.000	-0.004	0.000
0.000	-5.000	-0.002	-0.064	0.000
0.000	-5.000	-0.002	-0.064	0.000
0.000	-5.000	-0.000	-0.004	0.000
0.000	-5.000	-0.002	-0.064	0.000
0.000	-5.000	-0.002	-0.064	0.000
0.000	-5.000	-0.002	-0.064	0.000
0.000	-5.000	-0.000	-0.004	0.000
0.000	-5.000	-0.002	-0.064	0.000
0.000	-5.000	-0.002	-0.064	0.000
0.000	-5.000	-0.002	-0.064	0.000
0.000	-5.000	-0.000	-0.004	0.000
0.000	-5.000	0.001	0.055	0.000
0.000	-5.000	0.001	0.055	0.000
0.000	-5.000	-0.002	-0.064	0.000
0.000	-5.000	-0.002	-0.064	0.000
0.000	-5.000	0.001	0.055	0.000
0.000	-5.000	-0.000	-0.004	0.000
0.000	-5.000	-0.002	-0.064	0.000
0.000	-5.000	-0.002	-0.064	0.000
0.000	-5.000	-0.000	-0.004	0.000
0.000	-5.000	-0.000	-0.004	0.000
0.000	-5.000	0.001	0.055	0.000
0.000	-5.000	-0.002	-0.064	0.000
0.000	-5.000	-0.002	-0.064	0.000
0.000	-5.000	-0.000	-0.004	0.000
0.000	-5.000	-0.002	-0.064	0.000
0.000	-5.000	-0.002	-0.064	0.000
0.000	-5.000	-0.002	-0.064	0.000
0.000	-5.000	-0.002	-0.064	0.000
0.000	-5.000	-0.002	-0.064	0.000
0.000	-5.000	-0.000	-0.004	0.000
0.000	-5.000	-0.002	-0.064	0.000
0.000	-5.000	-0.000	-0.004	0.000
0.000	-5.000	-0.002	-0.064	0.000
0.000	-5.000	0.001	0.055	0.000
0.000	-5.000	-0.002	-0.064	0.000
0.000	-5.000	-0.002	-0.064	0.000
0.000	-5.000	-0.002	-0.064	0.000
0.000	-5.000	-0.002	-0.064	0.000
0.000	-5.000	-0.002	-0.064	0.000
0.000	-5.000	-0.002	-0.064	0.000
0.000	-5.000	-0.002	-0.064	0.000
0.000	-5.000	-0.000	-0.004	0.000
0.000	-5.000	-0.002	-0.064	0.000
0.000	-5.000	0.001	0.055	0.000
0.000	-5.000	-0.002	-0.064	0.000
0.000	-5.000	-0.002	-0.064	0.000
0.000	-5.000	-0.002	-0.064	0.000
0.000	-5.000	-0.002	-0.064	0.000
0.000	-5.000	-0.002	-0.064	0.000
0.000	-5.000	-0.002	-0.064	0.000
0.000	-5.000	-0.002	-0.064	0.000
0.000	-5.000	-0.002	-0.064	0.000
0.000	-5.000	-0.000	-0.004	0.000
0.000	-5.000	-0.002	-0.064	0.000
0.000	-5.000	-0.002	-0.064	0.000
0.000	-5.000	-0.002	-0.064	0.000
0.000	-5.000	-0.002	-0.064	0.000
0.000	-5.000	-0.000	-0.004	0.000
0.000	-5.000	-0.002	-0.064	0.000
0.000	-5.000	-0.002	-0.064	0.000
0.000	-5.000	0.001	0.055	0.000
0.000	-5.000	-0.002	-0.064	0.000
0.000	-5.000	-0.000	-0.004	0.000
