ref	v	theta	v	ball
0.000	-5.000	0.025	0.000	0.000
0.000	-5.000	0.025	0.000	0.000
0.000	-5.000	0.026	0.000	0.000
0.200	-5.000	0.025	-3.325	0.000
0.200	-5.000	0.021	-3.409	0.000
0.200	-5.000	0.022	-3.381	0.000
0.200	-5.000	0.021	-3.409	0.000
0.200	-5.000	0.022	-3.381	0.000
0.200	-5.000	0.024	-3.353	0.000
0.200	-5.000	0.025	-3.325	0.000
0.200	-5.000	0.025	-3.325	0.000
0.200	-5.000	0.026	-3.297	0.000
0.200	-5.000	0.028	-3.268	0.000
0.200	-5.000	0.029	-3.240	0.000
0.200	-5.000	0.031	-3.212	0.000
0.200	-5.000	0.034	-3.156	0.000
0.200	-5.000	0.038	-3.072	0.000
0.200	-5.000	0.035	-3.128	0.000
0.200	-5.000	0.043	-2.988	0.000
0.200	-5.000	0.046	-2.931	0.000
0.200	-5.000	0.049	-2.875	0.000
0.200	-5.000	0.050	-2.847	0.000
0.200	-5.000	0.055	-2.763	0.000
0.200	-5.000	0.058	-2.707	0.000
0.200	-5.000	0.061	-2.650	0.000
0.200	-5.000	0.063	-2.594	0.000
0.200	-5.000	0.066	-2.538	0.000
0.200	-5.000	0.071	-2.454	0.000
0.200	-5.000	0.074	-2.398	0.000
0.200	-5.000	0.077	-2.341	0.000
0.200	-5.000	0.083	-2.229	0.000
0.200	-5.000	0.086	-2.173	0.000
0.200	-5.000	0.087	-2.145	0.000
0.200	-5.000	0.092	-2.061	0.000
0.200	-5.000	0.095	-2.004	0.000
0.200	-5.000	0.099	-1.920	0.000
0.200	-5.000	0.103	-1.836	0.000
0.200	-5.000	0.103	-1.836	0.000
0.200	-5.000	0.108	-1.752	0.000
0.200	-5.000	0.111	-1.695	0.000
0.200	-5.000	0.115	-1.611	0.000
0.200	-5.000	0.118	-1.555	0.000
0.200	-5.000	0.120	-1.527	0.000
0.200	-5.000	0.124	-1.443	0.000
0.200	-5.000	0.129	-1.358	0.000
0.200	-5.000	0.131	-1.302	0.000
0.200	-5.000	0.134	-1.246	0.000
0.200	-5.000	0.139	-1.162	0.000
0.200	-5.000	0.140	-1.134	0.000
0.200	-5.000	0.142	-1.106	0.000
0.200	-5.000	0.146	-1.021	0.000
0.200	-5.000	0.149	-0.965	0.000
0.200	-5.000	0.149	-0.965	0.000
0.200	-5.000	0.155	-0.853	0.000
0.200	-5.000	0.160	-0.768	0.000
0.200	-5.000	0.163	-0.712	0.000
0.200	-5.000	0.164	-0.684	0.000
0.200	-5.000	0.167	-0.628	0.000
0.200	-5.000	0.168	-0.600	0.000
0.200	-5.000	0.171	-0.544	0.000
0.200	-5.000	0.173	-0.516	0.000
0.200	-5.000	0.176	-0.459	0.000
0.200	-5.000	0.177	-0.431	0.000
0.200	-5.000	0.180	-0.375	0.000
0.200	-5.000	0.183	-0.319	0.000
0.200	-5.000	0.185	-0.291	0.000
0.200	-5.000	0.185	-0.291	0.000
0.200	-5.000	0.188	-0.235	0.000
0.200	-5.000	0.191	-0.179	0.000
0.200	-5.000	0.192	-0.150	0.000
0.200	-5.000	0.194	-0.122	0.000
0.200	-5.000	0.197	-0.066	0.000
0.200	-5.000	0.199	-0.010	0.000
0.200	-5.000	0.199	-0.010	0.000
0.200	-5.000	0.201	0.018	0.000
0.200	-5.000	0.202	0.046	0.000
0.200	-5.000	0.204	0.074	0.000
0.200	-5.000	0.205	0.102	0.000
0.200	-5.000	0.205	0.102	0.000
0.200	-5.000	0.205	0.102	0.000
0.200	-5.000	0.208	0.158	0.000
0.200	-5.000	0.208	0.158	0.000
0.200	-5.000	0.208	0.158	0.000
0.200	-5.000	0.211	0.215	0.000
0.200	-5.000	0.208	0.158	0.000
0.200	-5.000	0.213	0.243	0.000
0.200	-5.000	0.211	0.215	0.000
0.200	-5.000	0.213	0.243	0.000
0.200	-5.000	0.211	0.215	0.000
0.200	-5.000	0.211	0.215	0.000
0.200	-5.000	0.213	0.243	0.000
0.200	-5.000	0.211	0.215	0.000
0.200	-5.000	0.213	0.243	0.000
0.200	-5.000	0.211	0.215	0.000
0.200	-5.000	0.213	0.243	0.000
0.200	-5.000	0.211	0.215	0.000
0.200	-5.000	0.211	0.215	0.000
0.200	-5.000	0.211	0.215	0.000
0.200	-5.000	0.211	0.215	0.000
0.200	-5.000	0.211	0.215	0.000
0.200	-5.000	0.211	0.215	0.000
0.200	-5.000	0.211	0.215	0.000
0.200	-5.000	0.213	0.243	0.000
0.200	-5.000	0.213	0.243	0.000
0.200	-5.000	0.213	0.243	0.000
0.200	-5.000	0.211	0.215	0.000
0.200	-5.000	0.211	0.215	0.000
0.200	-5.000	0.213	0.243	0.000
0.200	-5.000	0.211	0.215	0.000
0.200	-5.000	0.213	0.243	0.000
0.200	-5.000	0.213	0.243	0.000
0.200	-5.000	0.213	0.243	0.000
0.200	-5.000	0.213	0.243	0.000
0.200	-5.000	0.213	0.243	0.000
0.200	-5.000	0.213	0.243	0.000
0.200	-5.000	0.213	0.243	0.000
0.200	-5.000	0.213	0.243	0.000
0.200	-5.000	0.213	0.243	0.000
0.200	-5.000	0.213	0.243	0.000
0.200	-5.000	0.213	0.243	0.000
0.200	-5.000	0.210	0.187	0.000
0.200	-5.000	0.213	0.243	0.000
0.200	-5.000	0.213	0.243	0.000
0.200	-5.000	0.211	0.215	0.000
0.200	-5.000	0.213	0.243	0.000
0.200	-5.000	0.211	0.215	0.000
0.200	-5.000	0.211	0.215	0.000
0.200	-5.000	0.213	0.243	0.000
0.200	-5.000	0.213	0.243	0.000
0.200	-5.000	0.211	0.215	0.000
0.200	-5.000	0.213	0.243	0.000
0.200	-5.000	0.213	0.243	0.000
0.200	-5.000	0.213	0.243	0.000
0.200	-5.000	0.213	0.243	0.000
0.200	-5.000	0.211	0.215	0.000
0.200	-5.000	0.213	0.243	0.000
0.200	-5.000	0.213	0.243	0.000
0.200	-5.000	0.213	0.243	0.000
0.200	-5.000	0.211	0.215	0.000
0.200	-5.000	0.213	0.243	0.000
0.200	-5.000	0.210	0.187	0.000
0.200	-5.000	0.211	0.215	0.000
0.200	-5.000	0.211	0.215	0.000
0.200	-5.000	0.210	0.187	0.000
0.200	-5.000	0.210	0.187	0.000
0.200	-5.000	0.208	0.158	0.000
0.200	-5.000	0.210	0.187	0.000
0.200	-5.000	0.208	0.158	0.000
0.200	-5.000	0.207	0.130	0.000
0.200	-5.000	0.208	0.158	0.000
0.200	-5.000	0.208	0.158	0.000
0.200	-5.000	0.208	0.158	0.000
0.200	-5.000	0.207	0.130	0.000
0.200	-5.000	0.207	0.130	0.000
0.200	-5.000	0.205	0.102	0.000
0.200	-5.000	0.208	0.158	0.000
0.200	-5.000	0.205	0.102	0.000
0.200	-5.000	0.204	0.074	0.000
0.200	-5.000	0.205	0.102	0.000
0.200	-5.000	0.205	0.102	0.000
0.200	-5.000	0.205	0.102	0.000
0.200	-5.000	0.204	0.074	0.000
0.200	-5.000	0.205	0.102	0.000
0.200	-5.000	0.204	0.074	0.000
0.200	-5.000	0.202	0.046	0.000
0.200	-5.000	0.204	0.074	0.000
0.200	-5.000	0.202	0.046	0.000
0.200	-5.000	0.204	0.074	0.000
0.200	-5.000	0.204	0.074	0.000
0.200	-5.000	0.202	0.046	0.000
0.200	-5.000	0.202	0.046	0.000
0.200	-5.000	0.204	0.074	0.000
0.200	-5.000	0.204	0.074	0.000
0.200	-5.000	0.202	0.046	0.000
0.200	-5.000	0.202	0.046	0.000
0.200	-5.000	0.202	0.046	0.000
0.200	-5.000	0.201	0.018	0.000
0.200	-5.000	0.202	0.046	0.000
0.200	-5.000	0.202	0.046	0.000
0.200	-5.000	0.201	0.018	0.000
0.200	-5.000	0.201	0.018	0.000
0.200	-5.000	0.202	0.046	0.000
0.200	-5.000	0.202	0.046	0.000
0.200	-5.000	0.202	0.046	0.000
0.200	-5.000	0.202	0.046	0.000
0.200	-5.000	0.201	0.018	0.000
0.200	-5.000	0.201	0.018	0.000
0.200	-5.000	0.202	0.046	0.000
0.200	-5.000	0.202	0.046	0.000
0.200	-5.000	0.201	0.018	0.000
0.200	-5.000	0.201	0.018	0.000
0.200	-5.000	0.201	0.018	0.000
0.200	-5.000	0.201	0.018	0.000
0.200	-5.000	0.202	0.046	0.000
0.200	-5.000	0.201	0.018	0.000
0.200	-5.000	0.201	0.018	0.000
0.200	-5.000	0.201	0.018	0.000
0.200	-5.000	0.202	0.046	0.000
0.200	-5.000	0.201	0.018	0.000
0.200	-5.000	0.202	0.046	0.000
0.200	-5.000	0.201	0.018	0.000
0.200	-5.000	0.202	0.046	0.000
0.200	-5.000	0.204	0.074	0.000
0.200	-5.000	0.201	0.018	0.000
0.200	-5.000	0.202	0.046	0.000
0.200	-5.000	0.202	0.046	0.000
0.200	-5.000	0.201	0.018	0.000
0.200	-5.000	0.202	0.046	0.000
0.200	-5.000	0.202	0.046	0.000
0.200	-5.000	0.202	0.046	0.000
0.200	-5.000	0.201	0.018	0.000
0.200	-5.000	0.201	0.018	0.000
0.200	-5.000	0.201	0.018	0.000
0.200	-5.000	0.201	0.018	0.000
0.200	-5.000	0.201	0.018	0.000
0.200	-5.000	0.204	0.074	0.000
0.200	-5.000	0.201	0.018	0.000
0.200	-5.000	0.199	-0.010	0.000
0.200	-5.000	0.201	0.018	0.000
0.200	-5.000	0.202	0.046	0.000
0.200	-5.000	0.199	-0.010	0.000
0.200	-5.000	0.202	0.046	0.000
0.200	-5.000	0.202	0.046	0.000
0.200	-5.000	0.201	0.018	0.000
0.200	-5.000	0.202	0.046	0.000
0.200	-5.000	0.201	0.018	0.000
0.200	-5.000	0.201	0.018	0.000
0.200	-5.000	0.202	0.046	0.000
0.200	-5.000	0.201	0.018	0.000
0.200	-5.000	0.201	0.018	0.000
0.200	-5.000	0.201	0.018	0.000
0.200	-5.000	0.201	0.018	0.000
0.200	-5.000	0.201	0.018	0.000
0.200	-5.000	0.201	0.018	0.000
0.200	-5.000	0.202	0.046	0.000
0.200	-5.000	0.201	0.018	0.000
0.200	-5.000	0.199	-0.010	0.000
0.200	-5.000	0.202	0.046	0.000
0.200	-5.000	0.202	0.046	0.000
0.200	-5.000	0.202	0.046	0.000
0.200	-5.000	0.202	0.046	0.000
0.200	-5.000	0.201	0.018	0.000
0.200	-5.000	0.202	0.046	0.000
0.200	-5.000	0.202	0.046	0.000
0.200	-5.000	0.202	0.046	0.000
0.200	-5.000	0.201	0.018	0.000
0.200	-5.000	0.202	0.046	0.000
0.200	-5.000	0.201	0.018	0.000
0.200	-5.000	0.202	0.046	0.000
0.200	-5.000	0.201	0.018	0.000
0.200	-5.000	0.201	0.018	0.000
0.200	-5.000	0.201	0.018	0.000
0.200	-5.000	0.202	0.046	0.000
0.200	-5.000	0.201	0.018	0.000
0.200	-5.000	0.202	0.046	0.000
0.200	-5.000	0.202	0.046	0.000
0.200	-5.000	0.201	0.018	0.000
0.200	-5.000	0.202	0.046	0.000
0.200	-5.000	0.202	0.046	0.000
0.200	-5.000	0.202	0.046	0.000
0.200	-5.000	0.202	0.046	0.000
0.200	-5.000	0.201	0.018	0.000
0.200	-5.000	0.202	0.046	0.000
0.200	-5.000	0.201	0.018	0.000
0.200	-5.000	0.201	0.018	0.000
0.200	-5.000	0.201	0.018	0.000
0.200	-5.000	0.201	0.018	0.000
0.200	-5.000	0.202	0.046	0.000
0.200	-5.000	0.201	0.018	0.000
0.200	-5.000	0.199	-0.010	0.000
0.200	-5.000	0.201	0.018	0.000
0.200	-5.000	0.204	0.074	0.000
0.200	-5.000	0.202	0.046	0.000
0.200	-5.000	0.201	0.018	0.000
0.200	-5.000	0.202	0.046	0.000
0.200	-5.000	0.201	0.018	0.000
0.200	-5.000	0.201	0.018	0.000
0.200	-5.000	0.201	0.018	0.000
0.200	-5.000	0.202	0.046	0.000
0.200	-5.000	0.202	0.046	0.000
0.200	-5.000	0.201	0.018	0.000
0.200	-5.000	0.201	0.018	0.000
0.200	-5.000	0.201	0.018	0.000
0.200	-5.000	0.201	0.018	0.000
0.200	-5.000	0.202	0.046	0.000
0.200	-5.000	0.202	0.046	0.000
0.200	-5.000	0.201	0.018	0.000
0.200	-5.000	0.202	0.046	0.000
0.200	-5.000	0.202	0.046	0.000
0.200	-5.000	0.202	0.046	0.000
0.200	-5.000	0.202	0.046	0.000
0.200	-5.000	0.202	0.046	0.000
0.200	-5.000	0.202	0.046	0.000
0.200	-5.000	0.201	0.018	0.000
0.200	-5.000	0.202	0.046	0.000
0.200	-5.000	0.201	0.018	0.000
0.200	-5.000	0.201	0.018	0.000
0.200	-5.000	0.201	0.018	0.000
0.200	-5.000	0.202	0.046	0.000
0.200	-5.000	0.202	0.046	0.000
0.200	-5.000	0.202	0.046	0.000
0.200	-5.000	0.201	0.018	0.000
0.200	-5.000	0.201	0.018	0.000
0.200	-5.000	0.199	-0.010	0.000
0.200	-5.000	0.202	0.046	0.000
0.200	-5.000	0.201	0.018	0.000
0.200	-5.000	0.202	0.046	0.000
0.200	-5.000	0.202	0.046	0.000
0.200	-5.000	0.202	0.046	0.000
0.200	-5.000	0.201	0.018	0.000
0.200	-5.000	0.201	0.018	0.000
0.200	-5.000	0.201	0.018	0.000
0.200	-5.000	0.202	0.046	0.000
0.200	-5.000	0.202	0.046	0.000
0.200	-5.000	0.202	0.046	0.000
0.200	-5.000	0.202	0.046	0.000
0.200	-5.000	0.201	0.018	0.000
0.200	-5.000	0.202	0.046	0.000
0.200	-5.000	0.199	-0.010	0.000
0.200	-5.000	0.202	0.046	0.000
0.200	-5.000	0.201	0.018	0.000
0.200	-5.000	0.202	0.046	0.000
0.200	-5.000	0.202	0.046	0.000
0.200	-5.000	0.202	0.046	0.000
0.200	-5.000	0.202	0.046	0.000
0.200	-5.000	0.201	0.018	0.000
0.200	-5.000	0.202	0.046	0.000
0.200	-5.000	0.202	0.046	0.000
0.200	-5.000	0.201	0.018	0.000
0.200	-5.000	0.201	0.018	0.000
0.200	-5.000	0.202	0.046	0.000
0.200	-5.000	0.202	0.046	0.000
0.200	-5.000	0.202	0.046	0.000
0.200	-5.000	0.201	0.018	0.000
0.200	-5.000	0.202	0.046	0.000
0.200	-5.000	0.202	0.046	0.000
0.200	-5.000	0.201	0.018	0.000
0.200	-5.000	0.202	0.046	0.000
0.200	-5.000	0.202	0.046	0.000
0.200	-5.000	0.202	0.046	0.000
0.200	-5.000	0.202	0.046	0.000
0.200	-5.000	0.201	0.018	0.000
0.200	-5.000	0.201	0.018	0.000
0.200	-5.000	0.202	0.046	0.000
0.200	-5.000	0.204	0.074	0.000
0.200	-5.000	0.201	0.018	0.000
0.200	-5.000	0.202	0.046	0.000
0.200	-5.000	0.201	0.018	0.000
0.200	-5.000	0.201	0.018	0.000
0.200	-5.000	0.202	0.046	0.000
0.200	-5.000	0.201	0.018	0.000
0.200	-5.000	0.202	0.046	0.000
0.200	-5.000	0.202	0.046	0.000
0.200	-5.000	0.202	0.046	0.000
0.200	-5.000	0.202	0.046	0.000
0.200	-5.000	0.201	0.018	0.000
0.200	-5.000	0.202	0.046	0.000
0.200	-5.000	0.202	0.046	0.000
0.200	-5.000	0.201	0.018	0.000
0.200	-5.000	0.201	0.018	0.000
0.200	-5.000	0.201	0.018	0.000
0.200	-5.000	0.202	0.046	0.000
0.200	-5.000	0.201	0.018	0.000
0.200	-5.000	0.202	0.046	0.000
0.200	-5.000	0.201	0.018	0.000
0.200	-5.000	0.202	0.046	0.000
0.200	-5.000	0.201	0.018	0.000
0.200	-5.000	0.202	0.046	0.000
0.200	-5.000	0.202	0.046	0.000
0.200	-5.000	0.202	0.046	0.000
0.200	-5.000	0.202	0.046	0.000
0.200	-5.000	0.202	0.046	0.000
0.200	-5.000	0.202	0.046	0.000
0.200	-5.000	0.202	0.046	0.000
0.200	-5.000	0.201	0.018	0.000
0.200	-5.000	0.199	-0.010	0.000
0.200	-5.000	0.202	0.046	0.000
0.200	-5.000	0.204	0.074	0.000
0.200	-5.000	0.201	0.018	0.000
0.200	-5.000	0.202	0.046	0.000
0.200	-5.000	0.202	0.046	0.000
0.200	-5.000	0.201	0.018	0.000
0.200	-5.000	0.202	0.046	0.000
0.200	-5.000	0.202	0.046	0.000
0.200	-5.000	0.201	0.018	0.000
0.200	-5.000	0.204	0.074	0.000
0.200	-5.000	0.202	0.046	0.000
0.200	-5.000	0.201	0.018	0.000
0.200	-5.000	0.202	0.046	0.000
0.200	-5.000	0.201	0.018	0.000
0.200	-5.000	0.202	0.046	0.000
0.200	-5.000	0.201	0.018	0.000
0.200	-5.000	0.201	0.018	0.000
0.200	-5.000	0.201	0.018	0.000
0.200	-5.000	0.201	0.018	0.000
0.200	-5.000	0.201	0.018	0.000
0.200	-5.000	0.202	0.046	0.000
0.200	-5.000	0.201	0.018	0.000
0.200	-5.000	0.202	0.046	0.000
0.200	-5.000	0.201	0.018	0.000
0.200	-5.000	0.202	0.046	0.000
0.200	-5.000	0.202	0.046	0.000
0.200	-5.000	0.202	0.046	0.000
0.200	-5.000	0.201	0.018	0.000
0.200	-5.000	0.204	0.074	0.000
0.200	-5.000	0.202	0.046	0.000
0.200	-5.000	0.202	0.046	0.000
0.200	-5.000	0.201	0.018	0.000
0.200	-5.000	0.202	0.046	0.000
0.200	-5.000	0.202	0.046	0.000
0.200	-5.000	0.202	0.046	0.000
0.200	-5.000	0.201	0.018	0.000
0.200	-5.000	0.201	0.018	0.000
0.200	-5.000	0.202	0.046	0.000
0.200	-5.000	0.202	0.046	0.000
0.200	-5.000	0.202	0.046	0.000
0.200	-5.000	0.201	0.018	0.000
0.200	-5.000	0.204	0.074	0.000
0.200	-5.000	0.201	0.018	0.000
0.200	-5.000	0.202	0.046	0.000
0.200	-5.000	0.202	0.046	0.000
0.200	-5.000	0.202	0.046	0.000
0.200	-5.000	0.204	0.074	0.000
0.200	-5.000	0.204	0.074	0.000
0.200	-5.000	0.202	0.046	0.000
0.200	-5.000	0.202	0.046	0.000
0.200	-5.000	0.202	0.046	0.000
0.200	-5.000	0.202	0.046	0.000
0.200	-5.000	0.202	0.046	0.000
0.200	-5.000	0.202	0.046	0.000
0.200	-5.000	0.202	0.046	0.000
0.200	-5.000	0.201	0.018	0.000
0.200	-5.000	0.201	0.018	0.000
0.200	-5.000	0.202	0.046	0.000
0.200	-5.000	0.202	0.046	0.000
0.200	-5.000	0.202	0.046	0.000
0.200	-5.000	0.202	0.046	0.000
0.200	-5.000	0.202	0.046	0.000
0.200	-5.000	0.202	0.046	0.000
0.200	-5.000	0.202	0.046	0.000
0.200	-5.000	0.201	0.018	0.000
0.200	-5.000	0.202	0.046	0.000
0.200	-5.000	0.202	0.046	0.000
0.200	-5.000	0.201	0.018	0.000
0.200	-5.000	0.201	0.018	0.000
0.200	-5.000	0.201	0.018	0.000
0.200	-5.000	0.202	0.046	0.000
0.200	-5.000	0.202	0.046	0.000
0.200	-5.000	0.202	0.046	0.000
0.200	-5.000	0.202	0.046	0.000
0.200	-5.000	0.202	0.046	0.000
0.200	-5.000	0.202	0.046	0.000
0.200	-5.000	0.202	0.046	0.000
0.200	-5.000	0.202	0.046	0.000
0.200	-5.000	0.201	0.018	0.000
0.200	-5.000	0.201	0.018	0.000
0.200	-5.000	0.202	0.046	0.000
0.200	-5.000	0.202	0.046	0.000
0.200	-5.000	0.204	0.074	0.000
0.200	-5.000	0.201	0.018	0.000
0.200	-5.000	0.201	0.018	0.000
0.200	-5.000	0.202	0.046	0.000
0.200	-5.000	0.201	0.018	0.000
0.200	-5.000	0.201	0.018	0.000
0.200	-5.000	0.201	0.018	0.000
0.200	-5.000	0.204	0.074	0.000
0.200	-5.000	0.202	0.046	0.000
0.200	-5.000	0.201	0.018	0.000
0.200	-5.000	0.202	0.046	0.000
0.200	-5.000	0.202	0.046	0.000
0.200	-5.000	0.201	0.018	0.000
0.200	-5.000	0.201	0.018	0.000
0.200	-5.000	0.201	0.018	0.000
0.200	-5.000	0.201	0.018	0.000
0.200	-5.000	0.201	0.018	0.000
0.200	-5.000	0.204	0.074	0.000
0.200	-5.000	0.202	0.046	0.000
0.200	-5.000	0.202	0.046	0.000
0.200	-5.000	0.201	0.018	0.000
0.200	-5.000	0.201	0.018	0.000
0.200	-5.000	0.202	0.046	0.000
0.200	-5.000	0.201	0.018	0.000
0.200	-5.000	0.202	0.046	0.000
0.200	-5.000	0.202	0.046	0.000
0.200	-5.000	0.204	0.074	0.000
0.200	-5.000	0.201	0.018	0.000
0.200	-5.000	0.204	0.074	0.000
0.200	-5.000	0.202	0.046	0.000
0.200	-5.000	0.204	0.074	0.000
0.200	-5.000	0.202	0.046	0.000
0.200	-5.000	0.202	0.046	0.000
0.200	-5.000	0.202	0.046	0.000
0.200	-5.000	0.204	0.074	0.000
0.200	-5.000	0.202	0.046	0.000
0.200	-5.000	0.202	0.046	0.000
0.200	-5.000	0.202	0.046	0.000
0.200	-5.000	0.202	0.046	0.000
0.200	-5.000	0.202	0.046	0.000
0.200	-5.000	0.202	0.046	0.000
0.200	-5.000	0.202	0.046	0.000
0.200	-5.000	0.201	0.018	0.000
0.200	-5.000	0.201	0.018	0.000
0.200	-5.000	0.202	0.046	0.000
0.200	-5.000	0.201	0.018	0.000
0.200	-5.000	0.202	0.046	0.000
0.200	-5.000	0.201	0.018	0.000
0.200	-5.000	0.202	0.046	0.000
0.200	-5.000	0.202	0.046	0.000
0.200	-5.000	0.201	0.018	0.000
0.200	-5.000	0.202	0.046	0.000
0.200	-5.000	0.202	0.046	0.000
0.200	-5.000	0.202	0.046	0.000
0.200	-5.000	0.202	0.046	0.000
0.200	-5.000	0.202	0.046	0.000
0.200	-5.000	0.202	0.046	0.000
0.200	-5.000	0.204	0.074	0.000
0.200	-5.000	0.202	0.046	0.000
0.200	-5.000	0.202	0.046	0.000
0.200	-5.000	0.201	0.018	0.000
0.200	-5.000	0.202	0.046	0.000
0.200	-5.000	0.202	0.046	0.000
0.200	-5.000	0.202	0.046	0.000
0.200	-5.000	0.202	0.046	0.000
0.200	-5.000	0.202	0.046	0.000
0.200	-5.000	0.202	0.046	0.000
0.200	-5.000	0.201	0.018	0.000
0.200	-5.000	0.202	0.046	0.000
0.200	-5.000	0.202	0.046	0.000
0.200	-5.000	0.202	0.046	0.000
0.200	-5.000	0.202	0.046	0.000
0.200	-5.000	0.202	0.046	0.000
0.200	-5.000	0.201	0.018	0.000
0.200	-5.000	0.202	0.046	0.000
0.200	-5.000	0.202	0.046	0.000
0.200	-5.000	0.202	0.046	0.000
0.200	-5.000	0.202	0.046	0.000
0.200	-5.000	0.202	0.046	0.000
0.200	-5.000	0.204	0.074	0.000
0.200	-5.000	0.201	0.018	0.000
0.200	-5.000	0.201	0.018	0.000
0.200	-5.000	0.202	0.046	0.000
0.200	-5.000	0.202	0.046	0.000
0.200	-5.000	0.204	0.074	0.000
0.200	-5.000	0.201	0.018	0.000
0.200	-5.000	0.202	0.046	0.000
0.200	-5.000	0.202	0.046	0.000
0.200	-5.000	0.202	0.046	0.000
0.200	-5.000	0.202	0.046	0.000
0.200	-5.000	0.202	0.046	0.000
0.200	-5.000	0.201	0.018	0.000
0.200	-5.000	0.202	0.046	0.000
0.200	-5.000	0.202	0.046	0.000
0.200	-5.000	0.202	0.046	0.000
0.200	-5.000	0.202	0.046	0.000
0.200	-5.000	0.202	0.046	0.000
0.200	-5.000	0.202	0.046	0.000
0.200	-5.000	0.202	0.046	0.000
0.200	-5.000	0.202	0.046	0.000
0.200	-5.000	0.202	0.046	0.000
0.200	-5.000	0.202	0.046	0.000
0.200	-5.000	0.201	0.018	0.000
0.200	-5.000	0.204	0.074	0.000
0.200	-5.000	0.202	0.046	0.000
0.200	-5.000	0.202	0.046	0.000
0.200	-5.000	0.202	0.046	0.000
0.200	-5.000	0.204	0.074	0.000
0.200	-5.000	0.204	0.074	0.000
0.200	-5.000	0.204	0.074	0.000
0.200	-5.000	0.201	0.018	0.000
0.200	-5.000	0.201	0.018	0.000
0.200	-5.000	0.201	0.018	0.000
0.200	-5.000	0.202	0.046	0.000
0.200	-5.000	0.202	0.046	0.000
0.200	-5.000	0.202	0.046	0.000
0.200	-5.000	0.202	0.046	0.000
0.200	-5.000	0.204	0.074	0.000
0.200	-5.000	0.202	0.046	0.000
0.200	-5.000	0.204	0.074	0.000
0.200	-5.000	0.202	0.046	0.000
0.200	-5.000	0.202	0.046	0.000
0.200	-5.000	0.202	0.046	0.000
0.200	-5.000	0.201	0.018	0.000
0.200	-5.000	0.202	0.046	0.000
0.200	-5.000	0.204	0.074	0.000
0.200	-5.000	0.202	0.046	0.000
0.200	-5.000	0.202	0.046	0.000
0.200	-5.000	0.202	0.046	0.000
0.200	-5.000	0.201	0.018	0.000
0.200	-5.000	0.202	0.046	0.000
0.200	-5.000	0.202	0.046	0.000
0.200	-5.000	0.202	0.046	0.000
0.200	-5.000	0.202	0.046	0.000
0.200	-5.000	0.202	0.046	0.000
0.200	-5.000	0.204	0.074	0.000
0.200	-5.000	0.205	0.102	0.000
0.200	-5.000	0.202	0.046	0.000
0.200	-5.000	0.202	0.046	0.000
0.200	-5.000	0.204	0.074	0.000
0.200	-5.000	0.202	0.046	0.000
0.200	-5.000	0.204	0.074	0.000
0.200	-5.000	0.204	0.074	0.000
0.200	-5.000	0.202	0.046	0.000
0.200	-5.000	0.202	0.046	0.000
0.200	-5.000	0.201	0.018	0.000
0.200	-5.000	0.202	0.046	0.000
0.200	-5.000	0.202	0.046	0.000
0.200	-5.000	0.202	0.046	0.000
0.200	-5.000	0.202	0.046	0.000
0.200	-5.000	0.204	0.074	0.000
0.200	-5.000	0.202	0.046	0.000
0.200	-5.000	0.204	0.074	0.000
0.200	-5.000	0.204	0.074	0.000
0.200	-5.000	0.202	0.046	0.000
0.200	-5.000	0.202	0.046	0.000
0.200	-5.000	0.202	0.046	0.000
0.200	-5.000	0.202	0.046	0.000
0.200	-5.000	0.204	0.074	0.000
0.200	-5.000	0.202	0.046	0.000
0.200	-5.000	0.201	0.018	0.000
0.200	-5.000	0.201	0.018	0.000
0.200	-5.000	0.202	0.046	0.000
0.200	-5.000	0.202	0.046	0.000
0.200	-5.000	0.204	0.074	0.000
0.200	-5.000	0.202	0.046	0.000
0.200	-5.000	0.202	0.046	0.000
0.200	-5.000	0.202	0.046	0.000
0.200	-5.000	0.202	0.046	0.000
0.200	-5.000	0.202	0.046	0.000
0.200	-5.000	0.201	0.018	0.000
0.200	-5.000	0.202	0.046	0.000
0.200	-5.000	0.202	0.046	0.000
0.200	-5.000	0.202	0.046	0.000
0.200	-5.000	0.202	0.046	0.000
0.200	-5.000	0.202	0.046	0.000
0.200	-5.000	0.202	0.046	0.000
0.200	-5.000	0.202	0.046	0.000
0.200	-5.000	0.202	0.046	0.000
0.200	-5.000	0.201	0.018	0.000
0.200	-5.000	0.202	0.046	0.000
0.200	-5.000	0.204	0.074	0.000
0.200	-5.000	0.202	0.046	0.000
0.200	-5.000	0.205	0.102	0.000
0.200	-5.000	0.201	0.018	0.000
0.200	-5.000	0.202	0.046	0.000
0.200	-5.000	0.201	0.018	0.000
0.200	-5.000	0.202	0.046	0.000
0.200	-5.000	0.202	0.046	0.000
0.200	-5.000	0.202	0.046	0.000
0.200	-5.000	0.201	0.018	0.000
0.200	-5.000	0.201	0.018	0.000
0.200	-5.000	0.201	0.018	0.000
0.200	-5.000	0.202	0.046	0.000
0.200	-5.000	0.202	0.046	0.000
0.200	-5.000	0.202	0.046	0.000
0.200	-5.000	0.202	0.046	0.000
0.200	-5.000	0.201	0.018	0.000
0.200	-5.000	0.204	0.074	0.000
0.200	-5.000	0.204	0.074	0.000
0.200	-5.000	0.204	0.074	0.000
0.200	-5.000	0.204	0.074	0.000
0.200	-5.000	0.202	0.046	0.000
0.200	-5.000	0.202	0.046	0.000
0.200	-5.000	0.202	0.046	0.000
0.200	-5.000	0.202	0.046	0.000
0.200	-5.000	0.202	0.046	0.000
0.200	-5.000	0.201	0.018	0.000
0.200	-5.000	0.202	0.046	0.000
0.200	-5.000	0.201	0.018	0.000
0.200	-5.000	0.202	0.046	0.000
0.200	-5.000	0.202	0.046	0.000
0.200	-5.000	0.202	0.046	0.000
0.200	-5.000	0.204	0.074	0.000
0.200	-5.000	0.202	0.046	0.000
0.200	-5.000	0.204	0.074	0.000
0.200	-5.000	0.204	0.074	0.000
0.200	-5.000	0.202	0.046	0.000
0.200	-5.000	0.204	0.074	0.000
0.200	-5.000	0.204	0.074	0.000
0.200	-5.000	0.202	0.046	0.000
0.200	-5.000	0.202	0.046	0.000
0.200	-5.000	0.202	0.046	0.000
0.200	-5.000	0.204	0.074	0.000
0.200	-5.000	0.202	0.046	0.000
0.200	-5.000	0.202	0.046	0.000
0.200	-5.000	0.202	0.046	0.000
0.200	-5.000	0.204	0.074	0.000
0.200	-5.000	0.202	0.046	0.000
0.200	-5.000	0.202	0.046	0.000
0.200	-5.000	0.202	0.046	0.000
0.200	-5.000	0.204	0.074	0.000
0.200	-5.000	0.202	0.046	0.000
0.200	-5.000	0.201	0.018	0.000
0.200	-5.000	0.202	0.046	0.000
0.200	-5.000	0.204	0.074	0.000
0.200	-5.000	0.204	0.074	0.000
0.200	-5.000	0.202	0.046	0.000
0.200	-5.000	0.204	0.074	0.000
0.200	-5.000	0.204	0.074	0.000
0.200	-5.000	0.202	0.046	0.000
0.200	-5.000	0.202	0.046	0.000
0.200	-5.000	0.204	0.074	0.000
0.200	-5.000	0.204	0.074	0.000
0.200	-5.000	0.202	0.046	0.000
0.200	-5.000	0.204	0.074	0.000
0.200	-5.000	0.202	0.046	0.000
0.200	-5.000	0.204	0.074	0.000
0.200	-5.000	0.204	0.074	0.000
0.200	-5.000	0.202	0.046	0.000
0.200	-5.000	0.202	0.046	0.000
0.200	-5.000	0.201	0.018	0.000
0.200	-5.000	0.202	0.046	0.000
0.200	-5.000	0.201	0.018	0.000
0.200	-5.000	0.202	0.046	0.000
0.200	-5.000	0.202	0.046	0.000
0.200	-5.000	0.201	0.018	0.000
0.200	-5.000	0.204	0.074	0.000
0.200	-5.000	0.201	0.018	0.000
0.200	-5.000	0.202	0.046	0.000
0.200	-5.000	0.202	0.046	0.000
0.200	-5.000	0.202	0.046	0.000
0.200	-5.000	0.204	0.074	0.000
0.200	-5.000	0.202	0.046	0.000
0.200	-5.000	0.202	0.046	0.000
0.200	-5.000	0.204	0.074	0.000
0.200	-5.000	0.204	0.074	0.000
0.200	-5.000	0.204	0.074	0.000
0.200	-5.000	0.202	0.046	0.000
0.200	-5.000	0.204	0.074	0.000
0.200	-5.000	0.204	0.074	0.000
0.200	-5.000	0.202	0.046	0.000
0.200	-5.000	0.202	0.046	0.000
0.200	-5.000	0.201	0.018	0.000
0.200	-5.000	0.202	0.046	0.000
0.200	-5.000	0.201	0.018	0.000
0.200	-5.000	0.201	0.018	0.000
0.200	-5.000	0.202	0.046	0.000
0.200	-5.000	0.202	0.046	0.000
0.200	-5.000	0.201	0.018	0.000
0.200	-5.000	0.202	0.046	0.000
0.200	-5.000	0.201	0.018	0.000
0.200	-5.000	0.202	0.046	0.000
0.200	-5.000	0.202	0.046	0.000
0.200	-5.000	0.204	0.074	0.000
0.200	-5.000	0.202	0.046	0.000
0.200	-5.000	0.204	0.074	0.000
0.200	-5.000	0.202	0.046	0.000
0.200	-5.000	0.202	0.046	0.000
0.200	-5.000	0.202	0.046	0.000
0.200	-5.000	0.202	0.046	0.000
0.200	-5.000	0.202	0.046	0.000
0.200	-5.000	0.202	0.046	0.000
0.200	-5.000	0.204	0.074	0.000
0.200	-5.000	0.204	0.074	0.000
0.200	-5.000	0.202	0.046	0.000
0.200	-5.000	0.204	0.074	0.000
0.200	-5.000	0.202	0.046	0.000
0.200	-5.000	0.202	0.046	0.000
0.200	-5.000	0.202	0.046	0.000
0.200	-5.000	0.202	0.046	0.000
0.200	-5.000	0.202	0.046	0.000
0.200	-5.000	0.201	0.018	0.000
0.200	-5.000	0.204	0.074	0.000
0.200	-5.000	0.204	0.074	0.000
0.200	-5.000	0.202	0.046	0.000
0.200	-5.000	0.204	0.074	0.000
0.200	-5.000	0.202	0.046	0.000
0.200	-5.000	0.201	0.018	0.000
0.200	-5.000	0.202	0.046	0.000
0.200	-5.000	0.202	0.046	0.000
0.200	-5.000	0.205	0.102	0.000
0.200	-5.000	0.202	0.046	0.000
0.200	-5.000	0.204	0.074	0.000
0.200	-5.000	0.202	0.046	0.000
0.200	-5.000	0.204	0.074	0.000
0.200	-5.000	0.202	0.046	0.000
0.200	-5.000	0.202	0.046	0.000
0.200	-5.000	0.202	0.046	0.000
0.200	-5.000	0.202	0.046	0.000
0.200	-5.000	0.202	0.046	0.000
0.200	-5.000	0.204	0.074	0.000
0.200	-5.000	0.202	0.046	0.000
0.200	-5.000	0.202	0.046	0.000
0.200	-5.000	0.202	0.046	0.000
0.200	-5.000	0.204	0.074	0.000
0.200	-5.000	0.201	0.018	0.000
0.200	-5.000	0.204	0.074	0.000
0.200	-5.000	0.201	0.018	0.000
0.200	-5.000	0.202	0.046	0.000
0.200	-5.000	0.202	0.046	0.000
0.200	-5.000	0.204	0.074	0.000
0.200	-5.000	0.204	0.074	0.000
0.200	-5.000	0.202	0.046	0.000
0.200	-5.000	0.202	0.046	0.000
0.200	-5.000	0.202	0.046	0.000
0.200	-5.000	0.204	0.074	0.000
0.200	-5.000	0.202	0.046	0.000
0.200	-5.000	0.201	0.018	0.000
0.200	-5.000	0.204	0.074	0.000
0.200	-5.000	0.202	0.046	0.000
0.200	-5.000	0.204	0.074	0.000
0.200	-5.000	0.202	0.046	0.000
0.200	-5.000	0.202	0.046	0.000
0.200	-5.000	0.202	0.046	0.000
0.200	-5.000	0.201	0.018	0.000
0.200	-5.000	0.205	0.102	0.000
0.200	-5.000	0.202	0.046	0.000
0.200	-5.000	0.202	0.046	0.000
0.200	-5.000	0.204	0.074	0.000
0.200	-5.000	0.204	0.074	0.000
0.200	-5.000	0.204	0.074	0.000
0.200	-5.000	0.202	0.046	0.000
0.200	-5.000	0.204	0.074	0.000
0.200	-5.000	0.204	0.074	0.000
0.200	-5.000	0.202	0.046	0.000
0.200	-5.000	0.202	0.046	0.000
0.200	-5.000	0.204	0.074	0.000
0.200	-5.000	0.202	0.046	0.000
0.200	-5.000	0.201	0.018	0.000
0.200	-5.000	0.204	0.074	0.000
0.200	-5.000	0.204	0.074	0.000
0.200	-5.000	0.202	0.046	0.000
0.200	-5.000	0.204	0.074	0.000
0.200	-5.000	0.202	0.046	0.000
0.200	-5.000	0.202	0.046	0.000
0.200	-5.000	0.202	0.046	0.000
0.200	-5.000	0.204	0.074	0.000
0.200	-5.000	0.202	0.046	0.000
0.200	-5.000	0.202	0.046	0.000
0.200	-5.000	0.202	0.046	0.000
0.200	-5.000	0.204	0.074	0.000
0.200	-5.000	0.204	0.074	0.000
0.200	-5.000	0.202	0.046	0.000
0.200	-5.000	0.202	0.046	0.000
0.200	-5.000	0.205	0.102	0.000
0.200	-5.000	0.202	0.046	0.000
0.200	-5.000	0.202	0.046	0.000
0.200	-5.000	0.202	0.046	0.000
0.200	-5.000	0.202	0.046	0.000
0.200	-5.000	0.202	0.046	0.000
0.200	-5.000	0.202	0.046	0.000
0.200	-5.000	0.204	0.074	0.000
0.200	-5.000	0.204	0.074	0.000
0.200	-5.000	0.204	0.074	0.000
0.200	-5.000	0.202	0.046	0.000
0.200	-5.000	0.202	0.046	0.000
0.200	-5.000	0.202	0.046	0.000
0.200	-5.000	0.202	0.046	0.000
0.200	-5.000	0.204	0.074	0.000
0.200	-5.000	0.204	0.074	0.000
0.200	-5.000	0.202	0.046	0.000
0.200	-5.000	0.201	0.018	0.000
0.200	-5.000	0.202	0.046	0.000
0.200	-5.000	0.204	0.074	0.000
0.200	-5.000	0.201	0.018	0.000
0.200	-5.000	0.204	0.074	0.000
0.200	-5.000	0.202	0.046	0.000
0.200	-5.000	0.202	0.046	0.000
0.200	-5.000	0.202	0.046	0.000
0.200	-5.000	0.202	0.046	0.000
0.200	-5.000	0.202	0.046	0.000
0.200	-5.000	0.202	0.046	0.000
0.200	-5.000	0.204	0.074	0.000
0.200	-5.000	0.205	0.102	0.000
0.200	-5.000	0.202	0.046	0.000
0.200	-5.000	0.204	0.074	0.000
0.200	-5.000	0.204	0.074	0.000
0.200	-5.000	0.204	0.074	0.000
0.200	-5.000	0.202	0.046	0.000
0.200	-5.000	0.205	0.102	0.000
0.200	-5.000	0.204	0.074	0.000
0.200	-5.000	0.202	0.046	0.000
0.200	-5.000	0.204	0.074	0.000
0.200	-5.000	0.202	0.046	0.000
0.200	-5.000	0.202	0.046	0.000
0.200	-5.000	0.202	0.046	0.000
0.200	-5.000	0.202	0.046	0.000
0.200	-5.000	0.202	0.046	0.000
0.200	-5.000	0.202	0.046	0.000
0.200	-5.000	0.202	0.046	0.000
0.200	-5.000	0.202	0.046	0.000
0.200	-5.000	0.204	0.074	0.000
0.200	-5.000	0.204	0.074	0.000
0.200	-5.000	0.204	0.074	0.000
0.200	-5.000	0.201	0.018	0.000
0.200	-5.000	0.204	0.074	0.000
0.200	-5.000	0.202	0.046	0.000
0.200	-5.000	0.202	0.046	0.000
0.200	-5.000	0.202	0.046	0.000
0.200	-5.000	0.202	0.046	0.000
0.200	-5.000	0.204	0.074	0.000
0.200	-5.000	0.204	0.074	0.000
0.200	-5.000	0.204	0.074	0.000
0.200	-5.000	0.202	0.046	0.000
0.200	-5.000	0.202	0.046	0.000
0.200	-5.000	0.204	0.074	0.000
0.200	-5.000	0.204	0.074	0.000
0.200	-5.000	0.202	0.046	0.000
0.200	-5.000	0.205	0.102	0.000
0.200	-5.000	0.202	0.046	0.000
0.200	-5.000	0.202	0.046	0.000
0.200	-5.000	0.202	0.046	0.000
0.200	-5.000	0.204	0.074	0.000
0.200	-5.000	0.202	0.046	0.000
0.200	-5.000	0.202	0.046	0.000
0.200	-5.000	0.202	0.046	0.000
0.200	-5.000	0.204	0.074	0.000
0.200	-5.000	0.202	0.046	0.000
0.200	-5.000	0.202	0.046	0.000
0.200	-5.000	0.202	0.046	0.000
0.200	-5.000	0.201	0.018	0.000
0.200	-5.000	0.204	0.074	0.000
0.200	-5.000	0.204	0.074	0.000
0.200	-5.000	0.202	0.046	0.000
0.200	-5.000	0.202	0.046	0.000
0.200	-5.000	0.204	0.074	0.000
0.200	-5.000	0.202	0.046	0.000
0.200	-5.000	0.204	0.074	0.000
0.200	-5.000	0.204	0.074	0.000
0.200	-5.000	0.202	0.046	0.000
0.200	-5.000	0.204	0.074	0.000
0.200	-5.000	0.204	0.074	0.000
0.200	-5.000	0.202	0.046	0.000
0.200	-5.000	0.205	0.102	0.000
0.200	-5.000	0.201	0.018	0.000
0.200	-5.000	0.204	0.074	0.000
0.200	-5.000	0.204	0.074	0.000
0.200	-5.000	0.202	0.046	0.000
0.200	-5.000	0.202	0.046	0.000
0.200	-5.000	0.204	0.074	0.000
0.200	-5.000	0.204	0.074	0.000
0.200	-5.000	0.205	0.102	0.000
0.200	-5.000	0.204	0.074	0.000
0.200	-5.000	0.202	0.046	0.000
0.200	-5.000	0.204	0.074	0.000
0.200	-5.000	0.204	0.074	0.000
0.200	-5.000	0.202	0.046	0.000
0.200	-5.000	0.202	0.046	0.000
0.200	-5.000	0.204	0.074	0.000
0.200	-5.000	0.202	0.046	0.000
0.200	-5.000	0.205	0.102	0.000
0.200	-5.000	0.202	0.046	0.000
0.200	-5.000	0.204	0.074	0.000
0.200	-5.000	0.202	0.046	0.000
0.200	-5.000	0.202	0.046	0.000
0.200	-5.000	0.202	0.046	0.000
0.200	-5.000	0.202	0.046	0.000
0.200	-5.000	0.202	0.046	0.000
0.200	-5.000	0.204	0.074	0.000
0.200	-5.000	0.205	0.102	0.000
0.200	-5.000	0.204	0.074	0.000
0.200	-5.000	0.202	0.046	0.000
0.200	-5.000	0.204	0.074	0.000
0.200	-5.000	0.204	0.074	0.000
0.200	-5.000	0.202	0.046	0.000
0.200	-5.000	0.202	0.046	0.000
0.200	-5.000	0.202	0.046	0.000
0.200	-5.000	0.202	0.046	0.000
0.200	-5.000	0.202	0.046	0.000
0.200	-5.000	0.201	0.018	0.000
0.200	-5.000	0.204	0.074	0.000
0.200	-5.000	0.202	0.046	0.000
0.200	-5.000	0.202	0.046	0.000
0.200	-5.000	0.204	0.074	0.000
0.200	-5.000	0.204	0.074	0.000
0.200	-5.000	0.204	0.074	0.000
0.200	-5.000	0.202	0.046	0.000
0.200	-5.000	0.202	0.046	0.000
0.200	-5.000	0.204	0.074	0.000
0.200	-5.000	0.204	0.074	0.000
0.200	-5.000	0.202	0.046	0.000
0.200	-5.000	0.204	0.074	0.000
0.200	-5.000	0.205	0.102	0.000
0.200	-5.000	0.204	0.074	0.000
0.200	-5.000	0.205	0.102	0.000
0.200	-5.000	0.204	0.074	0.000
0.200	-5.000	0.202	0.046	0.000
0.200	-5.000	0.202	0.046	0.000
0.200	-5.000	0.202	0.046	0.000
0.200	-5.000	0.202	0.046	0.000
0.200	-5.000	0.204	0.074	0.000
0.200	-5.000	0.202	0.046	0.000
0.200	-5.000	0.202	0.046	0.000
0.200	-5.000	0.204	0.074	0.000
0.200	-5.000	0.204	0.074	0.000
0.200	-5.000	0.202	0.046	0.000
0.200	-5.000	0.202	0.046	0.000
0.200	-5.000	0.202	0.046	0.000
0.200	-5.000	0.204	0.074	0.000
0.200	-5.000	0.201	0.018	0.000
0.200	-5.000	0.202	0.046	0.000
0.200	-5.000	0.202	0.046	0.000
0.200	-5.000	0.202	0.046	0.000
0.200	-5.000	0.202	0.046	0.000
0.200	-5.000	0.202	0.046	0.000
0.200	-5.000	0.202	0.046	0.000
0.200	-5.000	0.202	0.046	0.000
0.200	-5.000	0.202	0.046	0.000
0.200	-5.000	0.202	0.046	0.000
0.200	-5.000	0.202	0.046	0.000
0.200	-5.000	0.204	0.074	0.000
0.200	-5.000	0.202	0.046	0.000
0.200	-5.000	0.202	0.046	0.000
0.200	-5.000	0.204	0.074	0.000
0.200	-5.000	0.204	0.074	0.000
0.200	-5.000	0.204	0.074	0.000
0.200	-5.000	0.202	0.046	0.000
0.200	-5.000	0.202	0.046	0.000
0.200	-5.000	0.204	0.074	0.000
0.200	-5.000	0.204	0.074	0.000
0.200	-5.000	0.204	0.074	0.000
0.200	-5.000	0.204	0.074	0.000
0.200	-5.000	0.202	0.046	0.000
0.200	-5.000	0.204	0.074	0.000
0.200	-5.000	0.202	0.046	0.000
0.200	-5.000	0.202	0.046	0.000
0.200	-5.000	0.204	0.074	0.000
0.200	-5.000	0.204	0.074	0.000
0.200	-5.000	0.204	0.074	0.000
0.200	-5.000	0.202	0.046	0.000
0.200	-5.000	0.202	0.046	0.000
0.200	-5.000	0.202	0.046	0.000
0.200	-5.000	0.202	0.046	0.000
0.200	-5.000	0.202	0.046	0.000
0.200	-5.000	0.202	0.046	0.000
0.200	-5.000	0.202	0.046	0.000
0.200	-5.000	0.205	0.102	0.000
0.200	-5.000	0.204	0.074	0.000
0.200	-5.000	0.202	0.046	0.000
0.200	-5.000	0.204	0.074	0.000
0.200	-5.000	0.204	0.074	0.000
0.200	-5.000	0.204	0.074	0.000
0.200	-5.000	0.204	0.074	0.000
0.200	-5.000	0.202	0.046	0.000
0.200	-5.000	0.202	0.046	0.000
0.200	-5.000	0.204	0.074	0.000
0.200	-5.000	0.204	0.074	0.000
0.200	-5.000	0.204	0.074	0.000
0.200	-5.000	0.202	0.046	0.000
0.200	-5.000	0.202	0.046	0.000
0.200	-5.000	0.202	0.046	0.000
0.200	-5.000	0.204	0.074	0.000
0.200	-5.000	0.204	0.074	0.000
0.200	-5.000	0.202	0.046	0.000
0.200	-5.000	0.202	0.046	0.000
0.200	-5.000	0.202	0.046	0.000
0.200	-5.000	0.204	0.074	0.000
0.200	-5.000	0.204	0.074	0.000
0.200	-5.000	0.202	0.046	0.000
0.200	-5.000	0.204	0.074	0.000
0.200	-5.000	0.205	0.102	0.000
0.200	-5.000	0.204	0.074	0.000
0.200	-5.000	0.204	0.074	0.000
0.200	-5.000	0.204	0.074	0.000
0.200	-5.000	0.202	0.046	0.000
0.200	-5.000	0.202	0.046	0.000
0.200	-5.000	0.204	0.074	0.000
0.200	-5.000	0.204	0.074	0.000
0.200	-5.000	0.202	0.046	0.000
0.200	-5.000	0.202	0.046	0.000
0.200	-5.000	0.207	0.130	0.000
0.200	-5.000	0.202	0.046	0.000
0.200	-5.000	0.204	0.074	0.000
0.200	-5.000	0.204	0.074	0.000
0.200	-5.000	0.202	0.046	0.000
0.200	-5.000	0.202	0.046	0.000
0.200	-5.000	0.202	0.046	0.000
0.200	-5.000	0.202	0.046	0.000
0.200	-5.000	0.202	0.046	0.000
0.200	-5.000	0.202	0.046	0.000
0.200	-5.000	0.204	0.074	0.000
0.200	-5.000	0.202	0.046	0.000
0.200	-5.000	0.204	0.074	0.000
0.200	-5.000	0.202	0.046	0.000
0.200	-5.000	0.202	0.046	0.000
0.200	-5.000	0.202	0.046	0.000
0.200	-5.000	0.204	0.074	0.000
0.200	-5.000	0.202	0.046	0.000
0.200	-5.000	0.202	0.046	0.000
0.200	-5.000	0.204	0.074	0.000
0.200	-5.000	0.204	0.074	0.000
0.200	-5.000	0.205	0.102	0.000
0.200	-5.000	0.204	0.074	0.000
0.200	-5.000	0.204	0.074	0.000
0.200	-5.000	0.204	0.074	0.000
0.200	-5.000	0.204	0.074	0.000
0.200	-5.000	0.204	0.074	0.000
0.200	-5.000	0.204	0.074	0.000
0.200	-5.000	0.204	0.074	0.000
0.200	-5.000	0.202	0.046	0.000
0.200	-5.000	0.204	0.074	0.000
0.200	-5.000	0.201	0.018	0.000
0.200	-5.000	0.202	0.046	0.000
0.200	-5.000	0.205	0.102	0.000
0.200	-5.000	0.204	0.074	0.000
0.200	-5.000	0.202	0.046	0.000
0.200	-5.000	0.204	0.074	0.000
0.200	-5.000	0.202	0.046	0.000
0.200	-5.000	0.204	0.074	0.000
0.200	-5.000	0.202	0.046	0.000
0.200	-5.000	0.204	0.074	0.000
0.200	-5.000	0.202	0.046	0.000
0.200	-5.000	0.202	0.046	0.000
0.200	-5.000	0.202	0.046	0.000
0.200	-5.000	0.202	0.046	0.000
0.200	-5.000	0.204	0.074	0.000
0.200	-5.000	0.202	0.046	0.000
0.200	-5.000	0.204	0.074	0.000
0.200	-5.000	0.204	0.074	0.000
0.200	-5.000	0.202	0.046	0.000
0.200	-5.000	0.201	0.018	0.000
0.200	-5.000	0.202	0.046	0.000
0.200	-5.000	0.202	0.046	0.000
0.200	-5.000	0.205	0.102	0.000
0.200	-5.000	0.202	0.046	0.000
0.200	-5.000	0.202	0.046	0.000
0.200	-5.000	0.202	0.046	0.000
0.200	-5.000	0.205	0.102	0.000
0.200	-5.000	0.205	0.102	0.000
0.200	-5.000	0.204	0.074	0.000
0.200	-5.000	0.202	0.046	0.000
0.200	-5.000	0.204	0.074	0.000
0.200	-5.000	0.202	0.046	0.000
0.200	-5.000	0.202	0.046	0.000
0.200	-5.000	0.205	0.102	0.000
0.200	-5.000	0.202	0.046	0.000
0.200	-5.000	0.202	0.046	0.000
0.200	-5.000	0.202	0.046	0.000
0.200	-5.000	0.202	0.046	0.000
0.200	-5.000	0.202	0.046	0.000
0.200	-5.000	0.202	0.046	0.000
0.200	-5.000	0.202	0.046	0.000
0.200	-5.000	0.202	0.046	0.000
0.200	-5.000	0.202	0.046	0.000
0.200	-5.000	0.202	0.046	0.000
0.200	-5.000	0.204	0.074	0.000
0.200	-5.000	0.202	0.046	0.000
0.200	-5.000	0.202	0.046	0.000
0.200	-5.000	0.202	0.046	0.000
0.200	-5.000	0.204	0.074	0.000
0.200	-5.000	0.204	0.074	0.000
0.200	-5.000	0.204	0.074	0.000
0.200	-5.000	0.204	0.074	0.000
0.200	-5.000	0.204	0.074	0.000
0.200	-5.000	0.204	0.074	0.000
0.200	-5.000	0.202	0.046	0.000
0.200	-5.000	0.202	0.046	0.000
0.200	-5.000	0.202	0.046	0.000
0.200	-5.000	0.202	0.046	0.000
0.200	-5.000	0.202	0.046	0.000
0.200	-5.000	0.202	0.046	0.000
0.200	-5.000	0.202	0.046	0.000
0.200	-5.000	0.202	0.046	0.000
0.200	-5.000	0.205	0.102	0.000
0.200	-5.000	0.204	0.074	0.000
0.200	-5.000	0.205	0.102	0.000
0.200	-5.000	0.202	0.046	0.000
0.200	-5.000	0.202	0.046	0.000
0.200	-5.000	0.204	0.074	0.000
0.200	-5.000	0.202	0.046	0.000
0.200	-5.000	0.202	0.046	0.000
0.200	-5.000	0.202	0.046	0.000
0.200	-5.000	0.204	0.074	0.000
0.200	-5.000	0.202	0.046	0.000
0.200	-5.000	0.204	0.074	0.000
0.200	-5.000	0.204	0.074	0.000
0.200	-5.000	0.204	0.074	0.000
0.200	-5.000	0.205	0.102	0.000
0.200	-5.000	0.202	0.046	0.000
0.200	-5.000	0.204	0.074	0.000
0.200	-5.000	0.205	0.102	0.000
0.200	-5.000	0.204	0.074	0.000
0.200	-5.000	0.204	0.074	0.000
0.200	-5.000	0.204	0.074	0.000
0.200	-5.000	0.202	0.046	0.000
0.200	-5.000	0.202	0.046	0.000
0.200	-5.000	0.204	0.074	0.000
0.200	-5.000	0.202	0.046	0.000
0.200	-5.000	0.202	0.046	0.000
0.200	-5.000	0.204	0.074	0.000
0.200	-5.000	0.204	0.074	0.000
0.200	-5.000	0.202	0.046	0.000
0.200	-5.000	0.202	0.046	0.000
0.200	-5.000	0.202	0.046	0.000
0.200	-5.000	0.205	0.102	0.000
0.200	-5.000	0.204	0.074	0.000
0.200	-5.000	0.204	0.074	0.000
0.200	-5.000	0.202	0.046	0.000
0.200	-5.000	0.202	0.046	0.000
0.200	-5.000	0.202	0.046	0.000
0.200	-5.000	0.202	0.046	0.000
0.200	-5.000	0.204	0.074	0.000
0.200	-5.000	0.204	0.074	0.000
0.200	-5.000	0.202	0.046	0.000
0.200	-5.000	0.204	0.074	0.000
0.200	-5.000	0.205	0.102	0.000
0.200	-5.000	0.202	0.046	0.000
0.200	-5.000	0.205	0.102	0.000
0.200	-5.000	0.205	0.102	0.000
0.200	-5.000	0.202	0.046	0.000
0.200	-5.000	0.204	0.074	0.000
0.200	-5.000	0.202	0.046	0.000
0.200	-5.000	0.202	0.046	0.000
0.200	-5.000	0.205	0.102	0.000
0.200	-5.000	0.202	0.046	0.000
0.200	-5.000	0.204	0.074	0.000
0.200	-5.000	0.202	0.046	0.000
0.200	-5.000	0.202	0.046	0.000
0.200	-5.000	0.204	0.074	0.000
0.200	-5.000	0.204	0.074	0.000
0.200	-5.000	0.201	0.018	0.000
0.200	-5.000	0.204	0.074	0.000
0.200	-5.000	0.204	0.074	0.000
0.200	-5.000	0.202	0.046	0.000
0.200	-5.000	0.205	0.102	0.000
0.200	-5.000	0.202	0.046	0.000
0.200	-5.000	0.202	0.046	0.000
0.200	-5.000	0.202	0.046	0.000
0.200	-5.000	0.205	0.102	0.000
0.200	-5.000	0.205	0.102	0.000
0.200	-5.000	0.204	0.074	0.000
0.200	-5.000	0.202	0.046	0.000
0.200	-5.000	0.204	0.074	0.000
0.200	-5.000	0.202	0.046	0.000
0.200	-5.000	0.202	0.046	0.000
0.200	-5.000	0.204	0.074	0.000
0.200	-5.000	0.202	0.046	0.000
0.200	-5.000	0.202	0.046	0.000
0.200	-5.000	0.202	0.046	0.000
0.200	-5.000	0.202	0.046	0.000
0.200	-5.000	0.202	0.046	0.000
0.200	-5.000	0.202	0.046	0.000
0.200	-5.000	0.204	0.074	0.000
0.200	-5.000	0.204	0.074	0.000
0.200	-5.000	0.202	0.046	0.000
0.200	-5.000	0.202	0.046	0.000
0.200	-5.000	0.204	0.074	0.000
0.200	-5.000	0.202	0.046	0.000
0.200	-5.000	0.204	0.074	0.000
0.200	-5.000	0.202	0.046	0.000
0.200	-5.000	0.204	0.074	0.000
0.200	-5.000	0.202	0.046	0.000
0.200	-5.000	0.202	0.046	0.000
0.200	-5.000	0.204	0.074	0.000
0.200	-5.000	0.204	0.074	0.000
0.200	-5.000	0.202	0.046	0.000
0.200	-5.000	0.204	0.074	0.000
0.200	-5.000	0.202	0.046	0.000
0.200	-5.000	0.205	0.102	0.000
0.200	-5.000	0.204	0.074	0.000
0.200	-5.000	0.204	0.074	0.000
0.200	-5.000	0.202	0.046	0.000
0.200	-5.000	0.202	0.046	0.000
0.200	-5.000	0.204	0.074	0.000
0.200	-5.000	0.204	0.074	0.000
0.200	-5.000	0.204	0.074	0.000
0.200	-5.000	0.202	0.046	0.000
0.200	-5.000	0.202	0.046	0.000
0.200	-5.000	0.204	0.074	0.000
0.200	-5.000	0.202	0.046	0.000
0.200	-5.000	0.202	0.046	0.000
0.200	-5.000	0.204	0.074	0.000
0.200	-5.000	0.202	0.046	0.000
0.200	-5.000	0.204	0.074	0.000
0.200	-5.000	0.204	0.074	0.000
0.200	-5.000	0.202	0.046	0.000
0.200	-5.000	0.202	0.046	0.000
0.200	-5.000	0.204	0.074	0.000
0.200	-5.000	0.204	0.074	0.000
0.200	-5.000	0.202	0.046	0.000
0.200	-5.000	0.205	0.102	0.000
0.200	-5.000	0.202	0.046	0.000
0.200	-5.000	0.202	0.046	0.000
0.200	-5.000	0.202	0.046	0.000
0.200	-5.000	0.201	0.018	0.000
0.200	-5.000	0.202	0.046	0.000
0.200	-5.000	0.202	0.046	0.000
0.200	-5.000	0.204	0.074	0.000
0.200	-5.000	0.204	0.074	0.000
0.200	-5.000	0.202	0.046	0.000
0.200	-5.000	0.202	0.046	0.000
0.200	-5.000	0.202	0.046	0.000
0.200	-5.000	0.205	0.102	0.000
0.200	-5.000	0.204	0.074	0.000
0.200	-5.000	0.204	0.074	0.000
0.200	-5.000	0.202	0.046	0.000
0.200	-5.000	0.202	0.046	0.000
0.200	-5.000	0.204	0.074	0.000
0.200	-5.000	0.204	0.074	0.000
0.200	-5.000	0.204	0.074	0.000
0.200	-5.000	0.204	0.074	0.000
0.200	-5.000	0.202	0.046	0.000
0.200	-5.000	0.202	0.046	0.000
0.200	-5.000	0.202	0.046	0.000
0.200	-5.000	0.202	0.046	0.000
0.200	-5.000	0.204	0.074	0.000
0.200	-5.000	0.204	0.074	0.000
0.200	-5.000	0.204	0.074	0.000
0.200	-5.000	0.204	0.074	0.000
0.200	-5.000	0.202	0.046	0.000
0.200	-5.000	0.202	0.046	0.000
0.200	-5.000	0.204	0.074	0.000
0.200	-5.000	0.205	0.102	0.000
0.200	-5.000	0.204	0.074	0.000
0.200	-5.000	0.207	0.130	0.000
0.200	-5.000	0.205	0.102	0.000
0.200	-5.000	0.204	0.074	0.000
0.200	-5.000	0.205	0.102	0.000
0.200	-5.000	0.204	0.074	0.000
0.200	-5.000	0.204	0.074	0.000
0.200	-5.000	0.202	0.046	0.000
0.200	-5.000	0.202	0.046	0.000
0.200	-5.000	0.204	0.074	0.000
0.200	-5.000	0.204	0.074	0.000
0.200	-5.000	0.204	0.074	0.000
0.200	-5.000	0.204	0.074	0.000
0.200	-5.000	0.204	0.074	0.000
0.200	-5.000	0.202	0.046	0.000
0.200	-5.000	0.202	0.046	0.000
0.200	-5.000	0.205	0.102	0.000
0.200	-5.000	0.204	0.074	0.000
0.200	-5.000	0.204	0.074	0.000
0.200	-5.000	0.204	0.074	0.000
0.200	-5.000	0.202	0.046	0.000
0.200	-5.000	0.202	0.046	0.000
0.200	-5.000	0.204	0.074	0.000
0.200	-5.000	0.204	0.074	0.000
0.200	-5.000	0.204	0.074	0.000
0.200	-5.000	0.204	0.074	0.000
0.200	-5.000	0.204	0.074	0.000
0.200	-5.000	0.204	0.074	0.000
0.200	-5.000	0.202	0.046	0.000
0.200	-5.000	0.204	0.074	0.000
0.200	-5.000	0.202	0.046	0.000
0.200	-5.000	0.204	0.074	0.000
0.200	-5.000	0.205	0.102	0.000
0.200	-5.000	0.204	0.074	0.000
0.200	-5.000	0.202	0.046	0.000
0.200	-5.000	0.204	0.074	0.000
0.200	-5.000	0.204	0.074	0.000
0.200	-5.000	0.205	0.102	0.000
0.200	-5.000	0.202	0.046	0.000
0.200	-5.000	0.204	0.074	0.000
0.200	-5.000	0.204	0.074	0.000
0.200	-5.000	0.204	0.074	0.000
0.200	-5.000	0.202	0.046	0.000
0.200	-5.000	0.204	0.074	0.000
0.200	-5.000	0.204	0.074	0.000
0.200	-5.000	0.204	0.074	0.000
0.200	-5.000	0.204	0.074	0.000
0.200	-5.000	0.202	0.046	0.000
0.200	-5.000	0.204	0.074	0.000
0.200	-5.000	0.205	0.102	0.000
0.200	-5.000	0.204	0.074	0.000
0.200	-5.000	0.202	0.046	0.000
0.200	-5.000	0.205	0.102	0.000
0.200	-5.000	0.202	0.046	0.000
0.200	-5.000	0.204	0.074	0.000
0.200	-5.000	0.204	0.074	0.000
0.200	-5.000	0.204	0.074	0.000
0.200	-5.000	0.202	0.046	0.000
0.200	-5.000	0.204	0.074	0.000
0.200	-5.000	0.205	0.102	0.000
0.200	-5.000	0.201	0.018	0.000
0.200	-5.000	0.204	0.074	0.000
0.200	-5.000	0.204	0.074	0.000
0.200	-5.000	0.205	0.102	0.000
0.200	-5.000	0.204	0.074	0.000
0.200	-5.000	0.204	0.074	0.000
0.200	-5.000	0.204	0.074	0.000
0.200	-5.000	0.204	0.074	0.000
0.200	-5.000	0.204	0.074	0.000
0.200	-5.000	0.202	0.046	0.000
0.200	-5.000	0.202	0.046	0.000
0.200	-5.000	0.204	0.074	0.000
0.200	-5.000	0.204	0.074	0.000
0.200	-5.000	0.204	0.074	0.000
0.200	-5.000	0.204	0.074	0.000
0.200	-5.000	0.204	0.074	0.000
0.200	-5.000	0.204	0.074	0.000
0.200	-5.000	0.202	0.046	0.000
0.200	-5.000	0.202	0.046	0.000
0.200	-5.000	0.204	0.074	0.000
0.200	-5.000	0.202	0.046	0.000
0.200	-5.000	0.202	0.046	0.000
0.200	-5.000	0.202	0.046	0.000
0.200	-5.000	0.204	0.074	0.000
0.200	-5.000	0.204	0.074	0.000
0.200	-5.000	0.204	0.074	0.000
0.200	-5.000	0.204	0.074	0.000
0.200	-5.000	0.204	0.074	0.000
0.200	-5.000	0.202	0.046	0.000
0.200	-5.000	0.202	0.046	0.000
0.200	-5.000	0.202	0.046	0.000
0.200	-5.000	0.202	0.046	0.000
0.200	-5.000	0.204	0.074	0.000
0.200	-5.000	0.202	0.046	0.000
0.200	-5.000	0.204	0.074	0.000
0.200	-5.000	0.205	0.102	0.000
0.200	-5.000	0.205	0.102	0.000
0.200	-5.000	0.204	0.074	0.000
0.200	-5.000	0.204	0.074	0.000
0.200	-5.000	0.202	0.046	0.000
0.200	-5.000	0.204	0.074	0.000
0.200	-5.000	0.204	0.074	0.000
0.200	-5.000	0.202	0.046	0.000
0.200	-5.000	0.204	0.074	0.000
0.200	-5.000	0.202	0.046	0.000
0.200	-5.000	0.202	0.046	0.000
0.200	-5.000	0.201	0.018	0.000
0.200	-5.000	0.204	0.074	0.000
0.200	-5.000	0.204	0.074	0.000
0.200	-5.000	0.204	0.074	0.000
0.200	-5.000	0.204	0.074	0.000
0.200	-5.000	0.202	0.046	0.000
0.200	-5.000	0.204	0.074	0.000
0.200	-5.000	0.201	0.018	0.000
0.200	-5.000	0.204	0.074	0.000
0.200	-5.000	0.202	0.046	0.000
0.200	-5.000	0.204	0.074	0.000
0.200	-5.000	0.202	0.046	0.000
0.200	-5.000	0.205	0.102	0.000
0.200	-5.000	0.204	0.074	0.000
0.200	-5.000	0.202	0.046	0.000
0.200	-5.000	0.204	0.074	0.000
0.200	-5.000	0.202	0.046	0.000
0.200	-5.000	0.204	0.074	0.000
0.200	-5.000	0.204	0.074	0.000
0.200	-5.000	0.204	0.074	0.000
0.200	-5.000	0.204	0.074	0.000
0.200	-5.000	0.204	0.074	0.000
0.200	-5.000	0.202	0.046	0.000
0.200	-5.000	0.204	0.074	0.000
0.200	-5.000	0.204	0.074	0.000
0.200	-5.000	0.204	0.074	0.000
0.200	-5.000	0.204	0.074	0.000
0.200	-5.000	0.202	0.046	0.000
0.200	-5.000	0.202	0.046	0.000
0.200	-5.000	0.204	0.074	0.000
0.200	-5.000	0.204	0.074	0.000
0.200	-5.000	0.204	0.074	0.000
0.200	-5.000	0.204	0.074	0.000
0.200	-5.000	0.204	0.074	0.000
0.200	-5.000	0.204	0.074	0.000
0.200	-5.000	0.204	0.074	0.000
0.200	-5.000	0.204	0.074	0.000
0.200	-5.000	0.202	0.046	0.000
0.200	-5.000	0.204	0.074	0.000
0.200	-5.000	0.204	0.074	0.000
0.200	-5.000	0.204	0.074	0.000
0.200	-5.000	0.202	0.046	0.000
0.200	-5.000	0.205	0.102	0.000
0.200	-5.000	0.202	0.046	0.000
0.200	-5.000	0.202	0.046	0.000
0.200	-5.000	0.202	0.046	0.000
0.200	-5.000	0.204	0.074	0.000
0.200	-5.000	0.205	0.102	0.000
0.200	-5.000	0.204	0.074	0.000
0.200	-5.000	0.205	0.102	0.000
0.200	-5.000	0.202	0.046	0.000
0.200	-5.000	0.204	0.074	0.000
0.200	-5.000	0.205	0.102	0.000
0.200	-5.000	0.202	0.046	0.000
0.200	-5.000	0.204	0.074	0.000
0.200	-5.000	0.202	0.046	0.000
0.200	-5.000	0.202	0.046	0.000
0.200	-5.000	0.204	0.074	0.000
0.200	-5.000	0.207	0.130	0.000
0.200	-5.000	0.204	0.074	0.000
0.200	-5.000	0.202	0.046	0.000
0.200	-5.000	0.205	0.102	0.000
0.200	-5.000	0.207	0.130	0.000
0.200	-5.000	0.204	0.074	0.000
0.200	-5.000	0.204	0.074	0.000
0.200	-5.000	0.204	0.074	0.000
0.200	-5.000	0.204	0.074	0.000
0.200	-5.000	0.204	0.074	0.000
0.200	-5.000	0.202	0.046	0.000
0.200	-5.000	0.204	0.074	0.000
0.200	-5.000	0.202	0.046	0.000
0.200	-5.000	0.204	0.074	0.000
0.200	-5.000	0.204	0.074	0.000
0.200	-5.000	0.202	0.046	0.000
0.200	-5.000	0.205	0.102	0.000
0.200	-5.000	0.204	0.074	0.000
0.200	-5.000	0.205	0.102	0.000
0.200	-5.000	0.204	0.074	0.000
0.200	-5.000	0.204	0.074	0.000
0.200	-5.000	0.202	0.046	0.000
0.200	-5.000	0.202	0.046	0.000
0.200	-5.000	0.202	0.046	0.000
0.200	-5.000	0.204	0.074	0.000
0.200	-5.000	0.205	0.102	0.000
0.200	-5.000	0.204	0.074	0.000
0.200	-5.000	0.204	0.074	0.000
0.200	-5.000	0.204	0.074	0.000
0.200	-5.000	0.204	0.074	0.000
0.200	-5.000	0.205	0.102	0.000
0.200	-5.000	0.202	0.046	0.000
0.200	-5.000	0.205	0.102	0.000
0.200	-5.000	0.205	0.102	0.000
0.200	-5.000	0.205	0.102	0.000
0.200	-5.000	0.204	0.074	0.000
0.200	-5.000	0.204	0.074	0.000
0.200	-5.000	0.205	0.102	0.000
0.200	-5.000	0.202	0.046	0.000
0.200	-5.000	0.202	0.046	0.000
0.200	-5.000	0.202	0.046	0.000
0.200	-5.000	0.204	0.074	0.000
0.200	-5.000	0.204	0.074	0.000
0.200	-5.000	0.204	0.074	0.000
0.200	-5.000	0.204	0.074	0.000
0.200	-5.000	0.204	0.074	0.000
0.200	-5.000	0.202	0.046	0.000
0.200	-5.000	0.202	0.046	0.000
0.200	-5.000	0.204	0.074	0.000
0.200	-5.000	0.204	0.074	0.000
0.200	-5.000	0.205	0.102	0.000
0.200	-5.000	0.202	0.046	0.000
0.200	-5.000	0.204	0.074	0.000
0.200	-5.000	0.202	0.046	0.000
0.200	-5.000	0.204	0.074	0.000
0.200	-5.000	0.205	0.102	0.000
0.200	-5.000	0.204	0.074	0.000
0.200	-5.000	0.207	0.130	0.000
0.200	-5.000	0.204	0.074	0.000
0.200	-5.000	0.207	0.130	0.000
0.200	-5.000	0.205	0.102	0.000
0.200	-5.000	0.204	0.074	0.000
0.200	-5.000	0.205	0.102	0.000
0.200	-5.000	0.202	0.046	0.000
0.200	-5.000	0.202	0.046	0.000
0.200	-5.000	0.201	0.018	0.000
0.200	-5.000	0.204	0.074	0.000
0.200	-5.000	0.204	0.074	0.000
0.200	-5.000	0.202	0.046	0.000
0.200	-5.000	0.204	0.074	0.000
0.200	-5.000	0.204	0.074	0.000
0.200	-5.000	0.202	0.046	0.000
0.200	-5.000	0.202	0.046	0.000
0.200	-5.000	0.204	0.074	0.000
0.200	-5.000	0.202	0.046	0.000
0.200	-5.000	0.205	0.102	0.000
0.200	-5.000	0.204	0.074	0.000
0.200	-5.000	0.205	0.102	0.000
0.200	-5.000	0.205	0.102	0.000
0.200	-5.000	0.205	0.102	0.000
0.200	-5.000	0.204	0.074	0.000
0.200	-5.000	0.202	0.046	0.000
0.200	-5.000	0.204	0.074	0.000
0.200	-5.000	0.204	0.074	0.000
0.200	-5.000	0.204	0.074	0.000
0.200	-5.000	0.205	0.102	0.000
0.200	-5.000	0.204	0.074	0.000
0.200	-5.000	0.202	0.046	0.000
0.200	-5.000	0.202	0.046	0.000
0.200	-5.000	0.202	0.046	0.000
0.200	-5.000	0.205	0.102	0.000
0.200	-5.000	0.205	0.102	0.000
0.200	-5.000	0.204	0.074	0.000
0.200	-5.000	0.204	0.074	0.000
0.200	-5.000	0.202	0.046	0.000
0.200	-5.000	0.202	0.046	0.000
0.200	-5.000	0.204	0.074	0.000
0.200	-5.000	0.202	0.046	0.000
0.200	-5.000	0.204	0.074	0.000
0.200	-5.000	0.204	0.074	0.000
0.200	-5.000	0.202	0.046	0.000
0.200	-5.000	0.204	0.074	0.000
0.200	-5.000	0.204	0.074	0.000
0.200	-5.000	0.204	0.074	0.000
0.200	-5.000	0.202	0.046	0.000
0.200	-5.000	0.204	0.074	0.000
0.200	-5.000	0.204	0.074	0.000
0.200	-5.000	0.205	0.102	0.000
0.200	-5.000	0.204	0.074	0.000
0.200	-5.000	0.204	0.074	0.000
0.200	-5.000	0.205	0.102	0.000
0.200	-5.000	0.204	0.074	0.000
0.200	-5.000	0.204	0.074	0.000
0.200	-5.000	0.204	0.074	0.000
0.200	-5.000	0.204	0.074	0.000
0.200	-5.000	0.204	0.074	0.000
0.200	-5.000	0.205	0.102	0.000
0.200	-5.000	0.204	0.074	0.000
0.200	-5.000	0.204	0.074	0.000
0.200	-5.000	0.205	0.102	0.000
0.200	-5.000	0.204	0.074	0.000
0.200	-5.000	0.205	0.102	0.000
0.200	-5.000	0.204	0.074	0.000
0.200	-5.000	0.205	0.102	0.000
0.200	-5.000	0.205	0.102	0.000
0.200	-5.000	0.204	0.074	0.000
0.200	-5.000	0.204	0.074	0.000
0.200	-5.000	0.205	0.102	0.000
0.200	-5.000	0.204	0.074	0.000
0.200	-5.000	0.204	0.074	0.000
0.200	-5.000	0.204	0.074	0.000
0.200	-5.000	0.204	0.074	0.000
0.200	-5.000	0.202	0.046	0.000
0.200	-5.000	0.202	0.046	0.000
0.200	-5.000	0.204	0.074	0.000
0.200	-5.000	0.204	0.074	0.000
0.200	-5.000	0.205	0.102	0.000
0.200	-5.000	0.204	0.074	0.000
0.200	-5.000	0.204	0.074	0.000
0.200	-5.000	0.202	0.046	0.000
0.200	-5.000	0.204	0.074	0.000
0.200	-5.000	0.202	0.046	0.000
0.200	-5.000	0.202	0.046	0.000
0.200	-5.000	0.204	0.074	0.000
0.200	-5.000	0.202	0.046	0.000
0.200	-5.000	0.202	0.046	0.000
0.200	-5.000	0.207	0.130	0.000
0.200	-5.000	0.202	0.046	0.000
0.200	-5.000	0.205	0.102	0.000
0.200	-5.000	0.204	0.074	0.000
0.200	-5.000	0.204	0.074	0.000
0.200	-5.000	0.202	0.046	0.000
0.200	-5.000	0.202	0.046	0.000
0.200	-5.000	0.202	0.046	0.000
0.200	-5.000	0.202	0.046	0.000
0.200	-5.000	0.202	0.046	0.000
0.200	-5.000	0.202	0.046	0.000
0.200	-5.000	0.202	0.046	0.000
0.200	-5.000	0.202	0.046	0.000
0.200	-5.000	0.202	0.046	0.000
0.200	-5.000	0.202	0.046	0.000
0.200	-5.000	0.202	0.046	0.000
0.200	-5.000	0.202	0.046	0.000
0.200	-5.000	0.204	0.074	0.000
0.200	-5.000	0.204	0.074	0.000
0.200	-5.000	0.205	0.102	0.000
0.200	-5.000	0.202	0.046	0.000
0.200	-5.000	0.204	0.074	0.000
0.200	-5.000	0.202	0.046	0.000
0.200	-5.000	0.202	0.046	0.000
0.200	-5.000	0.204	0.074	0.000
0.200	-5.000	0.204	0.074	0.000
0.200	-5.000	0.204	0.074	0.000
0.200	-5.000	0.205	0.102	0.000
0.200	-5.000	0.204	0.074	0.000
0.200	-5.000	0.202	0.046	0.000
0.200	-5.000	0.204	0.074	0.000
0.200	-5.000	0.204	0.074	0.000
0.200	-5.000	0.204	0.074	0.000
0.200	-5.000	0.202	0.046	0.000
0.200	-5.000	0.202	0.046	0.000
0.200	-5.000	0.204	0.074	0.000
0.200	-5.000	0.204	0.074	0.000
0.200	-5.000	0.202	0.046	0.000
0.200	-5.000	0.204	0.074	0.000
0.200	-5.000	0.202	0.046	0.000
0.200	-5.000	0.204	0.074	0.000
0.200	-5.000	0.204	0.074	0.000
0.200	-5.000	0.202	0.046	0.000
0.200	-5.000	0.202	0.046	0.000
0.200	-5.000	0.202	0.046	0.000
0.200	-5.000	0.202	0.046	0.000
0.200	-5.000	0.204	0.074	0.000
0.200	-5.000	0.205	0.102	0.000
0.200	-5.000	0.204	0.074	0.000
0.200	-5.000	0.202	0.046	0.000
0.200	-5.000	0.204	0.074	0.000
0.200	-5.000	0.204	0.074	0.000
0.200	-5.000	0.204	0.074	0.000
0.200	-5.000	0.204	0.074	0.000
0.200	-5.000	0.201	0.018	0.000
0.200	-5.000	0.204	0.074	0.000
0.200	-5.000	0.202	0.046	0.000
0.200	-5.000	0.202	0.046	0.000
0.200	-5.000	0.205	0.102	0.000
0.200	-5.000	0.202	0.046	0.000
0.200	-5.000	0.202	0.046	0.000
0.200	-5.000	0.204	0.074	0.000
0.200	-5.000	0.202	0.046	0.000
0.200	-5.000	0.202	0.046	0.000
0.200	-5.000	0.202	0.046	0.000
0.200	-5.000	0.204	0.074	0.000
0.200	-5.000	0.204	0.074	0.000
0.200	-5.000	0.202	0.046	0.000
0.200	-5.000	0.204	0.074	0.000
0.200	-5.000	0.204	0.074	0.000
0.200	-5.000	0.204	0.074	0.000
0.200	-5.000	0.202	0.046	0.000
0.200	-5.000	0.204	0.074	0.000
0.200	-5.000	0.204	0.074	0.000
0.200	-5.000	0.204	0.074	0.000
0.200	-5.000	0.204	0.074	0.000
0.200	-5.000	0.204	0.074	0.000
0.200	-5.000	0.204	0.074	0.000
0.200	-5.000	0.202	0.046	0.000
0.200	-5.000	0.202	0.046	0.000
0.200	-5.000	0.205	0.102	0.000
0.200	-5.000	0.202	0.046	0.000
0.200	-5.000	0.202	0.046	0.000
0.200	-5.000	0.202	0.046	0.000
0.200	-5.000	0.204	0.074	0.000
0.200	-5.000	0.202	0.046	0.000
0.200	-5.000	0.202	0.046	0.000
0.200	-5.000	0.204	0.074	0.000
0.200	-5.000	0.204	0.074	0.000
0.200	-5.000	0.204	0.074	0.000
0.200	-5.000	0.204	0.074	0.000
0.200	-5.000	0.202	0.046	0.000
0.200	-5.000	0.204	0.074	0.000
0.200	-5.000	0.201	0.018	0.000
0.200	-5.000	0.202	0.046	0.000
0.200	-5.000	0.202	0.046	0.000
0.200	-5.000	0.204	0.074	0.000
0.200	-5.000	0.202	0.046	0.000
0.200	-5.000	0.202	0.046	0.000
0.200	-5.000	0.202	0.046	0.000
0.200	-5.000	0.202	0.046	0.000
0.200	-5.000	0.202	0.046	0.000
0.200	-5.000	0.202	0.046	0.000
0.200	-5.000	0.202	0.046	0.000
0.200	-5.000	0.204	0.074	0.000
0.200	-5.000	0.202	0.046	0.000
0.200	-5.000	0.204	0.074	0.000
0.200	-5.000	0.204	0.074	0.000
0.200	-5.000	0.202	0.046	0.000
0.200	-5.000	0.204	0.074	0.000
0.200	-5.000	0.204	0.074	0.000
0.200	-5.000	0.202	0.046	0.000
0.200	-5.000	0.202	0.046	0.000
0.200	-5.000	0.202	0.046	0.000
0.200	-5.000	0.202	0.046	0.000
0.200	-5.000	0.204	0.074	0.000
0.200	-5.000	0.204	0.074	0.000
0.200	-5.000	0.202	0.046	0.000
0.200	-5.000	0.205	0.102	0.000
0.200	-5.000	0.204	0.074	0.000
0.200	-5.000	0.204	0.074	0.000
0.200	-5.000	0.204	0.074	0.000
0.200	-5.000	0.204	0.074	0.000
0.200	-5.000	0.204	0.074	0.000
0.200	-5.000	0.202	0.046	0.000
0.200	-5.000	0.202	0.046	0.000
0.200	-5.000	0.202	0.046	0.000
0.200	-5.000	0.202	0.046	0.000
0.200	-5.000	0.202	0.046	0.000
0.200	-5.000	0.202	0.046	0.000
0.200	-5.000	0.202	0.046	0.000
0.200	-5.000	0.205	0.102	0.000
0.200	-5.000	0.202	0.046	0.000
0.200	-5.000	0.202	0.046	0.000
0.200	-5.000	0.204	0.074	0.000
0.200	-5.000	0.204	0.074	0.000
0.200	-5.000	0.204	0.074	0.000
0.200	-5.000	0.205	0.102	0.000
0.200	-5.000	0.204	0.074	0.000
0.200	-5.000	0.204	0.074	0.000
0.200	-5.000	0.202	0.046	0.000
0.200	-5.000	0.202	0.046	0.000
0.200	-5.000	0.202	0.046	0.000
0.200	-5.000	0.202	0.046	0.000
0.200	-5.000	0.202	0.046	0.000
0.200	-5.000	0.202	0.046	0.000
0.200	-5.000	0.204	0.074	0.000
0.200	-5.000	0.202	0.046	0.000
0.200	-5.000	0.202	0.046	0.000
0.200	-5.000	0.204	0.074	0.000
0.200	-5.000	0.204	0.074	0.000
0.200	-5.000	0.204	0.074	0.000
0.200	-5.000	0.202	0.046	0.000
0.200	-5.000	0.202	0.046	0.000
0.200	-5.000	0.202	0.046	0.000
0.200	-5.000	0.202	0.046	0.000
0.200	-5.000	0.202	0.046	0.000
0.200	-5.000	0.202	0.046	0.000
0.200	-5.000	0.204	0.074	0.000
0.200	-5.000	0.202	0.046	0.000
0.200	-5.000	0.204	0.074	0.000
0.200	-5.000	0.202	0.046	0.000
0.200	-5.000	0.202	0.046	0.000
0.200	-5.000	0.201	0.018	0.000
0.200	-5.000	0.204	0.074	0.000
0.200	-5.000	0.202	0.046	0.000
0.200	-5.000	0.204	0.074	0.000
0.200	-5.000	0.204	0.074	0.000
0.200	-5.000	0.204	0.074	0.000
0.200	-5.000	0.204	0.074	0.000
0.200	-5.000	0.202	0.046	0.000
0.200	-5.000	0.202	0.046	0.000
0.200	-5.000	0.202	0.046	0.000
0.200	-5.000	0.202	0.046	0.000
0.200	-5.000	0.204	0.074	0.000
0.200	-5.000	0.201	0.018	0.000
0.200	-5.000	0.202	0.046	0.000
0.200	-5.000	0.202	0.046	0.000
0.200	-5.000	0.204	0.074	0.000
0.200	-5.000	0.204	0.074	0.000
0.200	-5.000	0.204	0.074	0.000
0.200	-5.000	0.204	0.074	0.000
0.200	-5.000	0.204	0.074	0.000
0.200	-5.000	0.201	0.018	0.000
0.200	-5.000	0.205	0.102	0.000
0.200	-5.000	0.202	0.046	0.000
0.200	-5.000	0.202	0.046	0.000
0.200	-5.000	0.202	0.046	0.000
0.200	-5.000	0.202	0.046	0.000
0.200	-5.000	0.204	0.074	0.000
0.200	-5.000	0.204	0.074	0.000
0.200	-5.000	0.202	0.046	0.000
0.200	-5.000	0.204	0.074	0.000
0.200	-5.000	0.202	0.046	0.000
0.200	-5.000	0.202	0.046	0.000
0.200	-5.000	0.202	0.046	0.000
0.200	-5.000	0.204	0.074	0.000
0.200	-5.000	0.204	0.074	0.000
0.200	-5.000	0.201	0.018	0.000
0.200	-5.000	0.204	0.074	0.000
0.200	-5.000	0.202	0.046	0.000
0.200	-5.000	0.204	0.074	0.000
0.200	-5.000	0.204	0.074	0.000
0.200	-5.000	0.204	0.074	0.000
0.200	-5.000	0.204	0.074	0.000
0.200	-5.000	0.202	0.046	0.000
0.200	-5.000	0.202	0.046	0.000
0.200	-5.000	0.204	0.074	0.000
0.200	-5.000	0.202	0.046	0.000
0.200	-5.000	0.202	0.046	0.000
0.200	-5.000	0.201	0.018	0.000
0.200	-5.000	0.204	0.074	0.000
0.200	-5.000	0.202	0.046	0.000
0.200	-5.000	0.202	0.046	0.000
0.200	-5.000	0.202	0.046	0.000
0.200	-5.000	0.204	0.074	0.000
0.200	-5.000	0.204	0.074	0.000
0.200	-5.000	0.202	0.046	0.000
0.200	-5.000	0.202	0.046	0.000
0.200	-5.000	0.204	0.074	0.000
0.200	-5.000	0.202	0.046	0.000
0.200	-5.000	0.202	0.046	0.000
0.200	-5.000	0.204	0.074	0.000
0.200	-5.000	0.201	0.018	0.000
0.200	-5.000	0.204	0.074	0.000
0.200	-5.000	0.202	0.046	0.000
0.200	-5.000	0.202	0.046	0.000
0.200	-5.000	0.204	0.074	0.000
0.200	-5.000	0.202	0.046	0.000
0.200	-5.000	0.202	0.046	0.000
0.200	-5.000	0.204	0.074	0.000
0.200	-5.000	0.202	0.046	0.000
0.200	-5.000	0.202	0.046	0.000
0.200	-5.000	0.204	0.074	0.000
0.200	-5.000	0.202	0.046	0.000
0.200	-5.000	0.204	0.074	0.000
0.200	-5.000	0.202	0.046	0.000
0.200	-5.000	0.204	0.074	0.000
0.200	-5.000	0.202	0.046	0.000
0.200	-5.000	0.204	0.074	0.000
0.200	-5.000	0.202	0.046	0.000
0.200	-5.000	0.204	0.074	0.000
0.200	-5.000	0.204	0.074	0.000
0.200	-5.000	0.202	0.046	0.000
0.200	-5.000	0.202	0.046	0.000
0.200	-5.000	0.202	0.046	0.000
0.200	-5.000	0.202	0.046	0.000
0.200	-5.000	0.204	0.074	0.000
0.200	-5.000	0.204	0.074	0.000
0.200	-5.000	0.201	0.018	0.000
0.200	-5.000	0.202	0.046	0.000
0.200	-5.000	0.202	0.046	0.000
0.200	-5.000	0.201	0.018	0.000
0.200	-5.000	0.202	0.046	0.000
0.200	-5.000	0.204	0.074	0.000
0.200	-5.000	0.202	0.046	0.000
0.200	-5.000	0.205	0.102	0.000
0.200	-5.000	0.202	0.046	0.000
0.200	-5.000	0.202	0.046	0.000
0.200	-5.000	0.202	0.046	0.000
0.200	-5.000	0.204	0.074	0.000
0.200	-5.000	0.202	0.046	0.000
0.200	-5.000	0.202	0.046	0.000
0.200	-5.000	0.204	0.074	0.000
0.200	-5.000	0.202	0.046	0.000
0.200	-5.000	0.204	0.074	0.000
0.200	-5.000	0.204	0.074	0.000
0.200	-5.000	0.202	0.046	0.000
0.200	-5.000	0.202	0.046	0.000
0.200	-5.000	0.205	0.102	0.000
0.200	-5.000	0.202	0.046	0.000
0.200	-5.000	0.204	0.074	0.000
0.200	-5.000	0.204	0.074	0.000
0.200	-5.000	0.202	0.046	0.000
0.200	-5.000	0.202	0.046	0.000
0.200	-5.000	0.205	0.102	0.000
0.200	-5.000	0.204	0.074	0.000
0.200	-5.000	0.202	0.046	0.000
0.200	-5.000	0.202	0.046	0.000
0.200	-5.000	0.202	0.046	0.000
0.200	-5.000	0.204	0.074	0.000
0.200	-5.000	0.202	0.046	0.000
0.200	-5.000	0.204	0.074	0.000
0.200	-5.000	0.202	0.046	0.000
0.200	-5.000	0.202	0.046	0.000
0.200	-5.000	0.202	0.046	0.000
0.200	-5.000	0.202	0.046	0.000
0.200	-5.000	0.202	0.046	0.000
0.200	-5.000	0.202	0.046	0.000
0.200	-5.000	0.202	0.046	0.000
0.200	-5.000	0.204	0.074	0.000
0.200	-5.000	0.204	0.074	0.000
0.200	-5.000	0.204	0.074	0.000
0.200	-5.000	0.202	0.046	0.000
0.200	-5.000	0.204	0.074	0.000
0.200	-5.000	0.204	0.074	0.000
0.200	-5.000	0.202	0.046	0.000
0.200	-5.000	0.202	0.046	0.000
0.200	-5.000	0.204	0.074	0.000
0.200	-5.000	0.204	0.074	0.000
0.200	-5.000	0.202	0.046	0.000
0.200	-5.000	0.204	0.074	0.000
0.200	-5.000	0.202	0.046	0.000
0.200	-5.000	0.204	0.074	0.000
0.200	-5.000	0.202	0.046	0.000
0.200	-5.000	0.202	0.046	0.000
0.200	-5.000	0.204	0.074	0.000
0.200	-5.000	0.204	0.074	0.000
0.200	-5.000	0.204	0.074	0.000
0.200	-5.000	0.202	0.046	0.000
0.200	-5.000	0.202	0.046	0.000
0.200	-5.000	0.204	0.074	0.000
0.200	-5.000	0.202	0.046	0.000
0.200	-5.000	0.202	0.046	0.000
0.200	-5.000	0.204	0.074	0.000
0.200	-5.000	0.202	0.046	0.000
0.200	-5.000	0.202	0.046	0.000
0.200	-5.000	0.202	0.046	0.000
0.200	-5.000	0.202	0.046	0.000
0.200	-5.000	0.202	0.046	0.000
0.200	-5.000	0.202	0.046	0.000
0.200	-5.000	0.202	0.046	0.000
0.200	-5.000	0.202	0.046	0.000
0.200	-5.000	0.204	0.074	0.000
0.200	-5.000	0.202	0.046	0.000
0.200	-5.000	0.204	0.074	0.000
0.200	-5.000	0.204	0.074	0.000
0.200	-5.000	0.204	0.074	0.000
0.200	-5.000	0.202	0.046	0.000
0.200	-5.000	0.202	0.046	0.000
0.200	-5.000	0.202	0.046	0.000
0.200	-5.000	0.202	0.046	0.000
0.200	-5.000	0.202	0.046	0.000
0.200	-5.000	0.202	0.046	0.000
0.200	-5.000	0.202	0.046	0.000
0.200	-5.000	0.202	0.046	0.000
0.200	-5.000	0.202	0.046	0.000
0.200	-5.000	0.204	0.074	0.000
0.200	-5.000	0.202	0.046	0.000
0.200	-5.000	0.201	0.018	0.000
0.200	-5.000	0.201	0.018	0.000
0.200	-5.000	0.201	0.018	0.000
0.200	-5.000	0.205	0.102	0.000
0.200	-5.000	0.202	0.046	0.000
0.200	-5.000	0.201	0.018	0.000
0.200	-5.000	0.202	0.046	0.000
0.200	-5.000	0.202	0.046	0.000
0.200	-5.000	0.202	0.046	0.000
0.200	-5.000	0.202	0.046	0.000
0.200	-5.000	0.204	0.074	0.000
0.200	-5.000	0.204	0.074	0.000
0.200	-5.000	0.205	0.102	0.000
0.200	-5.000	0.202	0.046	0.000
0.200	-5.000	0.205	0.102	0.000
0.200	-5.000	0.204	0.074	0.000
0.200	-5.000	0.202	0.046	0.000
0.200	-5.000	0.202	0.046	0.000
0.200	-5.000	0.202	0.046	0.000
0.200	-5.000	0.205	0.102	0.000
0.200	-5.000	0.202	0.046	0.000
0.200	-5.000	0.204	0.074	0.000
0.200	-5.000	0.202	0.046	0.000
0.200	-5.000	0.204	0.074	0.000
0.200	-5.000	0.201	0.018	0.000
0.200	-5.000	0.204	0.074	0.000
0.200	-5.000	0.202	0.046	0.000
0.200	-5.000	0.202	0.046	0.000
0.200	-5.000	0.202	0.046	0.000
0.200	-5.000	0.202	0.046	0.000
0.200	-5.000	0.204	0.074	0.000
0.200	-5.000	0.205	0.102	0.000
0.200	-5.000	0.204	0.074	0.000
0.200	-5.000	0.202	0.046	0.000
0.200	-5.000	0.204	0.074	0.000
0.200	-5.000	0.202	0.046	0.000
0.200	-5.000	0.201	0.018	0.000
0.200	-5.000	0.204	0.074	0.000
0.200	-5.000	0.202	0.046	0.000
0.200	-5.000	0.202	0.046	0.000
0.200	-5.000	0.202	0.046	0.000
0.200	-5.000	0.205	0.102	0.000
0.200	-5.000	0.204	0.074	0.000
0.200	-5.000	0.202	0.046	0.000
0.200	-5.000	0.204	0.074	0.000
0.200	-5.000	0.201	0.018	0.000
0.200	-5.000	0.202	0.046	0.000
0.200	-5.000	0.202	0.046	0.000
0.200	-5.000	0.202	0.046	0.000
0.200	-5.000	0.201	0.018	0.000
