ref	v	theta	v	ball
0.000	-5.000	0.006	0.000	0.000
0.000	-5.000	0.007	0.000	0.000
0.000	-5.000	0.006	0.000	0.000
0.600	-5.000	0.006	-20.797	0.000
0.600	-5.000	0.001	-20.952	0.000
0.600	-5.000	0.004	-20.849	0.000
0.600	-5.000	0.003	-20.900	0.000
0.600	-5.000	0.004	-20.849	0.000
0.600	-5.000	0.004	-20.849	0.000
0.600	-5.000	0.007	-20.745	0.000
0.600	-5.000	0.007	-20.745	0.000
0.600	-5.000	0.010	-20.642	0.000
0.600	-5.000	0.013	-20.538	0.000
0.600	-5.000	0.015	-20.486	0.000
0.600	-5.000	0.021	-20.279	0.000
0.600	-5.000	0.025	-20.124	0.000
0.600	-5.000	0.026	-20.073	0.000
0.600	-5.000	0.029	-19.969	0.000
0.600	-5.000	0.037	-19.710	0.000
0.600	-5.000	0.041	-19.555	0.000
0.600	-5.000	0.043	-19.503	0.000
0.600	-5.000	0.049	-19.296	0.000
0.600	-5.000	0.053	-19.141	0.000
0.600	-5.000	0.056	-19.038	0.000
0.600	-5.000	0.062	-18.831	0.000
0.600	-5.000	0.066	-18.675	0.000
0.600	-5.000	0.072	-18.468	0.000
0.600	-5.000	0.080	-18.210	0.000
0.600	-5.000	0.086	-18.003	0.000
0.600	-5.000	0.092	-17.796	0.000
0.600	-5.000	0.097	-17.589	0.000
0.600	-5.000	0.102	-17.434	0.000
0.600	-5.000	0.109	-17.175	0.000
0.600	-5.000	0.115	-16.968	0.000
0.600	-5.000	0.121	-16.761	0.000
0.600	-5.000	0.126	-16.606	0.000
0.600	-5.000	0.133	-16.347	0.000
0.600	-5.000	0.140	-16.088	0.000
0.600	-5.000	0.146	-15.881	0.000
0.600	-5.000	0.154	-15.623	0.000
0.600	-5.000	0.161	-15.364	0.000
0.600	-5.000	0.168	-15.105	0.000
0.600	-5.000	0.174	-14.898	0.000
0.600	-5.000	0.182	-14.639	0.000
0.600	-5.000	0.189	-14.381	0.000
0.600	-5.000	0.195	-14.174	0.000
0.600	-5.000	0.202	-13.915	0.000
0.600	-5.000	0.210	-13.656	0.000
0.600	-5.000	0.217	-13.398	0.000
0.600	-5.000	0.225	-13.139	0.000
0.600	-5.000	0.232	-12.880	0.000
0.600	-5.000	0.239	-12.621	0.000
0.600	-5.000	0.245	-12.414	0.000
0.600	-5.000	0.256	-12.052	0.000
0.600	-5.000	0.262	-11.845	0.000
0.600	-5.000	0.269	-11.587	0.000
0.600	-5.000	0.278	-11.276	0.000
0.600	-5.000	0.285	-11.017	0.000
0.600	-5.000	0.293	-10.759	0.000
0.600	-5.000	0.300	-10.500	0.000
0.600	-5.000	0.307	-10.241	0.000
0.600	-5.000	0.313	-10.034	0.000
0.600	-5.000	0.322	-9.724	0.000
0.600	-5.000	0.330	-9.465	0.000
0.600	-5.000	0.337	-9.206	0.000
0.600	-5.000	0.349	-8.792	0.000
0.600	-5.000	0.353	-8.637	0.000
0.600	-5.000	0.361	-8.378	0.000
0.600	-5.000	0.368	-8.120	0.000
0.600	-5.000	0.377	-7.809	0.000
0.600	-5.000	0.386	-7.499	0.000
0.600	-5.000	0.395	-7.188	0.000
0.600	-5.000	0.401	-6.981	0.000
0.600	-5.000	0.409	-6.671	0.000
0.600	-5.000	0.417	-6.412	0.000
0.600	-5.000	0.424	-6.153	0.000
0.600	-5.000	0.433	-5.843	0.000
0.600	-5.000	0.442	-5.533	0.000
0.600	-5.000	0.449	-5.274	0.000
0.600	-5.000	0.460	-4.912	0.000
0.600	-5.000	0.466	-4.705	0.000
0.600	-5.000	0.473	-4.446	0.000
0.600	-5.000	0.482	-4.135	0.000
0.600	-5.000	0.492	-3.773	0.000
0.600	-5.000	0.498	-3.566	0.000
0.600	-5.000	0.510	-3.152	0.000
0.600	-5.000	0.517	-2.894	0.000
0.600	-5.000	0.526	-2.583	0.000
0.600	-5.000	0.534	-2.324	0.000
0.600	-5.000	0.541	-2.066	0.000
0.600	-5.000	0.548	-1.807	0.000
0.600	-5.000	0.556	-1.548	0.000
0.600	-5.000	0.565	-1.238	0.000
0.600	-5.000	0.571	-1.031	0.000
0.600	-5.000	0.579	-0.720	0.000
0.600	-5.000	0.587	-0.462	0.000
0.600	-5.000	0.594	-0.203	0.000
0.600	-5.000	0.602	0.056	0.000
0.600	-5.000	0.608	0.263	0.000
0.600	-5.000	0.610	0.366	0.000
0.600	-5.000	0.616	0.573	0.000
0.600	-5.000	0.621	0.728	0.000
0.600	-5.000	0.625	0.884	0.000
0.600	-5.000	0.630	1.039	0.000
0.600	-5.000	0.634	1.194	0.000
0.600	-5.000	0.637	1.298	0.000
0.600	-5.000	0.640	1.401	0.000
0.600	-5.000	0.644	1.556	0.000
0.600	-5.000	0.644	1.556	0.000
0.600	-5.000	0.649	1.712	0.000
0.600	-5.000	0.649	1.712	0.000
0.600	-5.000	0.652	1.815	0.000
0.600	-5.000	0.656	1.970	0.000
0.600	-5.000	0.658	2.022	0.000
0.600	-5.000	0.658	2.022	0.000
0.600	-5.000	0.658	2.022	0.000
0.600	-5.000	0.661	2.126	0.000
0.600	-5.000	0.659	2.074	0.000
0.600	-5.000	0.659	2.074	0.000
0.600	-5.000	0.661	2.126	0.000
0.600	-5.000	0.661	2.126	0.000
0.600	-5.000	0.661	2.126	0.000
0.600	-5.000	0.661	2.126	0.000
0.600	-5.000	0.661	2.126	0.000
0.600	-5.000	0.659	2.074	0.000
0.600	-5.000	0.659	2.074	0.000
0.600	-5.000	0.658	2.022	0.000
0.600	-5.000	0.656	1.970	0.000
0.600	-5.000	0.655	1.919	0.000
0.600	-5.000	0.656	1.970	0.000
0.600	-5.000	0.653	1.867	0.000
0.600	-5.000	0.653	1.867	0.000
0.600	-5.000	0.650	1.763	0.000
0.600	-5.000	0.647	1.660	0.000
0.600	-5.000	0.646	1.608	0.000
0.600	-5.000	0.646	1.608	0.000
0.600	-5.000	0.644	1.556	0.000
0.600	-5.000	0.643	1.505	0.000
0.600	-5.000	0.640	1.401	0.000
0.600	-5.000	0.637	1.298	0.000
0.600	-5.000	0.637	1.298	0.000
0.600	-5.000	0.634	1.194	0.000
0.600	-5.000	0.631	1.091	0.000
0.600	-5.000	0.630	1.039	0.000
0.600	-5.000	0.628	0.987	0.000
0.600	-5.000	0.625	0.884	0.000
0.600	-5.000	0.622	0.780	0.000
0.600	-5.000	0.622	0.780	0.000
0.600	-5.000	0.621	0.728	0.000
0.600	-5.000	0.618	0.625	0.000
0.600	-5.000	0.616	0.573	0.000
0.600	-5.000	0.613	0.470	0.000
0.600	-5.000	0.610	0.366	0.000
0.600	-5.000	0.610	0.366	0.000
0.600	-5.000	0.609	0.315	0.000
0.600	-5.000	0.609	0.315	0.000
0.600	-5.000	0.608	0.263	0.000
0.600	-5.000	0.606	0.211	0.000
0.600	-5.000	0.603	0.108	0.000
0.600	-5.000	0.602	0.056	0.000
0.600	-5.000	0.600	0.004	0.000
0.600	-5.000	0.600	0.004	0.000
0.600	-5.000	0.599	-0.048	0.000
0.600	-5.000	0.599	-0.048	0.000
0.600	-5.000	0.597	-0.099	0.000
0.600	-5.000	0.596	-0.151	0.000
0.600	-5.000	0.593	-0.255	0.000
0.600	-5.000	0.594	-0.203	0.000
0.600	-5.000	0.593	-0.255	0.000
0.600	-5.000	0.593	-0.255	0.000
0.600	-5.000	0.591	-0.306	0.000
0.600	-5.000	0.590	-0.358	0.000
0.600	-5.000	0.590	-0.358	0.000
0.600	-5.000	0.590	-0.358	0.000
0.600	-5.000	0.588	-0.410	0.000
0.600	-5.000	0.587	-0.462	0.000
0.600	-5.000	0.588	-0.410	0.000
0.600	-5.000	0.588	-0.410	0.000
0.600	-5.000	0.587	-0.462	0.000
0.600	-5.000	0.587	-0.462	0.000
0.600	-5.000	0.587	-0.462	0.000
0.600	-5.000	0.588	-0.410	0.000
0.600	-5.000	0.588	-0.410	0.000
0.600	-5.000	0.587	-0.462	0.000
0.600	-5.000	0.587	-0.462	0.000
0.600	-5.000	0.587	-0.462	0.000
0.600	-5.000	0.585	-0.513	0.000
0.600	-5.000	0.585	-0.513	0.000
0.600	-5.000	0.585	-0.513	0.000
0.600	-5.000	0.587	-0.462	0.000
0.600	-5.000	0.588	-0.410	0.000
0.600	-5.000	0.587	-0.462	0.000
0.600	-5.000	0.587	-0.462	0.000
0.600	-5.000	0.587	-0.462	0.000
0.600	-5.000	0.587	-0.462	0.000
0.600	-5.000	0.587	-0.462	0.000
0.600	-5.000	0.587	-0.462	0.000
0.600	-5.000	0.587	-0.462	0.000
0.600	-5.000	0.587	-0.462	0.000
0.600	-5.000	0.587	-0.462	0.000
0.600	-5.000	0.587	-0.462	0.000
0.600	-5.000	0.588	-0.410	0.000
0.600	-5.000	0.588	-0.410	0.000
0.600	-5.000	0.588	-0.410	0.000
0.600	-5.000	0.588	-0.410	0.000
0.600	-5.000	0.588	-0.410	0.000
0.600	-5.000	0.590	-0.358	0.000
0.600	-5.000	0.590	-0.358	0.000
0.600	-5.000	0.588	-0.410	0.000
0.600	-5.000	0.591	-0.306	0.000
0.600	-5.000	0.590	-0.358	0.000
0.600	-5.000	0.591	-0.306	0.000
0.600	-5.000	0.593	-0.255	0.000
0.600	-5.000	0.593	-0.255	0.000
0.600	-5.000	0.593	-0.255	0.000
0.600	-5.000	0.594	-0.203	0.000
0.600	-5.000	0.594	-0.203	0.000
0.600	-5.000	0.597	-0.099	0.000
0.600	-5.000	0.597	-0.099	0.000
0.600	-5.000	0.597	-0.099	0.000
0.600	-5.000	0.596	-0.151	0.000
0.600	-5.000	0.596	-0.151	0.000
0.600	-5.000	0.599	-0.048	0.000
0.600	-5.000	0.600	0.004	0.000
0.600	-5.000	0.599	-0.048	0.000
0.600	-5.000	0.599	-0.048	0.000
0.600	-5.000	0.599	-0.048	0.000
0.600	-5.000	0.600	0.004	0.000
0.600	-5.000	0.600	0.004	0.000
0.600	-5.000	0.600	0.004	0.000
0.600	-5.000	0.602	0.056	0.000
0.600	-5.000	0.599	-0.048	0.000
0.600	-5.000	0.600	0.004	0.000
0.600	-5.000	0.602	0.056	0.000
0.600	-5.000	0.602	0.056	0.000
0.600	-5.000	0.600	0.004	0.000
0.600	-5.000	0.602	0.056	0.000
0.600	-5.000	0.602	0.056	0.000
0.600	-5.000	0.602	0.056	0.000
0.600	-5.000	0.603	0.108	0.000
0.600	-5.000	0.603	0.108	0.000
0.600	-5.000	0.603	0.108	0.000
0.600	-5.000	0.602	0.056	0.000
0.600	-5.000	0.602	0.056	0.000
0.600	-5.000	0.602	0.056	0.000
0.600	-5.000	0.605	0.159	0.000
0.600	-5.000	0.602	0.056	0.000
0.600	-5.000	0.602	0.056	0.000
0.600	-5.000	0.602	0.056	0.000
0.600	-5.000	0.602	0.056	0.000
0.600	-5.000	0.603	0.108	0.000
0.600	-5.000	0.602	0.056	0.000
0.600	-5.000	0.603	0.108	0.000
0.600	-5.000	0.603	0.108	0.000
0.600	-5.000	0.603	0.108	0.000
0.600	-5.000	0.603	0.108	0.000
0.600	-5.000	0.602	0.056	0.000
0.600	-5.000	0.603	0.108	0.000
0.600	-5.000	0.603	0.108	0.000
0.600	-5.000	0.603	0.108	0.000
0.600	-5.000	0.603	0.108	0.000
0.600	-5.000	0.603	0.108	0.000
0.600	-5.000	0.602	0.056	0.000
0.600	-5.000	0.603	0.108	0.000
0.600	-5.000	0.602	0.056	0.000
0.600	-5.000	0.603	0.108	0.000
0.600	-5.000	0.602	0.056	0.000
0.600	-5.000	0.600	0.004	0.000
0.600	-5.000	0.603	0.108	0.000
0.600	-5.000	0.602	0.056	0.000
0.600	-5.000	0.603	0.108	0.000
0.600	-5.000	0.605	0.159	0.000
0.600	-5.000	0.603	0.108	0.000
0.600	-5.000	0.602	0.056	0.000
0.600	-5.000	0.602	0.056	0.000
0.600	-5.000	0.603	0.108	0.000
0.600	-5.000	0.605	0.159	0.000
0.600	-5.000	0.602	0.056	0.000
0.600	-5.000	0.602	0.056	0.000
0.600	-5.000	0.603	0.108	0.000
0.600	-5.000	0.602	0.056	0.000
0.600	-5.000	0.603	0.108	0.000
0.600	-5.000	0.602	0.056	0.000
0.600	-5.000	0.602	0.056	0.000
0.600	-5.000	0.603	0.108	0.000
0.600	-5.000	0.602	0.056	0.000
0.600	-5.000	0.602	0.056	0.000
0.600	-5.000	0.602	0.056	0.000
0.600	-5.000	0.603	0.108	0.000
0.600	-5.000	0.602	0.056	0.000
0.600	-5.000	0.603	0.108	0.000
0.600	-5.000	0.602	0.056	0.000
0.600	-5.000	0.603	0.108	0.000
0.600	-5.000	0.603	0.108	0.000
0.600	-5.000	0.603	0.108	0.000
0.600	-5.000	0.602	0.056	0.000
0.600	-5.000	0.602	0.056	0.000
0.600	-5.000	0.602	0.056	0.000
0.600	-5.000	0.602	0.056	0.000
0.600	-5.000	0.602	0.056	0.000
0.600	-5.000	0.603	0.108	0.000
0.600	-5.000	0.603	0.108	0.000
0.600	-5.000	0.602	0.056	0.000
0.600	-5.000	0.602	0.056	0.000
0.600	-5.000	0.603	0.108	0.000
0.600	-5.000	0.603	0.108	0.000
0.600	-5.000	0.603	0.108	0.000
0.600	-5.000	0.602	0.056	0.000
0.600	-5.000	0.602	0.056	0.000
0.600	-5.000	0.603	0.108	0.000
0.600	-5.000	0.603	0.108	0.000
0.600	-5.000	0.603	0.108	0.000
0.600	-5.000	0.602	0.056	0.000
0.600	-5.000	0.602	0.056	0.000
0.600	-5.000	0.603	0.108	0.000
0.600	-5.000	0.602	0.056	0.000
0.600	-5.000	0.602	0.056	0.000
0.600	-5.000	0.602	0.056	0.000
0.600	-5.000	0.602	0.056	0.000
0.600	-5.000	0.600	0.004	0.000
0.600	-5.000	0.602	0.056	0.000
0.600	-5.000	0.602	0.056	0.000
0.600	-5.000	0.603	0.108	0.000
0.600	-5.000	0.600	0.004	0.000
0.600	-5.000	0.603	0.108	0.000
0.600	-5.000	0.602	0.056	0.000
0.600	-5.000	0.602	0.056	0.000
0.600	-5.000	0.602	0.056	0.000
0.600	-5.000	0.602	0.056	0.000
0.600	-5.000	0.602	0.056	0.000
0.600	-5.000	0.602	0.056	0.000
0.600	-5.000	0.602	0.056	0.000
0.600	-5.000	0.603	0.108	0.000
0.600	-5.000	0.602	0.056	0.000
0.600	-5.000	0.602	0.056	0.000
0.600	-5.000	0.602	0.056	0.000
0.600	-5.000	0.602	0.056	0.000
0.600	-5.000	0.602	0.056	0.000
0.600	-5.000	0.602	0.056	0.000
0.600	-5.000	0.602	0.056	0.000
0.600	-5.000	0.600	0.004	0.000
0.600	-5.000	0.599	-0.048	0.000
0.600	-5.000	0.602	0.056	0.000
0.600	-5.000	0.602	0.056	0.000
0.600	-5.000	0.602	0.056	0.000
0.600	-5.000	0.602	0.056	0.000
0.600	-5.000	0.602	0.056	0.000
0.600	-5.000	0.602	0.056	0.000
0.600	-5.000	0.602	0.056	0.000
0.600	-5.000	0.602	0.056	0.000
0.600	-5.000	0.602	0.056	0.000
0.600	-5.000	0.600	0.004	0.000
0.600	-5.000	0.600	0.004	0.000
0.600	-5.000	0.600	0.004	0.000
0.600	-5.000	0.602	0.056	0.000
0.600	-5.000	0.602	0.056	0.000
0.600	-5.000	0.600	0.004	0.000
0.600	-5.000	0.600	0.004	0.000
0.600	-5.000	0.602	0.056	0.000
0.600	-5.000	0.602	0.056	0.000
0.600	-5.000	0.600	0.004	0.000
0.600	-5.000	0.602	0.056	0.000
0.600	-5.000	0.599	-0.048	0.000
0.600	-5.000	0.602	0.056	0.000
0.600	-5.000	0.600	0.004	0.000
0.600	-5.000	0.602	0.056	0.000
0.600	-5.000	0.602	0.056	0.000
0.600	-5.000	0.602	0.056	0.000
0.600	-5.000	0.600	0.004	0.000
0.600	-5.000	0.599	-0.048	0.000
0.600	-5.000	0.602	0.056	0.000
0.600	-5.000	0.602	0.056	0.000
0.600	-5.000	0.602	0.056	0.000
0.600	-5.000	0.600	0.004	0.000
0.600	-5.000	0.602	0.056	0.000
0.600	-5.000	0.602	0.056	0.000
0.600	-5.000	0.600	0.004	0.000
0.600	-5.000	0.602	0.056	0.000
0.600	-5.000	0.602	0.056	0.000
0.600	-5.000	0.600	0.004	0.000
0.600	-5.000	0.600	0.004	0.000
0.600	-5.000	0.600	0.004	0.000
0.600	-5.000	0.600	0.004	0.000
0.600	-5.000	0.599	-0.048	0.000
0.600	-5.000	0.600	0.004	0.000
0.600	-5.000	0.602	0.056	0.000
0.600	-5.000	0.599	-0.048	0.000
0.600	-5.000	0.599	-0.048	0.000
0.600	-5.000	0.602	0.056	0.000
0.600	-5.000	0.602	0.056	0.000
0.600	-5.000	0.602	0.056	0.000
0.600	-5.000	0.600	0.004	0.000
0.600	-5.000	0.600	0.004	0.000
0.600	-5.000	0.600	0.004	0.000
0.600	-5.000	0.602	0.056	0.000
0.600	-5.000	0.599	-0.048	0.000
0.600	-5.000	0.602	0.056	0.000
0.600	-5.000	0.600	0.004	0.000
0.600	-5.000	0.602	0.056	0.000
0.600	-5.000	0.600	0.004	0.000
0.600	-5.000	0.602	0.056	0.000
0.600	-5.000	0.602	0.056	0.000
0.600	-5.000	0.600	0.004	0.000
0.600	-5.000	0.600	0.004	0.000
0.600	-5.000	0.600	0.004	0.000
0.600	-5.000	0.600	0.004	0.000
0.600	-5.000	0.600	0.004	0.000
0.600	-5.000	0.600	0.004	0.000
0.600	-5.000	0.602	0.056	0.000
0.600	-5.000	0.603	0.108	0.000
0.600	-5.000	0.600	0.004	0.000
0.600	-5.000	0.602	0.056	0.000
0.600	-5.000	0.600	0.004	0.000
0.600	-5.000	0.602	0.056	0.000
0.600	-5.000	0.600	0.004	0.000
0.600	-5.000	0.602	0.056	0.000
0.600	-5.000	0.600	0.004	0.000
0.600	-5.000	0.602	0.056	0.000
0.600	-5.000	0.602	0.056	0.000
0.600	-5.000	0.602	0.056	0.000
0.600	-5.000	0.599	-0.048	0.000
0.600	-5.000	0.600	0.004	0.000
0.600	-5.000	0.599	-0.048	0.000
0.600	-5.000	0.600	0.004	0.000
0.600	-5.000	0.602	0.056	0.000
0.600	-5.000	0.602	0.056	0.000
0.600	-5.000	0.602	0.056	0.000
0.600	-5.000	0.602	0.056	0.000
0.600	-5.000	0.600	0.004	0.000
0.600	-5.000	0.600	0.004	0.000
0.600	-5.000	0.600	0.004	0.000
0.600	-5.000	0.602	0.056	0.000
0.600	-5.000	0.600	0.004	0.000
0.600	-5.000	0.600	0.004	0.000
0.600	-5.000	0.603	0.108	0.000
0.600	-5.000	0.602	0.056	0.000
0.600	-5.000	0.602	0.056	0.000
0.600	-5.000	0.600	0.004	0.000
0.600	-5.000	0.600	0.004	0.000
0.600	-5.000	0.602	0.056	0.000
0.600	-5.000	0.602	0.056	0.000
0.600	-5.000	0.602	0.056	0.000
0.600	-5.000	0.602	0.056	0.000
0.600	-5.000	0.602	0.056	0.000
0.600	-5.000	0.600	0.004	0.000
0.600	-5.000	0.602	0.056	0.000
0.600	-5.000	0.602	0.056	0.000
0.600	-5.000	0.602	0.056	0.000
0.600	-5.000	0.602	0.056	0.000
0.600	-5.000	0.602	0.056	0.000
0.600	-5.000	0.600	0.004	0.000
0.600	-5.000	0.602	0.056	0.000
0.600	-5.000	0.602	0.056	0.000
0.600	-5.000	0.602	0.056	0.000
0.600	-5.000	0.600	0.004	0.000
0.600	-5.000	0.600	0.004	0.000
0.600	-5.000	0.602	0.056	0.000
0.600	-5.000	0.602	0.056	0.000
0.600	-5.000	0.600	0.004	0.000
0.600	-5.000	0.600	0.004	0.000
0.600	-5.000	0.602	0.056	0.000
0.600	-5.000	0.602	0.056	0.000
0.600	-5.000	0.599	-0.048	0.000
0.600	-5.000	0.599	-0.048	0.000
0.600	-5.000	0.602	0.056	0.000
0.600	-5.000	0.602	0.056	0.000
0.600	-5.000	0.600	0.004	0.000
0.600	-5.000	0.602	0.056	0.000
0.600	-5.000	0.600	0.004	0.000
0.600	-5.000	0.600	0.004	0.000
0.600	-5.000	0.602	0.056	0.000
0.600	-5.000	0.603	0.108	0.000
0.600	-5.000	0.603	0.108	0.000
0.600	-5.000	0.602	0.056	0.000
0.600	-5.000	0.602	0.056	0.000
0.600	-5.000	0.600	0.004	0.000
0.600	-5.000	0.603	0.108	0.000
0.600	-5.000	0.602	0.056	0.000
0.600	-5.000	0.600	0.004	0.000
0.600	-5.000	0.599	-0.048	0.000
0.600	-5.000	0.600	0.004	0.000
0.600	-5.000	0.602	0.056	0.000
0.600	-5.000	0.600	0.004	0.000
0.600	-5.000	0.602	0.056	0.000
0.600	-5.000	0.599	-0.048	0.000
0.600	-5.000	0.599	-0.048	0.000
0.600	-5.000	0.602	0.056	0.000
0.600	-5.000	0.599	-0.048	0.000
0.600	-5.000	0.599	-0.048	0.000
0.600	-5.000	0.600	0.004	0.000
0.600	-5.000	0.602	0.056	0.000
0.600	-5.000	0.603	0.108	0.000
0.600	-5.000	0.602	0.056	0.000
0.600	-5.000	0.602	0.056	0.000
0.600	-5.000	0.602	0.056	0.000
0.600	-5.000	0.602	0.056	0.000
0.600	-5.000	0.599	-0.048	0.000
0.600	-5.000	0.600	0.004	0.000
0.600	-5.000	0.600	0.004	0.000
0.600	-5.000	0.600	0.004	0.000
0.600	-5.000	0.602	0.056	0.000
0.600	-5.000	0.600	0.004	0.000
0.600	-5.000	0.599	-0.048	0.000
0.600	-5.000	0.599	-0.048	0.000
0.600	-5.000	0.602	0.056	0.000
0.600	-5.000	0.602	0.056	0.000
0.600	-5.000	0.600	0.004	0.000
0.600	-5.000	0.602	0.056	0.000
0.600	-5.000	0.600	0.004	0.000
0.600	-5.000	0.602	0.056	0.000
0.600	-5.000	0.600	0.004	0.000
0.600	-5.000	0.602	0.056	0.000
0.600	-5.000	0.600	0.004	0.000
0.600	-5.000	0.599	-0.048	0.000
0.600	-5.000	0.599	-0.048	0.000
0.600	-5.000	0.599	-0.048	0.000
0.600	-5.000	0.600	0.004	0.000
0.600	-5.000	0.600	0.004	0.000
0.600	-5.000	0.602	0.056	0.000
0.600	-5.000	0.600	0.004	0.000
0.600	-5.000	0.602	0.056	0.000
0.600	-5.000	0.600	0.004	0.000
0.600	-5.000	0.599	-0.048	0.000
0.600	-5.000	0.602	0.056	0.000
0.600	-5.000	0.600	0.004	0.000
0.600	-5.000	0.600	0.004	0.000
0.600	-5.000	0.602	0.056	0.000
0.600	-5.000	0.602	0.056	0.000
0.600	-5.000	0.600	0.004	0.000
0.600	-5.000	0.599	-0.048	0.000
0.600	-5.000	0.600	0.004	0.000
0.600	-5.000	0.600	0.004	0.000
0.600	-5.000	0.599	-0.048	0.000
0.600	-5.000	0.600	0.004	0.000
0.600	-5.000	0.599	-0.048	0.000
0.600	-5.000	0.602	0.056	0.000
0.600	-5.000	0.602	0.056	0.000
0.600	-5.000	0.602	0.056	0.000
0.600	-5.000	0.600	0.004	0.000
0.600	-5.000	0.602	0.056	0.000
0.600	-5.000	0.602	0.056	0.000
0.600	-5.000	0.603	0.108	0.000
0.600	-5.000	0.600	0.004	0.000
0.600	-5.000	0.600	0.004	0.000
0.600	-5.000	0.600	0.004	0.000
0.600	-5.000	0.602	0.056	0.000
0.600	-5.000	0.600	0.004	0.000
0.600	-5.000	0.602	0.056	0.000
0.600	-5.000	0.600	0.004	0.000
0.600	-5.000	0.600	0.004	0.000
0.600	-5.000	0.600	0.004	0.000
0.600	-5.000	0.602	0.056	0.000
0.600	-5.000	0.602	0.056	0.000
0.600	-5.000	0.602	0.056	0.000
0.600	-5.000	0.602	0.056	0.000
0.600	-5.000	0.602	0.056	0.000
0.600	-5.000	0.602	0.056	0.000
0.600	-5.000	0.600	0.004	0.000
0.600	-5.000	0.599	-0.048	0.000
0.600	-5.000	0.602	0.056	0.000
0.600	-5.000	0.600	0.004	0.000
0.600	-5.000	0.600	0.004	0.000
0.600	-5.000	0.600	0.004	0.000
0.600	-5.000	0.602	0.056	0.000
0.600	-5.000	0.600	0.004	0.000
0.600	-5.000	0.602	0.056	0.000
0.600	-5.000	0.602	0.056	0.000
0.600	-5.000	0.600	0.004	0.000
0.600	-5.000	0.602	0.056	0.000
0.600	-5.000	0.600	0.004	0.000
0.600	-5.000	0.602	0.056	0.000
0.600	-5.000	0.600	0.004	0.000
0.600	-5.000	0.600	0.004	0.000
0.600	-5.000	0.600	0.004	0.000
0.600	-5.000	0.602	0.056	0.000
0.600	-5.000	0.603	0.108	0.000
0.600	-5.000	0.600	0.004	0.000
0.600	-5.000	0.602	0.056	0.000
0.600	-5.000	0.600	0.004	0.000
0.600	-5.000	0.602	0.056	0.000
0.600	-5.000	0.600	0.004	0.000
0.600	-5.000	0.602	0.056	0.000
0.600	-5.000	0.602	0.056	0.000
0.600	-5.000	0.602	0.056	0.000
0.600	-5.000	0.602	0.056	0.000
0.600	-5.000	0.602	0.056	0.000
0.600	-5.000	0.602	0.056	0.000
0.600	-5.000	0.602	0.056	0.000
0.600	-5.000	0.602	0.056	0.000
0.600	-5.000	0.602	0.056	0.000
0.600	-5.000	0.600	0.004	0.000
0.600	-5.000	0.600	0.004	0.000
0.600	-5.000	0.600	0.004	0.000
0.600	-5.000	0.599	-0.048	0.000
0.600	-5.000	0.600	0.004	0.000
0.600	-5.000	0.600	0.004	0.000
0.600	-5.000	0.602	0.056	0.000
0.600	-5.000	0.602	0.056	0.000
0.600	-5.000	0.602	0.056	0.000
0.600	-5.000	0.600	0.004	0.000
0.600	-5.000	0.602	0.056	0.000
0.600	-5.000	0.602	0.056	0.000
0.600	-5.000	0.602	0.056	0.000
0.600	-5.000	0.600	0.004	0.000
0.600	-5.000	0.602	0.056	0.000
0.600	-5.000	0.603	0.108	0.000
0.600	-5.000	0.602	0.056	0.000
0.600	-5.000	0.602	0.056	0.000
0.600	-5.000	0.600	0.004	0.000
0.600	-5.000	0.600	0.004	0.000
0.600	-5.000	0.600	0.004	0.000
0.600	-5.000	0.602	0.056	0.000
0.600	-5.000	0.602	0.056	0.000
0.600	-5.000	0.603	0.108	0.000
0.600	-5.000	0.602	0.056	0.000
0.600	-5.000	0.602	0.056	0.000
0.600	-5.000	0.600	0.004	0.000
0.600	-5.000	0.600	0.004	0.000
0.600	-5.000	0.602	0.056	0.000
0.600	-5.000	0.602	0.056	0.000
0.600	-5.000	0.602	0.056	0.000
0.600	-5.000	0.602	0.056	0.000
0.600	-5.000	0.600	0.004	0.000
0.600	-5.000	0.602	0.056	0.000
0.600	-5.000	0.602	0.056	0.000
0.600	-5.000	0.600	0.004	0.000
0.600	-5.000	0.602	0.056	0.000
0.600	-5.000	0.602	0.056	0.000
0.600	-5.000	0.600	0.004	0.000
0.600	-5.000	0.602	0.056	0.000
0.600	-5.000	0.599	-0.048	0.000
0.600	-5.000	0.600	0.004	0.000
0.600	-5.000	0.599	-0.048	0.000
0.600	-5.000	0.599	-0.048	0.000
0.600	-5.000	0.599	-0.048	0.000
0.600	-5.000	0.602	0.056	0.000
0.600	-5.000	0.600	0.004	0.000
0.600	-5.000	0.600	0.004	0.000
0.600	-5.000	0.602	0.056	0.000
0.600	-5.000	0.602	0.056	0.000
0.600	-5.000	0.602	0.056	0.000
0.600	-5.000	0.599	-0.048	0.000
0.600	-5.000	0.600	0.004	0.000
0.600	-5.000	0.602	0.056	0.000
0.600	-5.000	0.600	0.004	0.000
0.600	-5.000	0.600	0.004	0.000
0.600	-5.000	0.600	0.004	0.000
0.600	-5.000	0.600	0.004	0.000
0.600	-5.000	0.602	0.056	0.000
0.600	-5.000	0.600	0.004	0.000
0.600	-5.000	0.599	-0.048	0.000
0.600	-5.000	0.602	0.056	0.000
0.600	-5.000	0.602	0.056	0.000
0.600	-5.000	0.602	0.056	0.000
0.600	-5.000	0.600	0.004	0.000
0.600	-5.000	0.602	0.056	0.000
0.600	-5.000	0.602	0.056	0.000
0.600	-5.000	0.602	0.056	0.000
0.600	-5.000	0.602	0.056	0.000
0.600	-5.000	0.602	0.056	0.000
0.600	-5.000	0.602	0.056	0.000
0.600	-5.000	0.602	0.056	0.000
0.600	-5.000	0.600	0.004	0.000
0.600	-5.000	0.600	0.004	0.000
0.600	-5.000	0.602	0.056	0.000
0.600	-5.000	0.599	-0.048	0.000
0.600	-5.000	0.600	0.004	0.000
0.600	-5.000	0.600	0.004	0.000
0.600	-5.000	0.600	0.004	0.000
0.600	-5.000	0.602	0.056	0.000
0.600	-5.000	0.602	0.056	0.000
0.600	-5.000	0.600	0.004	0.000
0.600	-5.000	0.602	0.056	0.000
0.600	-5.000	0.602	0.056	0.000
0.600	-5.000	0.600	0.004	0.000
0.600	-5.000	0.600	0.004	0.000
0.600	-5.000	0.600	0.004	0.000
0.600	-5.000	0.602	0.056	0.000
0.600	-5.000	0.602	0.056	0.000
0.600	-5.000	0.602	0.056	0.000
0.600	-5.000	0.600	0.004	0.000
0.600	-5.000	0.602	0.056	0.000
0.600	-5.000	0.602	0.056	0.000
0.600	-5.000	0.599	-0.048	0.000
0.600	-5.000	0.602	0.056	0.000
0.600	-5.000	0.602	0.056	0.000
0.600	-5.000	0.602	0.056	0.000
0.600	-5.000	0.602	0.056	0.000
0.600	-5.000	0.602	0.056	0.000
0.600	-5.000	0.603	0.108	0.000
0.600	-5.000	0.600	0.004	0.000
0.600	-5.000	0.600	0.004	0.000
0.600	-5.000	0.602	0.056	0.000
0.600	-5.000	0.602	0.056	0.000
0.600	-5.000	0.600	0.004	0.000
0.600	-5.000	0.600	0.004	0.000
0.600	-5.000	0.600	0.004	0.000
0.600	-5.000	0.600	0.004	0.000
0.600	-5.000	0.600	0.004	0.000
0.600	-5.000	0.600	0.004	0.000
0.600	-5.000	0.602	0.056	0.000
0.600	-5.000	0.602	0.056	0.000
0.600	-5.000	0.602	0.056	0.000
0.600	-5.000	0.602	0.056	0.000
0.600	-5.000	0.602	0.056	0.000
0.600	-5.000	0.602	0.056	0.000
0.600	-5.000	0.600	0.004	0.000
0.600	-5.000	0.602	0.056	0.000
0.600	-5.000	0.600	0.004	0.000
0.600	-5.000	0.600	0.004	0.000
0.600	-5.000	0.602	0.056	0.000
0.600	-5.000	0.603	0.108	0.000
0.600	-5.000	0.600	0.004	0.000
0.600	-5.000	0.602	0.056	0.000
0.600	-5.000	0.600	0.004	0.000
0.600	-5.000	0.600	0.004	0.000
0.600	-5.000	0.600	0.004	0.000
0.600	-5.000	0.600	0.004	0.000
0.600	-5.000	0.602	0.056	0.000
0.600	-5.000	0.600	0.004	0.000
0.600	-5.000	0.602	0.056	0.000
0.600	-5.000	0.602	0.056	0.000
0.600	-5.000	0.600	0.004	0.000
0.600	-5.000	0.602	0.056	0.000
0.600	-5.000	0.602	0.056	0.000
0.600	-5.000	0.600	0.004	0.000
0.600	-5.000	0.602	0.056	0.000
0.600	-5.000	0.600	0.004	0.000
0.600	-5.000	0.602	0.056	0.000
0.600	-5.000	0.602	0.056	0.000
0.600	-5.000	0.599	-0.048	0.000
0.600	-5.000	0.600	0.004	0.000
0.600	-5.000	0.602	0.056	0.000
0.600	-5.000	0.600	0.004	0.000
0.600	-5.000	0.602	0.056	0.000
0.600	-5.000	0.602	0.056	0.000
0.600	-5.000	0.602	0.056	0.000
0.600	-5.000	0.602	0.056	0.000
0.600	-5.000	0.600	0.004	0.000
0.600	-5.000	0.599	-0.048	0.000
0.600	-5.000	0.602	0.056	0.000
0.600	-5.000	0.600	0.004	0.000
0.600	-5.000	0.603	0.108	0.000
0.600	-5.000	0.602	0.056	0.000
0.600	-5.000	0.600	0.004	0.000
0.600	-5.000	0.600	0.004	0.000
0.600	-5.000	0.600	0.004	0.000
0.600	-5.000	0.599	-0.048	0.000
0.600	-5.000	0.602	0.056	0.000
0.600	-5.000	0.602	0.056	0.000
0.600	-5.000	0.603	0.108	0.000
0.600	-5.000	0.600	0.004	0.000
0.600	-5.000	0.600	0.004	0.000
0.600	-5.000	0.600	0.004	0.000
0.600	-5.000	0.602	0.056	0.000
0.600	-5.000	0.600	0.004	0.000
0.600	-5.000	0.602	0.056	0.000
0.600	-5.000	0.600	0.004	0.000
0.600	-5.000	0.599	-0.048	0.000
0.600	-5.000	0.602	0.056	0.000
0.600	-5.000	0.600	0.004	0.000
0.600	-5.000	0.599	-0.048	0.000
0.600	-5.000	0.602	0.056	0.000
0.600	-5.000	0.600	0.004	0.000
0.600	-5.000	0.599	-0.048	0.000
0.600	-5.000	0.602	0.056	0.000
0.600	-5.000	0.602	0.056	0.000
0.600	-5.000	0.600	0.004	0.000
0.600	-5.000	0.600	0.004	0.000
0.600	-5.000	0.599	-0.048	0.000
0.600	-5.000	0.602	0.056	0.000
0.600	-5.000	0.603	0.108	0.000
0.600	-5.000	0.602	0.056	0.000
0.600	-5.000	0.600	0.004	0.000
0.600	-5.000	0.599	-0.048	0.000
0.600	-5.000	0.602	0.056	0.000
0.600	-5.000	0.600	0.004	0.000
0.600	-5.000	0.600	0.004	0.000
0.600	-5.000	0.599	-0.048	0.000
0.600	-5.000	0.599	-0.048	0.000
0.600	-5.000	0.600	0.004	0.000
0.600	-5.000	0.600	0.004	0.000
0.600	-5.000	0.602	0.056	0.000
0.600	-5.000	0.602	0.056	0.000
0.600	-5.000	0.600	0.004	0.000
0.600	-5.000	0.600	0.004	0.000
0.600	-5.000	0.602	0.056	0.000
0.600	-5.000	0.600	0.004	0.000
0.600	-5.000	0.600	0.004	0.000
0.600	-5.000	0.602	0.056	0.000
0.600	-5.000	0.602	0.056	0.000
0.600	-5.000	0.602	0.056	0.000
0.600	-5.000	0.602	0.056	0.000
0.600	-5.000	0.599	-0.048	0.000
0.600	-5.000	0.599	-0.048	0.000
0.600	-5.000	0.600	0.004	0.000
0.600	-5.000	0.600	0.004	0.000
0.600	-5.000	0.599	-0.048	0.000
0.600	-5.000	0.600	0.004	0.000
0.600	-5.000	0.600	0.004	0.000
0.600	-5.000	0.599	-0.048	0.000
0.600	-5.000	0.602	0.056	0.000
0.600	-5.000	0.602	0.056	0.000
0.600	-5.000	0.602	0.056	0.000
0.600	-5.000	0.600	0.004	0.000
0.600	-5.000	0.600	0.004	0.000
0.600	-5.000	0.602	0.056	0.000
0.600	-5.000	0.602	0.056	0.000
0.600	-5.000	0.600	0.004	0.000
0.600	-5.000	0.602	0.056	0.000
0.600	-5.000	0.602	0.056	0.000
0.600	-5.000	0.602	0.056	0.000
0.600	-5.000	0.600	0.004	0.000
0.600	-5.000	0.600	0.004	0.000
0.600	-5.000	0.602	0.056	0.000
0.600	-5.000	0.602	0.056	0.000
0.600	-5.000	0.600	0.004	0.000
0.600	-5.000	0.602	0.056	0.000
0.600	-5.000	0.602	0.056	0.000
0.600	-5.000	0.600	0.004	0.000
0.600	-5.000	0.599	-0.048	0.000
0.600	-5.000	0.600	0.004	0.000
0.600	-5.000	0.602	0.056	0.000
0.600	-5.000	0.603	0.108	0.000
0.600	-5.000	0.602	0.056	0.000
0.600	-5.000	0.600	0.004	0.000
0.600	-5.000	0.600	0.004	0.000
0.600	-5.000	0.599	-0.048	0.000
0.600	-5.000	0.599	-0.048	0.000
0.600	-5.000	0.600	0.004	0.000
0.600	-5.000	0.600	0.004	0.000
0.600	-5.000	0.599	-0.048	0.000
0.600	-5.000	0.602	0.056	0.000
0.600	-5.000	0.599	-0.048	0.000
0.600	-5.000	0.600	0.004	0.000
0.600	-5.000	0.602	0.056	0.000
0.600	-5.000	0.599	-0.048	0.000
0.600	-5.000	0.599	-0.048	0.000
0.600	-5.000	0.600	0.004	0.000
0.600	-5.000	0.600	0.004	0.000
0.600	-5.000	0.602	0.056	0.000
0.600	-5.000	0.600	0.004	0.000
0.600	-5.000	0.600	0.004	0.000
0.600	-5.000	0.602	0.056	0.000
0.600	-5.000	0.600	0.004	0.000
0.600	-5.000	0.602	0.056	0.000
0.600	-5.000	0.602	0.056	0.000
0.600	-5.000	0.600	0.004	0.000
0.600	-5.000	0.602	0.056	0.000
0.600	-5.000	0.600	0.004	0.000
0.600	-5.000	0.602	0.056	0.000
0.600	-5.000	0.602	0.056	0.000
0.600	-5.000	0.602	0.056	0.000
0.600	-5.000	0.600	0.004	0.000
0.600	-5.000	0.602	0.056	0.000
0.600	-5.000	0.602	0.056	0.000
0.600	-5.000	0.602	0.056	0.000
0.600	-5.000	0.599	-0.048	0.000
0.600	-5.000	0.600	0.004	0.000
0.600	-5.000	0.600	0.004	0.000
0.600	-5.000	0.602	0.056	0.000
0.600	-5.000	0.602	0.056	0.000
0.600	-5.000	0.600	0.004	0.000
0.600	-5.000	0.599	-0.048	0.000
0.600	-5.000	0.600	0.004	0.000
0.600	-5.000	0.600	0.004	0.000
0.600	-5.000	0.600	0.004	0.000
0.600	-5.000	0.600	0.004	0.000
0.600	-5.000	0.599	-0.048	0.000
0.600	-5.000	0.602	0.056	0.000
0.600	-5.000	0.602	0.056	0.000
0.600	-5.000	0.599	-0.048	0.000
0.600	-5.000	0.602	0.056	0.000
0.600	-5.000	0.600	0.004	0.000
0.600	-5.000	0.600	0.004	0.000
0.600	-5.000	0.600	0.004	0.000
0.600	-5.000	0.602	0.056	0.000
0.600	-5.000	0.602	0.056	0.000
0.600	-5.000	0.600	0.004	0.000
0.600	-5.000	0.602	0.056	0.000
0.600	-5.000	0.600	0.004	0.000
0.600	-5.000	0.600	0.004	0.000
0.600	-5.000	0.599	-0.048	0.000
0.600	-5.000	0.602	0.056	0.000
0.600	-5.000	0.600	0.004	0.000
0.600	-5.000	0.602	0.056	0.000
0.600	-5.000	0.602	0.056	0.000
0.600	-5.000	0.602	0.056	0.000
0.600	-5.000	0.602	0.056	0.000
0.600	-5.000	0.602	0.056	0.000
0.600	-5.000	0.602	0.056	0.000
0.600	-5.000	0.602	0.056	0.000
0.600	-5.000	0.600	0.004	0.000
0.600	-5.000	0.602	0.056	0.000
0.600	-5.000	0.602	0.056	0.000
0.600	-5.000	0.600	0.004	0.000
0.600	-5.000	0.600	0.004	0.000
0.600	-5.000	0.602	0.056	0.000
0.600	-5.000	0.602	0.056	0.000
0.600	-5.000	0.600	0.004	0.000
0.600	-5.000	0.599	-0.048	0.000
0.600	-5.000	0.602	0.056	0.000
0.600	-5.000	0.600	0.004	0.000
0.600	-5.000	0.597	-0.099	0.000
0.600	-5.000	0.599	-0.048	0.000
0.600	-5.000	0.600	0.004	0.000
0.600	-5.000	0.599	-0.048	0.000
0.600	-5.000	0.602	0.056	0.000
0.600	-5.000	0.599	-0.048	0.000
0.600	-5.000	0.602	0.056	0.000
0.600	-5.000	0.602	0.056	0.000
0.600	-5.000	0.602	0.056	0.000
0.600	-5.000	0.599	-0.048	0.000
0.600	-5.000	0.600	0.004	0.000
0.600	-5.000	0.600	0.004	0.000
0.600	-5.000	0.602	0.056	0.000
0.600	-5.000	0.600	0.004	0.000
0.600	-5.000	0.600	0.004	0.000
0.600	-5.000	0.600	0.004	0.000
0.600	-5.000	0.602	0.056	0.000
0.600	-5.000	0.603	0.108	0.000
0.600	-5.000	0.602	0.056	0.000
0.600	-5.000	0.600	0.004	0.000
0.600	-5.000	0.600	0.004	0.000
0.600	-5.000	0.599	-0.048	0.000
0.600	-5.000	0.600	0.004	0.000
0.600	-5.000	0.600	0.004	0.000
0.600	-5.000	0.602	0.056	0.000
0.600	-5.000	0.600	0.004	0.000
0.600	-5.000	0.600	0.004	0.000
0.600	-5.000	0.602	0.056	0.000
0.600	-5.000	0.600	0.004	0.000
0.600	-5.000	0.600	0.004	0.000
0.600	-5.000	0.600	0.004	0.000
0.600	-5.000	0.602	0.056	0.000
0.600	-5.000	0.600	0.004	0.000
0.600	-5.000	0.602	0.056	0.000
0.600	-5.000	0.600	0.004	0.000
0.600	-5.000	0.602	0.056	0.000
0.600	-5.000	0.600	0.004	0.000
0.600	-5.000	0.602	0.056	0.000
0.600	-5.000	0.600	0.004	0.000
0.600	-5.000	0.602	0.056	0.000
0.600	-5.000	0.602	0.056	0.000
0.600	-5.000	0.600	0.004	0.000
0.600	-5.000	0.602	0.056	0.000
0.600	-5.000	0.602	0.056	0.000
0.600	-5.000	0.602	0.056	0.000
0.600	-5.000	0.600	0.004	0.000
0.600	-5.000	0.600	0.004	0.000
0.600	-5.000	0.600	0.004	0.000
0.600	-5.000	0.602	0.056	0.000
0.600	-5.000	0.600	0.004	0.000
0.600	-5.000	0.602	0.056	0.000
0.600	-5.000	0.599	-0.048	0.000
0.600	-5.000	0.600	0.004	0.000
0.600	-5.000	0.600	0.004	0.000
0.600	-5.000	0.600	0.004	0.000
0.600	-5.000	0.602	0.056	0.000
0.600	-5.000	0.602	0.056	0.000
0.600	-5.000	0.602	0.056	0.000
0.600	-5.000	0.600	0.004	0.000
0.600	-5.000	0.602	0.056	0.000
0.600	-5.000	0.600	0.004	0.000
0.600	-5.000	0.602	0.056	0.000
0.600	-5.000	0.602	0.056	0.000
0.600	-5.000	0.602	0.056	0.000
0.600	-5.000	0.600	0.004	0.000
0.600	-5.000	0.602	0.056	0.000
0.600	-5.000	0.602	0.056	0.000
0.600	-5.000	0.600	0.004	0.000
0.600	-5.000	0.602	0.056	0.000
0.600	-5.000	0.602	0.056	0.000
0.600	-5.000	0.600	0.004	0.000
0.600	-5.000	0.602	0.056	0.000
0.600	-5.000	0.600	0.004	0.000
0.600	-5.000	0.602	0.056	0.000
0.600	-5.000	0.602	0.056	0.000
0.600	-5.000	0.600	0.004	0.000
0.600	-5.000	0.599	-0.048	0.000
0.600	-5.000	0.600	0.004	0.000
0.600	-5.000	0.602	0.056	0.000
0.600	-5.000	0.600	0.004	0.000
0.600	-5.000	0.602	0.056	0.000
0.600	-5.000	0.600	0.004	0.000
0.600	-5.000	0.602	0.056	0.000
0.600	-5.000	0.600	0.004	0.000
0.600	-5.000	0.602	0.056	0.000
0.600	-5.000	0.600	0.004	0.000
0.600	-5.000	0.600	0.004	0.000
0.600	-5.000	0.603	0.108	0.000
0.600	-5.000	0.600	0.004	0.000
0.600	-5.000	0.602	0.056	0.000
0.600	-5.000	0.599	-0.048	0.000
0.600	-5.000	0.600	0.004	0.000
0.600	-5.000	0.600	0.004	0.000
0.600	-5.000	0.600	0.004	0.000
0.600	-5.000	0.602	0.056	0.000
0.600	-5.000	0.600	0.004	0.000
0.600	-5.000	0.602	0.056	0.000
0.600	-5.000	0.600	0.004	0.000
0.600	-5.000	0.600	0.004	0.000
0.600	-5.000	0.602	0.056	0.000
0.600	-5.000	0.600	0.004	0.000
0.600	-5.000	0.599	-0.048	0.000
0.600	-5.000	0.602	0.056	0.000
0.600	-5.000	0.602	0.056	0.000
0.600	-5.000	0.602	0.056	0.000
0.600	-5.000	0.602	0.056	0.000
0.600	-5.000	0.602	0.056	0.000
0.600	-5.000	0.600	0.004	0.000
0.600	-5.000	0.600	0.004	0.000
0.600	-5.000	0.600	0.004	0.000
0.600	-5.000	0.602	0.056	0.000
0.600	-5.000	0.602	0.056	0.000
0.600	-5.000	0.600	0.004	0.000
0.600	-5.000	0.602	0.056	0.000
0.600	-5.000	0.600	0.004	0.000
0.600	-5.000	0.600	0.004	0.000
0.600	-5.000	0.602	0.056	0.000
0.600	-5.000	0.602	0.056	0.000
0.600	-5.000	0.602	0.056	0.000
0.600	-5.000	0.602	0.056	0.000
0.600	-5.000	0.602	0.056	0.000
0.600	-5.000	0.602	0.056	0.000
0.600	-5.000	0.600	0.004	0.000
0.600	-5.000	0.602	0.056	0.000
0.600	-5.000	0.600	0.004	0.000
0.600	-5.000	0.602	0.056	0.000
0.600	-5.000	0.602	0.056	0.000
0.600	-5.000	0.602	0.056	0.000
0.600	-5.000	0.602	0.056	0.000
0.600	-5.000	0.602	0.056	0.000
0.600	-5.000	0.600	0.004	0.000
0.600	-5.000	0.600	0.004	0.000
0.600	-5.000	0.602	0.056	0.000
0.600	-5.000	0.600	0.004	0.000
0.600	-5.000	0.602	0.056	0.000
0.600	-5.000	0.600	0.004	0.000
0.600	-5.000	0.602	0.056	0.000
0.600	-5.000	0.600	0.004	0.000
0.600	-5.000	0.600	0.004	0.000
0.600	-5.000	0.600	0.004	0.000
0.600	-5.000	0.600	0.004	0.000
0.600	-5.000	0.602	0.056	0.000
0.600	-5.000	0.599	-0.048	0.000
0.600	-5.000	0.600	0.004	0.000
0.600	-5.000	0.599	-0.048	0.000
0.600	-5.000	0.602	0.056	0.000
0.600	-5.000	0.600	0.004	0.000
0.600	-5.000	0.600	0.004	0.000
0.600	-5.000	0.600	0.004	0.000
0.600	-5.000	0.600	0.004	0.000
0.600	-5.000	0.602	0.056	0.000
0.600	-5.000	0.599	-0.048	0.000
0.600	-5.000	0.602	0.056	0.000
0.600	-5.000	0.602	0.056	0.000
0.600	-5.000	0.600	0.004	0.000
0.600	-5.000	0.599	-0.048	0.000
0.600	-5.000	0.599	-0.048	0.000
0.600	-5.000	0.602	0.056	0.000
0.600	-5.000	0.600	0.004	0.000
0.600	-5.000	0.600	0.004	0.000
0.600	-5.000	0.602	0.056	0.000
0.600	-5.000	0.600	0.004	0.000
0.600	-5.000	0.602	0.056	0.000
0.600	-5.000	0.602	0.056	0.000
0.600	-5.000	0.600	0.004	0.000
0.600	-5.000	0.602	0.056	0.000
0.600	-5.000	0.600	0.004	0.000
0.600	-5.000	0.602	0.056	0.000
0.600	-5.000	0.602	0.056	0.000
0.600	-5.000	0.602	0.056	0.000
0.600	-5.000	0.600	0.004	0.000
0.600	-5.000	0.602	0.056	0.000
0.600	-5.000	0.600	0.004	0.000
0.600	-5.000	0.600	0.004	0.000
0.600	-5.000	0.603	0.108	0.000
0.600	-5.000	0.602	0.056	0.000
0.600	-5.000	0.602	0.056	0.000
0.600	-5.000	0.602	0.056	0.000
0.600	-5.000	0.600	0.004	0.000
0.600	-5.000	0.602	0.056	0.000
0.600	-5.000	0.600	0.004	0.000
0.600	-5.000	0.600	0.004	0.000
0.600	-5.000	0.600	0.004	0.000
0.600	-5.000	0.600	0.004	0.000
0.600	-5.000	0.600	0.004	0.000
0.600	-5.000	0.600	0.004	0.000
0.600	-5.000	0.600	0.004	0.000
0.600	-5.000	0.599	-0.048	0.000
0.600	-5.000	0.599	-0.048	0.000
0.600	-5.000	0.602	0.056	0.000
0.600	-5.000	0.602	0.056	0.000
0.600	-5.000	0.600	0.004	0.000
0.600	-5.000	0.600	0.004	0.000
0.600	-5.000	0.600	0.004	0.000
0.600	-5.000	0.602	0.056	0.000
0.600	-5.000	0.602	0.056	0.000
0.600	-5.000	0.602	0.056	0.000
0.600	-5.000	0.600	0.004	0.000
0.600	-5.000	0.600	0.004	0.000
0.600	-5.000	0.602	0.056	0.000
0.600	-5.000	0.602	0.056	0.000
0.600	-5.000	0.600	0.004	0.000
0.600	-5.000	0.600	0.004	0.000
0.600	-5.000	0.602	0.056	0.000
0.600	-5.000	0.600	0.004	0.000
0.600	-5.000	0.602	0.056	0.000
0.600	-5.000	0.602	0.056	0.000
0.600	-5.000	0.602	0.056	0.000
0.600	-5.000	0.600	0.004	0.000
0.600	-5.000	0.602	0.056	0.000
0.600	-5.000	0.600	0.004	0.000
0.600	-5.000	0.602	0.056	0.000
0.600	-5.000	0.602	0.056	0.000
0.600	-5.000	0.602	0.056	0.000
0.600	-5.000	0.602	0.056	0.000
0.600	-5.000	0.600	0.004	0.000
0.600	-5.000	0.600	0.004	0.000
0.600	-5.000	0.602	0.056	0.000
0.600	-5.000	0.600	0.004	0.000
0.600	-5.000	0.600	0.004	0.000
0.600	-5.000	0.602	0.056	0.000
0.600	-5.000	0.602	0.056	0.000
0.600	-5.000	0.602	0.056	0.000
0.600	-5.000	0.602	0.056	0.000
0.600	-5.000	0.602	0.056	0.000
0.600	-5.000	0.602	0.056	0.000
0.600	-5.000	0.600	0.004	0.000
0.600	-5.000	0.603	0.108	0.000
0.600	-5.000	0.600	0.004	0.000
0.600	-5.000	0.602	0.056	0.000
0.600	-5.000	0.600	0.004	0.000
0.600	-5.000	0.600	0.004	0.000
0.600	-5.000	0.600	0.004	0.000
0.600	-5.000	0.602	0.056	0.000
0.600	-5.000	0.602	0.056	0.000
0.600	-5.000	0.600	0.004	0.000
0.600	-5.000	0.600	0.004	0.000
0.600	-5.000	0.602	0.056	0.000
0.600	-5.000	0.602	0.056	0.000
0.600	-5.000	0.600	0.004	0.000
0.600	-5.000	0.600	0.004	0.000
0.600	-5.000	0.602	0.056	0.000
0.600	-5.000	0.599	-0.048	0.000
0.600	-5.000	0.602	0.056	0.000
0.600	-5.000	0.599	-0.048	0.000
0.600	-5.000	0.602	0.056	0.000
0.600	-5.000	0.600	0.004	0.000
0.600	-5.000	0.602	0.056	0.000
0.600	-5.000	0.602	0.056	0.000
0.600	-5.000	0.602	0.056	0.000
0.600	-5.000	0.602	0.056	0.000
0.600	-5.000	0.602	0.056	0.000
0.600	-5.000	0.602	0.056	0.000
0.600	-5.000	0.600	0.004	0.000
0.600	-5.000	0.600	0.004	0.000
0.600	-5.000	0.602	0.056	0.000
0.600	-5.000	0.600	0.004	0.000
0.600	-5.000	0.599	-0.048	0.000
0.600	-5.000	0.602	0.056	0.000
0.600	-5.000	0.602	0.056	0.000
0.600	-5.000	0.600	0.004	0.000
0.600	-5.000	0.602	0.056	0.000
0.600	-5.000	0.602	0.056	0.000
0.600	-5.000	0.602	0.056	0.000
0.600	-5.000	0.602	0.056	0.000
0.600	-5.000	0.602	0.056	0.000
0.600	-5.000	0.602	0.056	0.000
0.600	-5.000	0.602	0.056	0.000
0.600	-5.000	0.602	0.056	0.000
0.600	-5.000	0.600	0.004	0.000
0.600	-5.000	0.602	0.056	0.000
0.600	-5.000	0.599	-0.048	0.000
0.600	-5.000	0.600	0.004	0.000
0.600	-5.000	0.602	0.056	0.000
0.600	-5.000	0.600	0.004	0.000
0.600	-5.000	0.599	-0.048	0.000
0.600	-5.000	0.600	0.004	0.000
0.600	-5.000	0.600	0.004	0.000
0.600	-5.000	0.600	0.004	0.000
0.600	-5.000	0.600	0.004	0.000
0.600	-5.000	0.602	0.056	0.000
0.600	-5.000	0.600	0.004	0.000
0.600	-5.000	0.602	0.056	0.000
0.600	-5.000	0.602	0.056	0.000
0.600	-5.000	0.600	0.004	0.000
0.600	-5.000	0.602	0.056	0.000
0.600	-5.000	0.602	0.056	0.000
0.600	-5.000	0.602	0.056	0.000
0.600	-5.000	0.600	0.004	0.000
0.600	-5.000	0.602	0.056	0.000
0.600	-5.000	0.602	0.056	0.000
0.600	-5.000	0.600	0.004	0.000
0.600	-5.000	0.600	0.004	0.000
0.600	-5.000	0.602	0.056	0.000
0.600	-5.000	0.602	0.056	0.000
0.600	-5.000	0.602	0.056	0.000
0.600	-5.000	0.602	0.056	0.000
0.600	-5.000	0.602	0.056	0.000
0.600	-5.000	0.600	0.004	0.000
0.600	-5.000	0.599	-0.048	0.000
0.600	-5.000	0.600	0.004	0.000
0.600	-5.000	0.600	0.004	0.000
0.600	-5.000	0.602	0.056	0.000
0.600	-5.000	0.602	0.056	0.000
0.600	-5.000	0.602	0.056	0.000
0.600	-5.000	0.599	-0.048	0.000
0.600	-5.000	0.602	0.056	0.000
0.600	-5.000	0.600	0.004	0.000
0.600	-5.000	0.602	0.056	0.000
0.600	-5.000	0.602	0.056	0.000
0.600	-5.000	0.600	0.004	0.000
0.600	-5.000	0.600	0.004	0.000
0.600	-5.000	0.602	0.056	0.000
0.600	-5.000	0.600	0.004	0.000
0.600	-5.000	0.602	0.056	0.000
0.600	-5.000	0.602	0.056	0.000
0.600	-5.000	0.600	0.004	0.000
0.600	-5.000	0.600	0.004	0.000
0.600	-5.000	0.600	0.004	0.000
0.600	-5.000	0.600	0.004	0.000
0.600	-5.000	0.602	0.056	0.000
0.600	-5.000	0.602	0.056	0.000
0.600	-5.000	0.600	0.004	0.000
0.600	-5.000	0.602	0.056	0.000
0.600	-5.000	0.599	-0.048	0.000
0.600	-5.000	0.602	0.056	0.000
0.600	-5.000	0.600	0.004	0.000
0.600	-5.000	0.602	0.056	0.000
0.600	-5.000	0.603	0.108	0.000
0.600	-5.000	0.602	0.056	0.000
0.600	-5.000	0.600	0.004	0.000
0.600	-5.000	0.600	0.004	0.000
0.600	-5.000	0.602	0.056	0.000
0.600	-5.000	0.602	0.056	0.000
0.600	-5.000	0.602	0.056	0.000
0.600	-5.000	0.603	0.108	0.000
0.600	-5.000	0.602	0.056	0.000
0.600	-5.000	0.600	0.004	0.000
0.600	-5.000	0.602	0.056	0.000
0.600	-5.000	0.600	0.004	0.000
0.600	-5.000	0.602	0.056	0.000
0.600	-5.000	0.599	-0.048	0.000
0.600	-5.000	0.599	-0.048	0.000
0.600	-5.000	0.602	0.056	0.000
0.600	-5.000	0.602	0.056	0.000
0.600	-5.000	0.599	-0.048	0.000
0.600	-5.000	0.600	0.004	0.000
0.600	-5.000	0.602	0.056	0.000
0.600	-5.000	0.602	0.056	0.000
0.600	-5.000	0.602	0.056	0.000
0.600	-5.000	0.602	0.056	0.000
0.600	-5.000	0.599	-0.048	0.000
0.600	-5.000	0.603	0.108	0.000
0.600	-5.000	0.602	0.056	0.000
0.600	-5.000	0.600	0.004	0.000
0.600	-5.000	0.600	0.004	0.000
0.600	-5.000	0.600	0.004	0.000
0.600	-5.000	0.600	0.004	0.000
0.600	-5.000	0.602	0.056	0.000
0.600	-5.000	0.602	0.056	0.000
0.600	-5.000	0.600	0.004	0.000
0.600	-5.000	0.602	0.056	0.000
0.600	-5.000	0.602	0.056	0.000
0.600	-5.000	0.602	0.056	0.000
0.600	-5.000	0.602	0.056	0.000
0.600	-5.000	0.602	0.056	0.000
0.600	-5.000	0.602	0.056	0.000
0.600	-5.000	0.602	0.056	0.000
0.600	-5.000	0.600	0.004	0.000
0.600	-5.000	0.600	0.004	0.000
0.600	-5.000	0.600	0.004	0.000
0.600	-5.000	0.602	0.056	0.000
0.600	-5.000	0.600	0.004	0.000
0.600	-5.000	0.600	0.004	0.000
0.600	-5.000	0.602	0.056	0.000
0.600	-5.000	0.600	0.004	0.000
0.600	-5.000	0.602	0.056	0.000
0.600	-5.000	0.600	0.004	0.000
0.600	-5.000	0.602	0.056	0.000
0.600	-5.000	0.600	0.004	0.000
0.600	-5.000	0.602	0.056	0.000
0.600	-5.000	0.602	0.056	0.000
0.600	-5.000	0.600	0.004	0.000
0.600	-5.000	0.600	0.004	0.000
0.600	-5.000	0.602	0.056	0.000
0.600	-5.000	0.600	0.004	0.000
0.600	-5.000	0.602	0.056	0.000
0.600	-5.000	0.602	0.056	0.000
0.600	-5.000	0.602	0.056	0.000
0.600	-5.000	0.600	0.004	0.000
0.600	-5.000	0.602	0.056	0.000
0.600	-5.000	0.602	0.056	0.000
0.600	-5.000	0.602	0.056	0.000
0.600	-5.000	0.602	0.056	0.000
0.600	-5.000	0.602	0.056	0.000
0.600	-5.000	0.602	0.056	0.000
0.600	-5.000	0.602	0.056	0.000
0.600	-5.000	0.602	0.056	0.000
0.600	-5.000	0.600	0.004	0.000
0.600	-5.000	0.600	0.004	0.000
0.600	-5.000	0.600	0.004	0.000
0.600	-5.000	0.600	0.004	0.000
0.600	-5.000	0.602	0.056	0.000
0.600	-5.000	0.602	0.056	0.000
0.600	-5.000	0.602	0.056	0.000
0.600	-5.000	0.602	0.056	0.000
0.600	-5.000	0.599	-0.048	0.000
0.600	-5.000	0.602	0.056	0.000
0.600	-5.000	0.600	0.004	0.000
0.600	-5.000	0.602	0.056	0.000
0.600	-5.000	0.602	0.056	0.000
0.600	-5.000	0.602	0.056	0.000
0.600	-5.000	0.602	0.056	0.000
0.600	-5.000	0.602	0.056	0.000
0.600	-5.000	0.602	0.056	0.000
0.600	-5.000	0.602	0.056	0.000
0.600	-5.000	0.602	0.056	0.000
0.600	-5.000	0.602	0.056	0.000
0.600	-5.000	0.602	0.056	0.000
0.600	-5.000	0.602	0.056	0.000
0.600	-5.000	0.600	0.004	0.000
0.600	-5.000	0.602	0.056	0.000
0.600	-5.000	0.602	0.056	0.000
0.600	-5.000	0.602	0.056	0.000
0.600	-5.000	0.602	0.056	0.000
0.600	-5.000	0.602	0.056	0.000
0.600	-5.000	0.602	0.056	0.000
0.600	-5.000	0.600	0.004	0.000
0.600	-5.000	0.602	0.056	0.000
0.600	-5.000	0.602	0.056	0.000
0.600	-5.000	0.599	-0.048	0.000
0.600	-5.000	0.600	0.004	0.000
0.600	-5.000	0.602	0.056	0.000
0.600	-5.000	0.602	0.056	0.000
0.600	-5.000	0.600	0.004	0.000
0.600	-5.000	0.602	0.056	0.000
0.600	-5.000	0.602	0.056	0.000
0.600	-5.000	0.602	0.056	0.000
0.600	-5.000	0.602	0.056	0.000
0.600	-5.000	0.602	0.056	0.000
0.600	-5.000	0.602	0.056	0.000
0.600	-5.000	0.600	0.004	0.000
0.600	-5.000	0.602	0.056	0.000
0.600	-5.000	0.600	0.004	0.000
0.600	-5.000	0.600	0.004	0.000
0.600	-5.000	0.600	0.004	0.000
0.600	-5.000	0.602	0.056	0.000
0.600	-5.000	0.602	0.056	0.000
0.600	-5.000	0.602	0.056	0.000
0.600	-5.000	0.602	0.056	0.000
0.600	-5.000	0.600	0.004	0.000
0.600	-5.000	0.602	0.056	0.000
0.600	-5.000	0.602	0.056	0.000
0.600	-5.000	0.602	0.056	0.000
0.600	-5.000	0.602	0.056	0.000
0.600	-5.000	0.600	0.004	0.000
0.600	-5.000	0.602	0.056	0.000
0.600	-5.000	0.602	0.056	0.000
0.600	-5.000	0.600	0.004	0.000
0.600	-5.000	0.603	0.108	0.000
0.600	-5.000	0.602	0.056	0.000
0.600	-5.000	0.602	0.056	0.000
0.600	-5.000	0.602	0.056	0.000
0.600	-5.000	0.600	0.004	0.000
0.600	-5.000	0.600	0.004	0.000
0.600	-5.000	0.600	0.004	0.000
0.600	-5.000	0.602	0.056	0.000
0.600	-5.000	0.600	0.004	0.000
0.600	-5.000	0.600	0.004	0.000
0.600	-5.000	0.603	0.108	0.000
0.600	-5.000	0.603	0.108	0.000
0.600	-5.000	0.602	0.056	0.000
0.600	-5.000	0.602	0.056	0.000
0.600	-5.000	0.602	0.056	0.000
0.600	-5.000	0.602	0.056	0.000
0.600	-5.000	0.603	0.108	0.000
0.600	-5.000	0.599	-0.048	0.000
0.600	-5.000	0.602	0.056	0.000
0.600	-5.000	0.602	0.056	0.000
0.600	-5.000	0.600	0.004	0.000
0.600	-5.000	0.600	0.004	0.000
0.600	-5.000	0.602	0.056	0.000
0.600	-5.000	0.602	0.056	0.000
0.600	-5.000	0.600	0.004	0.000
0.600	-5.000	0.602	0.056	0.000
0.600	-5.000	0.602	0.056	0.000
0.600	-5.000	0.602	0.056	0.000
0.600	-5.000	0.602	0.056	0.000
0.600	-5.000	0.600	0.004	0.000
0.600	-5.000	0.600	0.004	0.000
0.600	-5.000	0.602	0.056	0.000
0.600	-5.000	0.602	0.056	0.000
0.600	-5.000	0.602	0.056	0.000
0.600	-5.000	0.602	0.056	0.000
0.600	-5.000	0.602	0.056	0.000
0.600	-5.000	0.602	0.056	0.000
0.600	-5.000	0.600	0.004	0.000
0.600	-5.000	0.602	0.056	0.000
0.600	-5.000	0.600	0.004	0.000
0.600	-5.000	0.600	0.004	0.000
0.600	-5.000	0.600	0.004	0.000
0.600	-5.000	0.602	0.056	0.000
0.600	-5.000	0.602	0.056	0.000
0.600	-5.000	0.600	0.004	0.000
0.600	-5.000	0.600	0.004	0.000
0.600	-5.000	0.602	0.056	0.000
0.600	-5.000	0.600	0.004	0.000
0.600	-5.000	0.600	0.004	0.000
0.600	-5.000	0.602	0.056	0.000
0.600	-5.000	0.602	0.056	0.000
0.600	-5.000	0.600	0.004	0.000
0.600	-5.000	0.602	0.056	0.000
0.600	-5.000	0.600	0.004	0.000
0.600	-5.000	0.602	0.056	0.000
0.600	-5.000	0.603	0.108	0.000
0.600	-5.000	0.600	0.004	0.000
0.600	-5.000	0.600	0.004	0.000
0.600	-5.000	0.603	0.108	0.000
0.600	-5.000	0.600	0.004	0.000
0.600	-5.000	0.602	0.056	0.000
0.600	-5.000	0.602	0.056	0.000
0.600	-5.000	0.603	0.108	0.000
0.600	-5.000	0.602	0.056	0.000
0.600	-5.000	0.602	0.056	0.000
0.600	-5.000	0.602	0.056	0.000
0.600	-5.000	0.602	0.056	0.000
0.600	-5.000	0.602	0.056	0.000
0.600	-5.000	0.602	0.056	0.000
0.600	-5.000	0.600	0.004	0.000
0.600	-5.000	0.602	0.056	0.000
0.600	-5.000	0.602	0.056	0.000
0.600	-5.000	0.602	0.056	0.000
0.600	-5.000	0.602	0.056	0.000
0.600	-5.000	0.600	0.004	0.000
0.600	-5.000	0.602	0.056	0.000
0.600	-5.000	0.602	0.056	0.000
0.600	-5.000	0.602	0.056	0.000
0.600	-5.000	0.602	0.056	0.000
0.600	-5.000	0.600	0.004	0.000
0.600	-5.000	0.602	0.056	0.000
0.600	-5.000	0.602	0.056	0.000
0.600	-5.000	0.602	0.056	0.000
0.600	-5.000	0.600	0.004	0.000
0.600	-5.000	0.602	0.056	0.000
0.600	-5.000	0.603	0.108	0.000
0.600	-5.000	0.599	-0.048	0.000
0.600	-5.000	0.602	0.056	0.000
0.600	-5.000	0.602	0.056	0.000
0.600	-5.000	0.602	0.056	0.000
0.600	-5.000	0.599	-0.048	0.000
0.600	-5.000	0.600	0.004	0.000
0.600	-5.000	0.600	0.004	0.000
0.600	-5.000	0.602	0.056	0.000
0.600	-5.000	0.602	0.056	0.000
0.600	-5.000	0.602	0.056	0.000
0.600	-5.000	0.600	0.004	0.000
0.600	-5.000	0.600	0.004	0.000
0.600	-5.000	0.602	0.056	0.000
0.600	-5.000	0.602	0.056	0.000
0.600	-5.000	0.600	0.004	0.000
0.600	-5.000	0.602	0.056	0.000
0.600	-5.000	0.602	0.056	0.000
0.600	-5.000	0.602	0.056	0.000
0.600	-5.000	0.600	0.004	0.000
0.600	-5.000	0.600	0.004	0.000
0.600	-5.000	0.602	0.056	0.000
0.600	-5.000	0.600	0.004	0.000
0.600	-5.000	0.602	0.056	0.000
0.600	-5.000	0.600	0.004	0.000
0.600	-5.000	0.603	0.108	0.000
0.600	-5.000	0.602	0.056	0.000
0.600	-5.000	0.603	0.108	0.000
0.600	-5.000	0.600	0.004	0.000
0.600	-5.000	0.602	0.056	0.000
0.600	-5.000	0.600	0.004	0.000
0.600	-5.000	0.602	0.056	0.000
0.600	-5.000	0.602	0.056	0.000
0.600	-5.000	0.602	0.056	0.000
0.600	-5.000	0.602	0.056	0.000
0.600	-5.000	0.602	0.056	0.000
0.600	-5.000	0.602	0.056	0.000
0.600	-5.000	0.602	0.056	0.000
0.600	-5.000	0.602	0.056	0.000
0.600	-5.000	0.602	0.056	0.000
0.600	-5.000	0.600	0.004	0.000
0.600	-5.000	0.602	0.056	0.000
0.600	-5.000	0.602	0.056	0.000
0.600	-5.000	0.602	0.056	0.000
0.600	-5.000	0.602	0.056	0.000
0.600	-5.000	0.602	0.056	0.000
0.600	-5.000	0.602	0.056	0.000
0.600	-5.000	0.602	0.056	0.000
0.600	-5.000	0.602	0.056	0.000
0.600	-5.000	0.600	0.004	0.000
0.600	-5.000	0.602	0.056	0.000
0.600	-5.000	0.600	0.004	0.000
0.600	-5.000	0.602	0.056	0.000
0.600	-5.000	0.602	0.056	0.000
0.600	-5.000	0.603	0.108	0.000
0.600	-5.000	0.602	0.056	0.000
0.600	-5.000	0.600	0.004	0.000
0.600	-5.000	0.602	0.056	0.000
0.600	-5.000	0.602	0.056	0.000
0.600	-5.000	0.602	0.056	0.000
0.600	-5.000	0.602	0.056	0.000
0.600	-5.000	0.602	0.056	0.000
0.600	-5.000	0.602	0.056	0.000
0.600	-5.000	0.602	0.056	0.000
0.600	-5.000	0.600	0.004	0.000
0.600	-5.000	0.603	0.108	0.000
0.600	-5.000	0.602	0.056	0.000
0.600	-5.000	0.602	0.056	0.000
0.600	-5.000	0.602	0.056	0.000
0.600	-5.000	0.600	0.004	0.000
0.600	-5.000	0.602	0.056	0.000
0.600	-5.000	0.600	0.004	0.000
0.600	-5.000	0.602	0.056	0.000
0.600	-5.000	0.600	0.004	0.000
0.600	-5.000	0.600	0.004	0.000
0.600	-5.000	0.602	0.056	0.000
0.600	-5.000	0.602	0.056	0.000
0.600	-5.000	0.600	0.004	0.000
0.600	-5.000	0.602	0.056	0.000
0.600	-5.000	0.602	0.056	0.000
0.600	-5.000	0.600	0.004	0.000
0.600	-5.000	0.600	0.004	0.000
0.600	-5.000	0.602	0.056	0.000
0.600	-5.000	0.602	0.056	0.000
0.600	-5.000	0.602	0.056	0.000
0.600	-5.000	0.600	0.004	0.000
0.600	-5.000	0.600	0.004	0.000
0.600	-5.000	0.602	0.056	0.000
0.600	-5.000	0.600	0.004	0.000
0.600	-5.000	0.599	-0.048	0.000
0.600	-5.000	0.599	-0.048	0.000
0.600	-5.000	0.602	0.056	0.000
0.600	-5.000	0.602	0.056	0.000
0.600	-5.000	0.602	0.056	0.000
0.600	-5.000	0.600	0.004	0.000
0.600	-5.000	0.602	0.056	0.000
0.600	-5.000	0.600	0.004	0.000
0.600	-5.000	0.600	0.004	0.000
0.600	-5.000	0.602	0.056	0.000
0.600	-5.000	0.602	0.056	0.000
0.600	-5.000	0.602	0.056	0.000
0.600	-5.000	0.600	0.004	0.000
0.600	-5.000	0.600	0.004	0.000
0.600	-5.000	0.600	0.004	0.000
0.600	-5.000	0.600	0.004	0.000
0.600	-5.000	0.602	0.056	0.000
0.600	-5.000	0.602	0.056	0.000
0.600	-5.000	0.602	0.056	0.000
0.600	-5.000	0.603	0.108	0.000
0.600	-5.000	0.603	0.108	0.000
0.600	-5.000	0.602	0.056	0.000
0.600	-5.000	0.602	0.056	0.000
0.600	-5.000	0.600	0.004	0.000
0.600	-5.000	0.602	0.056	0.000
0.600	-5.000	0.602	0.056	0.000
0.600	-5.000	0.600	0.004	0.000
0.600	-5.000	0.603	0.108	0.000
0.600	-5.000	0.599	-0.048	0.000
0.600	-5.000	0.602	0.056	0.000
0.600	-5.000	0.602	0.056	0.000
0.600	-5.000	0.602	0.056	0.000
0.600	-5.000	0.602	0.056	0.000
0.600	-5.000	0.600	0.004	0.000
0.600	-5.000	0.602	0.056	0.000
0.600	-5.000	0.603	0.108	0.000
0.600	-5.000	0.602	0.056	0.000
0.600	-5.000	0.599	-0.048	0.000
0.600	-5.000	0.602	0.056	0.000
0.600	-5.000	0.602	0.056	0.000
0.600	-5.000	0.602	0.056	0.000
0.600	-5.000	0.602	0.056	0.000
0.600	-5.000	0.600	0.004	0.000
0.600	-5.000	0.602	0.056	0.000
0.600	-5.000	0.602	0.056	0.000
0.600	-5.000	0.602	0.056	0.000
0.600	-5.000	0.602	0.056	0.000
0.600	-5.000	0.602	0.056	0.000
0.600	-5.000	0.602	0.056	0.000
0.600	-5.000	0.602	0.056	0.000
0.600	-5.000	0.602	0.056	0.000
0.600	-5.000	0.602	0.056	0.000
0.600	-5.000	0.602	0.056	0.000
0.600	-5.000	0.602	0.056	0.000
0.600	-5.000	0.600	0.004	0.000
0.600	-5.000	0.602	0.056	0.000
0.600	-5.000	0.602	0.056	0.000
0.600	-5.000	0.602	0.056	0.000
0.600	-5.000	0.600	0.004	0.000
0.600	-5.000	0.602	0.056	0.000
0.600	-5.000	0.600	0.004	0.000
0.600	-5.000	0.602	0.056	0.000
0.600	-5.000	0.602	0.056	0.000
0.600	-5.000	0.602	0.056	0.000
0.600	-5.000	0.602	0.056	0.000
0.600	-5.000	0.600	0.004	0.000
0.600	-5.000	0.602	0.056	0.000
0.600	-5.000	0.602	0.056	0.000
0.600	-5.000	0.602	0.056	0.000
0.600	-5.000	0.602	0.056	0.000
0.600	-5.000	0.602	0.056	0.000
0.600	-5.000	0.602	0.056	0.000
0.600	-5.000	0.602	0.056	0.000
0.600	-5.000	0.602	0.056	0.000
0.600	-5.000	0.603	0.108	0.000
0.600	-5.000	0.600	0.004	0.000
0.600	-5.000	0.602	0.056	0.000
0.600	-5.000	0.600	0.004	0.000
0.600	-5.000	0.600	0.004	0.000
0.600	-5.000	0.602	0.056	0.000
0.600	-5.000	0.602	0.056	0.000
0.600	-5.000	0.600	0.004	0.000
0.600	-5.000	0.602	0.056	0.000
0.600	-5.000	0.603	0.108	0.000
0.600	-5.000	0.602	0.056	0.000
0.600	-5.000	0.600	0.004	0.000
0.600	-5.000	0.602	0.056	0.000
0.600	-5.000	0.602	0.056	0.000
0.600	-5.000	0.600	0.004	0.000
0.600	-5.000	0.602	0.056	0.000
0.600	-5.000	0.602	0.056	0.000
0.600	-5.000	0.600	0.004	0.000
0.600	-5.000	0.602	0.056	0.000
0.600	-5.000	0.603	0.108	0.000
0.600	-5.000	0.600	0.004	0.000
0.600	-5.000	0.602	0.056	0.000
0.600	-5.000	0.600	0.004	0.000
0.600	-5.000	0.602	0.056	0.000
0.600	-5.000	0.602	0.056	0.000
0.600	-5.000	0.602	0.056	0.000
0.600	-5.000	0.600	0.004	0.000
0.600	-5.000	0.602	0.056	0.000
0.600	-5.000	0.600	0.004	0.000
0.600	-5.000	0.602	0.056	0.000
0.600	-5.000	0.602	0.056	0.000
0.600	-5.000	0.602	0.056	0.000
0.600	-5.000	0.600	0.004	0.000
0.600	-5.000	0.600	0.004	0.000
0.600	-5.000	0.602	0.056	0.000
0.600	-5.000	0.603	0.108	0.000
0.600	-5.000	0.602	0.056	0.000
0.600	-5.000	0.602	0.056	0.000
0.600	-5.000	0.600	0.004	0.000
0.600	-5.000	0.600	0.004	0.000
0.600	-5.000	0.600	0.004	0.000
0.600	-5.000	0.602	0.056	0.000
0.600	-5.000	0.600	0.004	0.000
0.600	-5.000	0.602	0.056	0.000
0.600	-5.000	0.602	0.056	0.000
0.600	-5.000	0.599	-0.048	0.000
0.600	-5.000	0.602	0.056	0.000
0.600	-5.000	0.600	0.004	0.000
0.600	-5.000	0.602	0.056	0.000
0.600	-5.000	0.600	0.004	0.000
0.600	-5.000	0.600	0.004	0.000
0.600	-5.000	0.602	0.056	0.000
0.600	-5.000	0.602	0.056	0.000
0.600	-5.000	0.600	0.004	0.000
0.600	-5.000	0.603	0.108	0.000
0.600	-5.000	0.602	0.056	0.000
0.600	-5.000	0.600	0.004	0.000
0.600	-5.000	0.602	0.056	0.000
0.600	-5.000	0.602	0.056	0.000
0.600	-5.000	0.602	0.056	0.000
0.600	-5.000	0.600	0.004	0.000
0.600	-5.000	0.603	0.108	0.000
0.600	-5.000	0.602	0.056	0.000
0.600	-5.000	0.602	0.056	0.000
0.600	-5.000	0.602	0.056	0.000
0.600	-5.000	0.602	0.056	0.000
0.600	-5.000	0.602	0.056	0.000
0.600	-5.000	0.602	0.056	0.000
0.600	-5.000	0.600	0.004	0.000
0.600	-5.000	0.602	0.056	0.000
0.600	-5.000	0.600	0.004	0.000
0.600	-5.000	0.600	0.004	0.000
0.600	-5.000	0.600	0.004	0.000
0.600	-5.000	0.599	-0.048	0.000
0.600	-5.000	0.600	0.004	0.000
0.600	-5.000	0.602	0.056	0.000
0.600	-5.000	0.602	0.056	0.000
0.600	-5.000	0.600	0.004	0.000
0.600	-5.000	0.600	0.004	0.000
0.600	-5.000	0.602	0.056	0.000
0.600	-5.000	0.600	0.004	0.000
0.600	-5.000	0.602	0.056	0.000
0.600	-5.000	0.600	0.004	0.000
0.600	-5.000	0.602	0.056	0.000
0.600	-5.000	0.602	0.056	0.000
0.600	-5.000	0.602	0.056	0.000
0.600	-5.000	0.602	0.056	0.000
0.600	-5.000	0.602	0.056	0.000
0.600	-5.000	0.603	0.108	0.000
0.600	-5.000	0.600	0.004	0.000
0.600	-5.000	0.602	0.056	0.000
0.600	-5.000	0.600	0.004	0.000
0.600	-5.000	0.602	0.056	0.000
0.600	-5.000	0.603	0.108	0.000
0.600	-5.000	0.602	0.056	0.000
0.600	-5.000	0.602	0.056	0.000
0.600	-5.000	0.602	0.056	0.000
0.600	-5.000	0.602	0.056	0.000
0.600	-5.000	0.600	0.004	0.000
0.600	-5.000	0.602	0.056	0.000
0.600	-5.000	0.602	0.056	0.000
0.600	-5.000	0.603	0.108	0.000
0.600	-5.000	0.600	0.004	0.000
0.600	-5.000	0.602	0.056	0.000
0.600	-5.000	0.603	0.108	0.000
0.600	-5.000	0.602	0.056	0.000
0.600	-5.000	0.603	0.108	0.000
0.600	-5.000	0.600	0.004	0.000
0.600	-5.000	0.602	0.056	0.000
0.600	-5.000	0.602	0.056	0.000
0.600	-5.000	0.602	0.056	0.000
0.600	-5.000	0.602	0.056	0.000
0.600	-5.000	0.602	0.056	0.000
0.600	-5.000	0.602	0.056	0.000
0.600	-5.000	0.600	0.004	0.000
0.600	-5.000	0.602	0.056	0.000
0.600	-5.000	0.599	-0.048	0.000
0.600	-5.000	0.602	0.056	0.000
0.600	-5.000	0.602	0.056	0.000
0.600	-5.000	0.599	-0.048	0.000
0.600	-5.000	0.602	0.056	0.000
0.600	-5.000	0.602	0.056	0.000
0.600	-5.000	0.602	0.056	0.000
0.600	-5.000	0.600	0.004	0.000
0.600	-5.000	0.602	0.056	0.000
0.600	-5.000	0.602	0.056	0.000
0.600	-5.000	0.602	0.056	0.000
0.600	-5.000	0.600	0.004	0.000
0.600	-5.000	0.600	0.004	0.000
0.600	-5.000	0.602	0.056	0.000
0.600	-5.000	0.602	0.056	0.000
0.600	-5.000	0.602	0.056	0.000
0.600	-5.000	0.602	0.056	0.000
0.600	-5.000	0.602	0.056	0.000
0.600	-5.000	0.600	0.004	0.000
0.600	-5.000	0.600	0.004	0.000
0.600	-5.000	0.602	0.056	0.000
0.600	-5.000	0.602	0.056	0.000
0.600	-5.000	0.602	0.056	0.000
0.600	-5.000	0.602	0.056	0.000
0.600	-5.000	0.602	0.056	0.000
0.600	-5.000	0.602	0.056	0.000
0.600	-5.000	0.603	0.108	0.000
0.600	-5.000	0.602	0.056	0.000
0.600	-5.000	0.602	0.056	0.000
0.600	-5.000	0.602	0.056	0.000
0.600	-5.000	0.602	0.056	0.000
0.600	-5.000	0.602	0.056	0.000
0.600	-5.000	0.600	0.004	0.000
0.600	-5.000	0.602	0.056	0.000
0.600	-5.000	0.602	0.056	0.000
0.600	-5.000	0.602	0.056	0.000
0.600	-5.000	0.602	0.056	0.000
0.600	-5.000	0.602	0.056	0.000
0.600	-5.000	0.602	0.056	0.000
0.600	-5.000	0.599	-0.048	0.000
0.600	-5.000	0.602	0.056	0.000
0.600	-5.000	0.602	0.056	0.000
0.600	-5.000	0.602	0.056	0.000
0.600	-5.000	0.602	0.056	0.000
0.600	-5.000	0.600	0.004	0.000
0.600	-5.000	0.600	0.004	0.000
0.600	-5.000	0.602	0.056	0.000
0.600	-5.000	0.602	0.056	0.000
0.600	-5.000	0.602	0.056	0.000
0.600	-5.000	0.602	0.056	0.000
0.600	-5.000	0.600	0.004	0.000
0.600	-5.000	0.602	0.056	0.000
0.600	-5.000	0.602	0.056	0.000
0.600	-5.000	0.603	0.108	0.000
0.600	-5.000	0.602	0.056	0.000
0.600	-5.000	0.602	0.056	0.000
0.600	-5.000	0.602	0.056	0.000
0.600	-5.000	0.602	0.056	0.000
0.600	-5.000	0.600	0.004	0.000
0.600	-5.000	0.600	0.004	0.000
0.600	-5.000	0.600	0.004	0.000
0.600	-5.000	0.602	0.056	0.000
0.600	-5.000	0.602	0.056	0.000
0.600	-5.000	0.602	0.056	0.000
0.600	-5.000	0.602	0.056	0.000
0.600	-5.000	0.602	0.056	0.000
0.600	-5.000	0.603	0.108	0.000
0.600	-5.000	0.599	-0.048	0.000
0.600	-5.000	0.602	0.056	0.000
0.600	-5.000	0.602	0.056	0.000
0.600	-5.000	0.602	0.056	0.000
0.600	-5.000	0.602	0.056	0.000
0.600	-5.000	0.600	0.004	0.000
0.600	-5.000	0.602	0.056	0.000
0.600	-5.000	0.602	0.056	0.000
0.600	-5.000	0.602	0.056	0.000
0.600	-5.000	0.602	0.056	0.000
0.600	-5.000	0.600	0.004	0.000
0.600	-5.000	0.602	0.056	0.000
0.600	-5.000	0.602	0.056	0.000
0.600	-5.000	0.602	0.056	0.000
0.600	-5.000	0.602	0.056	0.000
0.600	-5.000	0.603	0.108	0.000
0.600	-5.000	0.600	0.004	0.000
0.600	-5.000	0.602	0.056	0.000
0.600	-5.000	0.603	0.108	0.000
0.600	-5.000	0.602	0.056	0.000
0.600	-5.000	0.602	0.056	0.000
0.600	-5.000	0.602	0.056	0.000
0.600	-5.000	0.602	0.056	0.000
0.600	-5.000	0.600	0.004	0.000
0.600	-5.000	0.602	0.056	0.000
0.600	-5.000	0.602	0.056	0.000
0.600	-5.000	0.602	0.056	0.000
0.600	-5.000	0.602	0.056	0.000
0.600	-5.000	0.602	0.056	0.000
0.600	-5.000	0.602	0.056	0.000
0.600	-5.000	0.600	0.004	0.000
0.600	-5.000	0.602	0.056	0.000
0.600	-5.000	0.602	0.056	0.000
0.600	-5.000	0.602	0.056	0.000
0.600	-5.000	0.603	0.108	0.000
0.600	-5.000	0.602	0.056	0.000
0.600	-5.000	0.602	0.056	0.000
0.600	-5.000	0.602	0.056	0.000
0.600	-5.000	0.602	0.056	0.000
0.600	-5.000	0.602	0.056	0.000
0.600	-5.000	0.602	0.056	0.000
0.600	-5.000	0.602	0.056	0.000
0.600	-5.000	0.602	0.056	0.000
0.600	-5.000	0.602	0.056	0.000
0.600	-5.000	0.602	0.056	0.000
0.600	-5.000	0.602	0.056	0.000
0.600	-5.000	0.602	0.056	0.000
0.600	-5.000	0.602	0.056	0.000
0.600	-5.000	0.600	0.004	0.000
0.600	-5.000	0.602	0.056	0.000
0.600	-5.000	0.602	0.056	0.000
0.600	-5.000	0.602	0.056	0.000
0.600	-5.000	0.602	0.056	0.000
0.600	-5.000	0.602	0.056	0.000
0.600	-5.000	0.602	0.056	0.000
0.600	-5.000	0.600	0.004	0.000
0.600	-5.000	0.602	0.056	0.000
0.600	-5.000	0.600	0.004	0.000
0.600	-5.000	0.602	0.056	0.000
0.600	-5.000	0.603	0.108	0.000
0.600	-5.000	0.602	0.056	0.000
0.600	-5.000	0.602	0.056	0.000
0.600	-5.000	0.602	0.056	0.000
0.600	-5.000	0.602	0.056	0.000
0.600	-5.000	0.602	0.056	0.000
0.600	-5.000	0.602	0.056	0.000
0.600	-5.000	0.602	0.056	0.000
0.600	-5.000	0.602	0.056	0.000
0.600	-5.000	0.602	0.056	0.000
0.600	-5.000	0.603	0.108	0.000
0.600	-5.000	0.602	0.056	0.000
0.600	-5.000	0.602	0.056	0.000
0.600	-5.000	0.602	0.056	0.000
0.600	-5.000	0.602	0.056	0.000
0.600	-5.000	0.602	0.056	0.000
0.600	-5.000	0.600	0.004	0.000
0.600	-5.000	0.602	0.056	0.000
0.600	-5.000	0.602	0.056	0.000
0.600	-5.000	0.603	0.108	0.000
0.600	-5.000	0.602	0.056	0.000
0.600	-5.000	0.602	0.056	0.000
0.600	-5.000	0.600	0.004	0.000
0.600	-5.000	0.600	0.004	0.000
0.600	-5.000	0.603	0.108	0.000
0.600	-5.000	0.602	0.056	0.000
0.600	-5.000	0.602	0.056	0.000
0.600	-5.000	0.602	0.056	0.000
0.600	-5.000	0.602	0.056	0.000
0.600	-5.000	0.602	0.056	0.000
0.600	-5.000	0.603	0.108	0.000
0.600	-5.000	0.602	0.056	0.000
0.600	-5.000	0.602	0.056	0.000
0.600	-5.000	0.602	0.056	0.000
0.600	-5.000	0.600	0.004	0.000
0.600	-5.000	0.602	0.056	0.000
0.600	-5.000	0.602	0.056	0.000
0.600	-5.000	0.603	0.108	0.000
0.600	-5.000	0.602	0.056	0.000
0.600	-5.000	0.600	0.004	0.000
0.600	-5.000	0.602	0.056	0.000
0.600	-5.000	0.602	0.056	0.000
0.600	-5.000	0.602	0.056	0.000
0.600	-5.000	0.600	0.004	0.000
0.600	-5.000	0.602	0.056	0.000
0.600	-5.000	0.600	0.004	0.000
0.600	-5.000	0.603	0.108	0.000
0.600	-5.000	0.600	0.004	0.000
0.600	-5.000	0.603	0.108	0.000
0.600	-5.000	0.602	0.056	0.000
0.600	-5.000	0.605	0.159	0.000
0.600	-5.000	0.602	0.056	0.000
0.600	-5.000	0.600	0.004	0.000
0.600	-5.000	0.602	0.056	0.000
0.600	-5.000	0.602	0.056	0.000
0.600	-5.000	0.602	0.056	0.000
0.600	-5.000	0.602	0.056	0.000
0.600	-5.000	0.600	0.004	0.000
0.600	-5.000	0.602	0.056	0.000
0.600	-5.000	0.600	0.004	0.000
0.600	-5.000	0.599	-0.048	0.000
0.600	-5.000	0.603	0.108	0.000
0.600	-5.000	0.602	0.056	0.000
0.600	-5.000	0.602	0.056	0.000
0.600	-5.000	0.600	0.004	0.000
0.600	-5.000	0.599	-0.048	0.000
0.600	-5.000	0.602	0.056	0.000
0.600	-5.000	0.600	0.004	0.000
0.600	-5.000	0.600	0.004	0.000
0.600	-5.000	0.602	0.056	0.000
0.600	-5.000	0.602	0.056	0.000
0.600	-5.000	0.600	0.004	0.000
0.600	-5.000	0.599	-0.048	0.000
0.600	-5.000	0.600	0.004	0.000
0.600	-5.000	0.602	0.056	0.000
0.600	-5.000	0.602	0.056	0.000
0.600	-5.000	0.599	-0.048	0.000
0.600	-5.000	0.600	0.004	0.000
0.600	-5.000	0.602	0.056	0.000
0.600	-5.000	0.602	0.056	0.000
0.600	-5.000	0.600	0.004	0.000
0.600	-5.000	0.600	0.004	0.000
0.600	-5.000	0.600	0.004	0.000
0.600	-5.000	0.600	0.004	0.000
0.600	-5.000	0.602	0.056	0.000
0.600	-5.000	0.602	0.056	0.000
0.600	-5.000	0.600	0.004	0.000
0.600	-5.000	0.602	0.056	0.000
0.600	-5.000	0.600	0.004	0.000
0.600	-5.000	0.602	0.056	0.000
0.600	-5.000	0.602	0.056	0.000
0.600	-5.000	0.602	0.056	0.000
0.600	-5.000	0.602	0.056	0.000
0.600	-5.000	0.603	0.108	0.000
0.600	-5.000	0.602	0.056	0.000
0.600	-5.000	0.602	0.056	0.000
0.600	-5.000	0.602	0.056	0.000
0.600	-5.000	0.602	0.056	0.000
0.600	-5.000	0.603	0.108	0.000
0.600	-5.000	0.603	0.108	0.000
0.600	-5.000	0.602	0.056	0.000
0.600	-5.000	0.602	0.056	0.000
0.600	-5.000	0.602	0.056	0.000
0.600	-5.000	0.602	0.056	0.000
0.600	-5.000	0.602	0.056	0.000
0.600	-5.000	0.600	0.004	0.000
0.600	-5.000	0.603	0.108	0.000
0.600	-5.000	0.602	0.056	0.000
0.600	-5.000	0.602	0.056	0.000
0.600	-5.000	0.603	0.108	0.000
0.600	-5.000	0.602	0.056	0.000
0.600	-5.000	0.602	0.056	0.000
0.600	-5.000	0.602	0.056	0.000
0.600	-5.000	0.600	0.004	0.000
0.600	-5.000	0.600	0.004	0.000
0.600	-5.000	0.600	0.004	0.000
0.600	-5.000	0.603	0.108	0.000
0.600	-5.000	0.599	-0.048	0.000
0.600	-5.000	0.602	0.056	0.000
0.600	-5.000	0.600	0.004	0.000
0.600	-5.000	0.602	0.056	0.000
0.600	-5.000	0.600	0.004	0.000
0.600	-5.000	0.602	0.056	0.000
0.600	-5.000	0.602	0.056	0.000
0.600	-5.000	0.603	0.108	0.000
0.600	-5.000	0.602	0.056	0.000
0.600	-5.000	0.602	0.056	0.000
0.600	-5.000	0.602	0.056	0.000
0.600	-5.000	0.602	0.056	0.000
0.600	-5.000	0.603	0.108	0.000
0.600	-5.000	0.600	0.004	0.000
0.600	-5.000	0.602	0.056	0.000
0.600	-5.000	0.602	0.056	0.000
0.600	-5.000	0.602	0.056	0.000
0.600	-5.000	0.602	0.056	0.000
0.600	-5.000	0.602	0.056	0.000
0.600	-5.000	0.600	0.004	0.000
0.600	-5.000	0.602	0.056	0.000
0.600	-5.000	0.602	0.056	0.000
0.600	-5.000	0.603	0.108	0.000
0.600	-5.000	0.599	-0.048	0.000
0.600	-5.000	0.602	0.056	0.000
0.600	-5.000	0.602	0.056	0.000
0.600	-5.000	0.602	0.056	0.000
0.600	-5.000	0.602	0.056	0.000
0.600	-5.000	0.602	0.056	0.000
0.600	-5.000	0.602	0.056	0.000
0.600	-5.000	0.602	0.056	0.000
0.600	-5.000	0.602	0.056	0.000
