ref	v	theta	v	ball
0.000	-5.000	0.019	0.000	0.000
0.000	-5.000	0.019	0.000	0.000
0.000	-5.000	0.018	0.000	0.000
0.200	-5.000	0.019	-4.522	0.000
0.200	-5.000	0.012	-4.707	0.000
0.200	-5.000	0.013	-4.670	0.000
0.200	-5.000	0.013	-4.670	0.000
0.200	-5.000	0.015	-4.633	0.000
0.200	-5.000	0.016	-4.596	0.000
0.200	-5.000	0.019	-4.522	0.000
0.200	-5.000	0.019	-4.522	0.000
0.200	-5.000	0.024	-4.411	0.000
0.200	-5.000	0.026	-4.338	0.000
0.200	-5.000	0.026	-4.338	0.000
0.200	-5.000	0.028	-4.301	0.000
0.200	-5.000	0.032	-4.190	0.000
0.200	-5.000	0.037	-4.079	0.000
0.200	-5.000	0.041	-3.968	0.000
0.200	-5.000	0.044	-3.894	0.000
0.200	-5.000	0.047	-3.820	0.000
0.200	-5.000	0.052	-3.709	0.000
0.200	-5.000	0.056	-3.598	0.000
0.200	-5.000	0.059	-3.524	0.000
0.200	-5.000	0.063	-3.414	0.000
0.200	-5.000	0.071	-3.229	0.000
0.200	-5.000	0.072	-3.192	0.000
0.200	-5.000	0.078	-3.044	0.000
0.200	-5.000	0.081	-2.970	0.000
0.200	-5.000	0.084	-2.896	0.000
0.200	-5.000	0.092	-2.711	0.000
0.200	-5.000	0.096	-2.600	0.000
0.200	-5.000	0.099	-2.526	0.000
0.200	-5.000	0.105	-2.379	0.000
0.200	-5.000	0.109	-2.268	0.000
0.200	-5.000	0.114	-2.157	0.000
0.200	-5.000	0.118	-2.046	0.000
0.200	-5.000	0.121	-1.972	0.000
0.200	-5.000	0.126	-1.861	0.000
0.200	-5.000	0.130	-1.750	0.000
0.200	-5.000	0.136	-1.602	0.000
0.200	-5.000	0.139	-1.529	0.000
0.200	-5.000	0.140	-1.492	0.000
0.200	-5.000	0.148	-1.307	0.000
0.200	-5.000	0.152	-1.196	0.000
0.200	-5.000	0.157	-1.085	0.000
0.200	-5.000	0.158	-1.048	0.000
0.200	-5.000	0.165	-0.863	0.000
0.200	-5.000	0.168	-0.789	0.000
0.200	-5.000	0.171	-0.715	0.000
0.200	-5.000	0.174	-0.642	0.000
0.200	-5.000	0.179	-0.531	0.000
0.200	-5.000	0.182	-0.457	0.000
0.200	-5.000	0.186	-0.346	0.000
0.200	-5.000	0.191	-0.235	0.000
0.200	-5.000	0.194	-0.161	0.000
0.200	-5.000	0.195	-0.124	0.000
0.200	-5.000	0.199	-0.013	0.000
0.200	-5.000	0.202	0.061	0.000
0.200	-5.000	0.207	0.172	0.000
0.200	-5.000	0.207	0.172	0.000
0.200	-5.000	0.211	0.282	0.000
0.200	-5.000	0.213	0.319	0.000
0.200	-5.000	0.213	0.319	0.000
0.200	-5.000	0.216	0.393	0.000
0.200	-5.000	0.216	0.393	0.000
0.200	-5.000	0.217	0.430	0.000
0.200	-5.000	0.219	0.467	0.000
0.200	-5.000	0.219	0.467	0.000
0.200	-5.000	0.220	0.504	0.000
0.200	-5.000	0.220	0.504	0.000
0.200	-5.000	0.222	0.541	0.000
0.200	-5.000	0.222	0.541	0.000
0.200	-5.000	0.225	0.615	0.000
0.200	-5.000	0.222	0.541	0.000
0.200	-5.000	0.225	0.615	0.000
0.200	-5.000	0.223	0.578	0.000
0.200	-5.000	0.225	0.615	0.000
0.200	-5.000	0.225	0.615	0.000
0.200	-5.000	0.223	0.578	0.000
0.200	-5.000	0.223	0.578	0.000
0.200	-5.000	0.223	0.578	0.000
0.200	-5.000	0.223	0.578	0.000
0.200	-5.000	0.225	0.615	0.000
0.200	-5.000	0.225	0.615	0.000
0.200	-5.000	0.223	0.578	0.000
0.200	-5.000	0.225	0.615	0.000
0.200	-5.000	0.223	0.578	0.000
0.200	-5.000	0.225	0.615	0.000
0.200	-5.000	0.225	0.615	0.000
0.200	-5.000	0.223	0.578	0.000
0.200	-5.000	0.223	0.578	0.000
0.200	-5.000	0.225	0.615	0.000
0.200	-5.000	0.225	0.615	0.000
0.200	-5.000	0.225	0.615	0.000
0.200	-5.000	0.223	0.578	0.000
0.200	-5.000	0.225	0.615	0.000
0.200	-5.000	0.225	0.615	0.000
0.200	-5.000	0.226	0.652	0.000
0.200	-5.000	0.225	0.615	0.000
0.200	-5.000	0.225	0.615	0.000
0.200	-5.000	0.225	0.615	0.000
0.200	-5.000	0.223	0.578	0.000
0.200	-5.000	0.223	0.578	0.000
0.200	-5.000	0.222	0.541	0.000
0.200	-5.000	0.222	0.541	0.000
0.200	-5.000	0.220	0.504	0.000
0.200	-5.000	0.219	0.467	0.000
0.200	-5.000	0.220	0.504	0.000
0.200	-5.000	0.217	0.430	0.000
0.200	-5.000	0.219	0.467	0.000
0.200	-5.000	0.216	0.393	0.000
0.200	-5.000	0.214	0.356	0.000
0.200	-5.000	0.219	0.467	0.000
0.200	-5.000	0.216	0.393	0.000
0.200	-5.000	0.214	0.356	0.000
0.200	-5.000	0.214	0.356	0.000
0.200	-5.000	0.214	0.356	0.000
0.200	-5.000	0.211	0.282	0.000
0.200	-5.000	0.213	0.319	0.000
0.200	-5.000	0.210	0.246	0.000
0.200	-5.000	0.211	0.282	0.000
0.200	-5.000	0.210	0.246	0.000
0.200	-5.000	0.208	0.209	0.000
0.200	-5.000	0.208	0.209	0.000
0.200	-5.000	0.207	0.172	0.000
0.200	-5.000	0.205	0.135	0.000
0.200	-5.000	0.208	0.209	0.000
0.200	-5.000	0.207	0.172	0.000
0.200	-5.000	0.205	0.135	0.000
0.200	-5.000	0.205	0.135	0.000
0.200	-5.000	0.205	0.135	0.000
0.200	-5.000	0.204	0.098	0.000
0.200	-5.000	0.204	0.098	0.000
0.200	-5.000	0.202	0.061	0.000
0.200	-5.000	0.202	0.061	0.000
0.200	-5.000	0.202	0.061	0.000
0.200	-5.000	0.199	-0.013	0.000
0.200	-5.000	0.202	0.061	0.000
0.200	-5.000	0.202	0.061	0.000
0.200	-5.000	0.201	0.024	0.000
0.200	-5.000	0.199	-0.013	0.000
0.200	-5.000	0.199	-0.013	0.000
0.200	-5.000	0.199	-0.013	0.000
0.200	-5.000	0.199	-0.013	0.000
0.200	-5.000	0.199	-0.013	0.000
0.200	-5.000	0.199	-0.013	0.000
0.200	-5.000	0.198	-0.050	0.000
0.200	-5.000	0.201	0.024	0.000
0.200	-5.000	0.198	-0.050	0.000
0.200	-5.000	0.199	-0.013	0.000
0.200	-5.000	0.199	-0.013	0.000
0.200	-5.000	0.198	-0.050	0.000
0.200	-5.000	0.198	-0.050	0.000
0.200	-5.000	0.197	-0.087	0.000
0.200	-5.000	0.198	-0.050	0.000
0.200	-5.000	0.197	-0.087	0.000
0.200	-5.000	0.198	-0.050	0.000
0.200	-5.000	0.199	-0.013	0.000
0.200	-5.000	0.198	-0.050	0.000
0.200	-5.000	0.198	-0.050	0.000
0.200	-5.000	0.197	-0.087	0.000
0.200	-5.000	0.199	-0.013	0.000
0.200	-5.000	0.198	-0.050	0.000
0.200	-5.000	0.199	-0.013	0.000
0.200	-5.000	0.199	-0.013	0.000
0.200	-5.000	0.199	-0.013	0.000
0.200	-5.000	0.198	-0.050	0.000
0.200	-5.000	0.198	-0.050	0.000
0.200	-5.000	0.199	-0.013	0.000
0.200	-5.000	0.201	0.024	0.000
0.200	-5.000	0.198	-0.050	0.000
0.200	-5.000	0.198	-0.050	0.000
0.200	-5.000	0.198	-0.050	0.000
0.200	-5.000	0.197	-0.087	0.000
0.200	-5.000	0.198	-0.050	0.000
0.200	-5.000	0.198	-0.050	0.000
0.200	-5.000	0.201	0.024	0.000
0.200	-5.000	0.197	-0.087	0.000
0.200	-5.000	0.197	-0.087	0.000
0.200	-5.000	0.198	-0.050	0.000
0.200	-5.000	0.197	-0.087	0.000
0.200	-5.000	0.198	-0.050	0.000
0.200	-5.000	0.198	-0.050	0.000
0.200	-5.000	0.198	-0.050	0.000
0.200	-5.000	0.197	-0.087	0.000
0.200	-5.000	0.197	-0.087	0.000
0.200	-5.000	0.198	-0.050	0.000
0.200	-5.000	0.197	-0.087	0.000
0.200	-5.000	0.197	-0.087	0.000
0.200	-5.000	0.197	-0.087	0.000
0.200	-5.000	0.197	-0.087	0.000
0.200	-5.000	0.197	-0.087	0.000
0.200	-5.000	0.198	-0.050	0.000
0.200	-5.000	0.199	-0.013	0.000
0.200	-5.000	0.198	-0.050	0.000
0.200	-5.000	0.198	-0.050	0.000
0.200	-5.000	0.198	-0.050	0.000
0.200	-5.000	0.198	-0.050	0.000
0.200	-5.000	0.199	-0.013	0.000
0.200	-5.000	0.198	-0.050	0.000
0.200	-5.000	0.198	-0.050	0.000
0.200	-5.000	0.199	-0.013	0.000
0.200	-5.000	0.198	-0.050	0.000
0.200	-5.000	0.197	-0.087	0.000
0.200	-5.000	0.199	-0.013	0.000
0.200	-5.000	0.199	-0.013	0.000
0.200	-5.000	0.198	-0.050	0.000
0.200	-5.000	0.199	-0.013	0.000
0.200	-5.000	0.197	-0.087	0.000
0.200	-5.000	0.197	-0.087	0.000
0.200	-5.000	0.198	-0.050	0.000
0.200	-5.000	0.198	-0.050	0.000
0.200	-5.000	0.198	-0.050	0.000
0.200	-5.000	0.197	-0.087	0.000
0.200	-5.000	0.198	-0.050	0.000
0.200	-5.000	0.198	-0.050	0.000
0.200	-5.000	0.198	-0.050	0.000
0.200	-5.000	0.199	-0.013	0.000
0.200	-5.000	0.199	-0.013	0.000
0.200	-5.000	0.198	-0.050	0.000
0.200	-5.000	0.198	-0.050	0.000
0.200	-5.000	0.198	-0.050	0.000
0.200	-5.000	0.199	-0.013	0.000
0.200	-5.000	0.198	-0.050	0.000
0.200	-5.000	0.199	-0.013	0.000
0.200	-5.000	0.198	-0.050	0.000
0.200	-5.000	0.199	-0.013	0.000
0.200	-5.000	0.198	-0.050	0.000
0.200	-5.000	0.198	-0.050	0.000
0.200	-5.000	0.198	-0.050	0.000
0.200	-5.000	0.199	-0.013	0.000
0.200	-5.000	0.199	-0.013	0.000
0.200	-5.000	0.198	-0.050	0.000
0.200	-5.000	0.198	-0.050	0.000
0.200	-5.000	0.198	-0.050	0.000
0.200	-5.000	0.197	-0.087	0.000
0.200	-5.000	0.199	-0.013	0.000
0.200	-5.000	0.198	-0.050	0.000
0.200	-5.000	0.198	-0.050	0.000
0.200	-5.000	0.197	-0.087	0.000
0.200	-5.000	0.198	-0.050	0.000
0.200	-5.000	0.198	-0.050	0.000
0.200	-5.000	0.198	-0.050	0.000
0.200	-5.000	0.199	-0.013	0.000
0.200	-5.000	0.199	-0.013	0.000
0.200	-5.000	0.197	-0.087	0.000
0.200	-5.000	0.198	-0.050	0.000
0.200	-5.000	0.198	-0.050	0.000
0.200	-5.000	0.198	-0.050	0.000
0.200	-5.000	0.198	-0.050	0.000
0.200	-5.000	0.198	-0.050	0.000
0.200	-5.000	0.198	-0.050	0.000
0.200	-5.000	0.198	-0.050	0.000
0.200	-5.000	0.198	-0.050	0.000
0.200	-5.000	0.198	-0.050	0.000
0.200	-5.000	0.198	-0.050	0.000
0.200	-5.000	0.199	-0.013	0.000
0.200	-5.000	0.198	-0.050	0.000
0.200	-5.000	0.198	-0.050	0.000
0.200	-5.000	0.197	-0.087	0.000
0.200	-5.000	0.199	-0.013	0.000
0.200	-5.000	0.198	-0.050	0.000
0.200	-5.000	0.198	-0.050	0.000
0.200	-5.000	0.198	-0.050	0.000
0.200	-5.000	0.198	-0.050	0.000
0.200	-5.000	0.197	-0.087	0.000
0.200	-5.000	0.198	-0.050	0.000
0.200	-5.000	0.197	-0.087	0.000
0.200	-5.000	0.198	-0.050	0.000
0.200	-5.000	0.197	-0.087	0.000
0.200	-5.000	0.197	-0.087	0.000
0.200	-5.000	0.198	-0.050	0.000
0.200	-5.000	0.197	-0.087	0.000
0.200	-5.000	0.198	-0.050	0.000
0.200	-5.000	0.199	-0.013	0.000
0.200	-5.000	0.198	-0.050	0.000
0.200	-5.000	0.198	-0.050	0.000
0.200	-5.000	0.197	-0.087	0.000
0.200	-5.000	0.198	-0.050	0.000
0.200	-5.000	0.198	-0.050	0.000
0.200	-5.000	0.198	-0.050	0.000
0.200	-5.000	0.198	-0.050	0.000
0.200	-5.000	0.198	-0.050	0.000
0.200	-5.000	0.198	-0.050	0.000
0.200	-5.000	0.197	-0.087	0.000
0.200	-5.000	0.197	-0.087	0.000
0.200	-5.000	0.197	-0.087	0.000
0.200	-5.000	0.198	-0.050	0.000
0.200	-5.000	0.197	-0.087	0.000
0.200	-5.000	0.197	-0.087	0.000
0.200	-5.000	0.199	-0.013	0.000
0.200	-5.000	0.199	-0.013	0.000
0.200	-5.000	0.198	-0.050	0.000
0.200	-5.000	0.199	-0.013	0.000
0.200	-5.000	0.198	-0.050	0.000
0.200	-5.000	0.199	-0.013	0.000
0.200	-5.000	0.198	-0.050	0.000
0.200	-5.000	0.198	-0.050	0.000
0.200	-5.000	0.197	-0.087	0.000
0.200	-5.000	0.197	-0.087	0.000
0.200	-5.000	0.199	-0.013	0.000
0.200	-5.000	0.199	-0.013	0.000
0.200	-5.000	0.197	-0.087	0.000
0.200	-5.000	0.198	-0.050	0.000
0.200	-5.000	0.199	-0.013	0.000
0.200	-5.000	0.197	-0.087	0.000
0.200	-5.000	0.197	-0.087	0.000
0.200	-5.000	0.199	-0.013	0.000
0.200	-5.000	0.198	-0.050	0.000
0.200	-5.000	0.201	0.024	0.000
0.200	-5.000	0.199	-0.013	0.000
0.200	-5.000	0.197	-0.087	0.000
0.200	-5.000	0.198	-0.050	0.000
0.200	-5.000	0.198	-0.050	0.000
0.200	-5.000	0.199	-0.013	0.000
0.200	-5.000	0.199	-0.013	0.000
0.200	-5.000	0.199	-0.013	0.000
0.200	-5.000	0.199	-0.013	0.000
0.200	-5.000	0.197	-0.087	0.000
0.200	-5.000	0.198	-0.050	0.000
0.200	-5.000	0.198	-0.050	0.000
0.200	-5.000	0.197	-0.087	0.000
0.200	-5.000	0.198	-0.050	0.000
0.200	-5.000	0.195	-0.124	0.000
0.200	-5.000	0.198	-0.050	0.000
0.200	-5.000	0.198	-0.050	0.000
0.200	-5.000	0.198	-0.050	0.000
0.200	-5.000	0.198	-0.050	0.000
0.200	-5.000	0.198	-0.050	0.000
0.200	-5.000	0.199	-0.013	0.000
0.200	-5.000	0.199	-0.013	0.000
0.200	-5.000	0.198	-0.050	0.000
0.200	-5.000	0.199	-0.013	0.000
0.200	-5.000	0.197	-0.087	0.000
0.200	-5.000	0.198	-0.050	0.000
0.200	-5.000	0.198	-0.050	0.000
0.200	-5.000	0.199	-0.013	0.000
0.200	-5.000	0.199	-0.013	0.000
0.200	-5.000	0.198	-0.050	0.000
0.200	-5.000	0.198	-0.050	0.000
0.200	-5.000	0.199	-0.013	0.000
0.200	-5.000	0.198	-0.050	0.000
0.200	-5.000	0.198	-0.050	0.000
0.200	-5.000	0.197	-0.087	0.000
0.200	-5.000	0.199	-0.013	0.000
0.200	-5.000	0.197	-0.087	0.000
0.200	-5.000	0.199	-0.013	0.000
0.200	-5.000	0.199	-0.013	0.000
0.200	-5.000	0.199	-0.013	0.000
0.200	-5.000	0.198	-0.050	0.000
0.200	-5.000	0.199	-0.013	0.000
0.200	-5.000	0.199	-0.013	0.000
0.200	-5.000	0.197	-0.087	0.000
0.200	-5.000	0.198	-0.050	0.000
0.200	-5.000	0.197	-0.087	0.000
0.200	-5.000	0.199	-0.013	0.000
0.200	-5.000	0.198	-0.050	0.000
0.200	-5.000	0.198	-0.050	0.000
0.200	-5.000	0.199	-0.013	0.000
0.200	-5.000	0.198	-0.050	0.000
0.200	-5.000	0.198	-0.050	0.000
0.200	-5.000	0.198	-0.050	0.000
0.200	-5.000	0.199	-0.013	0.000
0.200	-5.000	0.199	-0.013	0.000
0.200	-5.000	0.199	-0.013	0.000
0.200	-5.000	0.197	-0.087	0.000
0.200	-5.000	0.198	-0.050	0.000
0.200	-5.000	0.198	-0.050	0.000
0.200	-5.000	0.197	-0.087	0.000
0.200	-5.000	0.198	-0.050	0.000
0.200	-5.000	0.198	-0.050	0.000
0.200	-5.000	0.199	-0.013	0.000
0.200	-5.000	0.197	-0.087	0.000
0.200	-5.000	0.198	-0.050	0.000
0.200	-5.000	0.199	-0.013	0.000
0.200	-5.000	0.197	-0.087	0.000
0.200	-5.000	0.198	-0.050	0.000
0.200	-5.000	0.198	-0.050	0.000
0.200	-5.000	0.198	-0.050	0.000
0.200	-5.000	0.198	-0.050	0.000
0.200	-5.000	0.198	-0.050	0.000
0.200	-5.000	0.198	-0.050	0.000
0.200	-5.000	0.198	-0.050	0.000
0.200	-5.000	0.197	-0.087	0.000
0.200	-5.000	0.198	-0.050	0.000
0.200	-5.000	0.199	-0.013	0.000
0.200	-5.000	0.198	-0.050	0.000
0.200	-5.000	0.199	-0.013	0.000
0.200	-5.000	0.199	-0.013	0.000
0.200	-5.000	0.199	-0.013	0.000
0.200	-5.000	0.197	-0.087	0.000
0.200	-5.000	0.198	-0.050	0.000
0.200	-5.000	0.197	-0.087	0.000
0.200	-5.000	0.197	-0.087	0.000
0.200	-5.000	0.197	-0.087	0.000
0.200	-5.000	0.197	-0.087	0.000
0.200	-5.000	0.197	-0.087	0.000
0.200	-5.000	0.198	-0.050	0.000
0.200	-5.000	0.198	-0.050	0.000
0.200	-5.000	0.199	-0.013	0.000
0.200	-5.000	0.197	-0.087	0.000
0.200	-5.000	0.199	-0.013	0.000
0.200	-5.000	0.199	-0.013	0.000
0.200	-5.000	0.197	-0.087	0.000
0.200	-5.000	0.198	-0.050	0.000
0.200	-5.000	0.198	-0.050	0.000
0.200	-5.000	0.197	-0.087	0.000
0.200	-5.000	0.197	-0.087	0.000
0.200	-5.000	0.197	-0.087	0.000
0.200	-5.000	0.198	-0.050	0.000
0.200	-5.000	0.197	-0.087	0.000
0.200	-5.000	0.197	-0.087	0.000
0.200	-5.000	0.197	-0.087	0.000
0.200	-5.000	0.198	-0.050	0.000
0.200	-5.000	0.199	-0.013	0.000
0.200	-5.000	0.198	-0.050	0.000
0.200	-5.000	0.199	-0.013	0.000
0.200	-5.000	0.198	-0.050	0.000
0.200	-5.000	0.199	-0.013	0.000
0.200	-5.000	0.198	-0.050	0.000
0.200	-5.000	0.199	-0.013	0.000
0.200	-5.000	0.198	-0.050	0.000
0.200	-5.000	0.199	-0.013	0.000
0.200	-5.000	0.198	-0.050	0.000
0.200	-5.000	0.197	-0.087	0.000
0.200	-5.000	0.199	-0.013	0.000
0.200	-5.000	0.198	-0.050	0.000
0.200	-5.000	0.198	-0.050	0.000
0.200	-5.000	0.197	-0.087	0.000
0.200	-5.000	0.199	-0.013	0.000
0.200	-5.000	0.198	-0.050	0.000
0.200	-5.000	0.198	-0.050	0.000
0.200	-5.000	0.198	-0.050	0.000
0.200	-5.000	0.199	-0.013	0.000
0.200	-5.000	0.198	-0.050	0.000
0.200	-5.000	0.199	-0.013	0.000
0.200	-5.000	0.199	-0.013	0.000
0.200	-5.000	0.199	-0.013	0.000
0.200	-5.000	0.197	-0.087	0.000
0.200	-5.000	0.199	-0.013	0.000
0.200	-5.000	0.198	-0.050	0.000
0.200	-5.000	0.197	-0.087	0.000
0.200	-5.000	0.199	-0.013	0.000
0.200	-5.000	0.199	-0.013	0.000
0.200	-5.000	0.198	-0.050	0.000
0.200	-5.000	0.198	-0.050	0.000
0.200	-5.000	0.198	-0.050	0.000
0.200	-5.000	0.198	-0.050	0.000
0.200	-5.000	0.199	-0.013	0.000
0.200	-5.000	0.199	-0.013	0.000
0.200	-5.000	0.198	-0.050	0.000
0.200	-5.000	0.198	-0.050	0.000
0.200	-5.000	0.199	-0.013	0.000
0.200	-5.000	0.198	-0.050	0.000
0.200	-5.000	0.199	-0.013	0.000
0.200	-5.000	0.199	-0.013	0.000
0.200	-5.000	0.197	-0.087	0.000
0.200	-5.000	0.199	-0.013	0.000
0.200	-5.000	0.197	-0.087	0.000
0.200	-5.000	0.199	-0.013	0.000
0.200	-5.000	0.197	-0.087	0.000
0.200	-5.000	0.198	-0.050	0.000
0.200	-5.000	0.198	-0.050	0.000
0.200	-5.000	0.199	-0.013	0.000
0.200	-5.000	0.197	-0.087	0.000
0.200	-5.000	0.198	-0.050	0.000
0.200	-5.000	0.198	-0.050	0.000
0.200	-5.000	0.198	-0.050	0.000
0.200	-5.000	0.198	-0.050	0.000
0.200	-5.000	0.197	-0.087	0.000
0.200	-5.000	0.197	-0.087	0.000
0.200	-5.000	0.199	-0.013	0.000
0.200	-5.000	0.198	-0.050	0.000
0.200	-5.000	0.198	-0.050	0.000
0.200	-5.000	0.197	-0.087	0.000
0.200	-5.000	0.197	-0.087	0.000
0.200	-5.000	0.198	-0.050	0.000
0.200	-5.000	0.198	-0.050	0.000
0.200	-5.000	0.198	-0.050	0.000
0.200	-5.000	0.199	-0.013	0.000
0.200	-5.000	0.197	-0.087	0.000
0.200	-5.000	0.198	-0.050	0.000
0.200	-5.000	0.197	-0.087	0.000
0.200	-5.000	0.197	-0.087	0.000
0.200	-5.000	0.197	-0.087	0.000
0.200	-5.000	0.198	-0.050	0.000
0.200	-5.000	0.197	-0.087	0.000
0.200	-5.000	0.198	-0.050	0.000
0.200	-5.000	0.197	-0.087	0.000
0.200	-5.000	0.198	-0.050	0.000
0.200	-5.000	0.198	-0.050	0.000
0.200	-5.000	0.199	-0.013	0.000
0.200	-5.000	0.197	-0.087	0.000
0.200	-5.000	0.198	-0.050	0.000
0.200	-5.000	0.197	-0.087	0.000
0.200	-5.000	0.199	-0.013	0.000
0.200	-5.000	0.197	-0.087	0.000
0.200	-5.000	0.199	-0.013	0.000
0.200	-5.000	0.197	-0.087	0.000
0.200	-5.000	0.198	-0.050	0.000
0.200	-5.000	0.198	-0.050	0.000
0.200	-5.000	0.197	-0.087	0.000
0.200	-5.000	0.197	-0.087	0.000
0.200	-5.000	0.199	-0.013	0.000
0.200	-5.000	0.199	-0.013	0.000
0.200	-5.000	0.198	-0.050	0.000
0.200	-5.000	0.198	-0.050	0.000
0.200	-5.000	0.199	-0.013	0.000
0.200	-5.000	0.198	-0.050	0.000
0.200	-5.000	0.198	-0.050	0.000
0.200	-5.000	0.197	-0.087	0.000
0.200	-5.000	0.198	-0.050	0.000
0.200	-5.000	0.198	-0.050	0.000
0.200	-5.000	0.199	-0.013	0.000
0.200	-5.000	0.198	-0.050	0.000
0.200	-5.000	0.199	-0.013	0.000
0.200	-5.000	0.198	-0.050	0.000
0.200	-5.000	0.198	-0.050	0.000
0.200	-5.000	0.198	-0.050	0.000
0.200	-5.000	0.198	-0.050	0.000
0.200	-5.000	0.198	-0.050	0.000
0.200	-5.000	0.198	-0.050	0.000
0.200	-5.000	0.199	-0.013	0.000
0.200	-5.000	0.198	-0.050	0.000
0.200	-5.000	0.199	-0.013	0.000
0.200	-5.000	0.198	-0.050	0.000
0.200	-5.000	0.199	-0.013	0.000
0.200	-5.000	0.197	-0.087	0.000
0.200	-5.000	0.197	-0.087	0.000
0.200	-5.000	0.198	-0.050	0.000
0.200	-5.000	0.197	-0.087	0.000
0.200	-5.000	0.199	-0.013	0.000
0.200	-5.000	0.199	-0.013	0.000
0.200	-5.000	0.198	-0.050	0.000
0.200	-5.000	0.199	-0.013	0.000
0.200	-5.000	0.198	-0.050	0.000
0.200	-5.000	0.198	-0.050	0.000
0.200	-5.000	0.198	-0.050	0.000
0.200	-5.000	0.197	-0.087	0.000
0.200	-5.000	0.198	-0.050	0.000
0.200	-5.000	0.197	-0.087	0.000
0.200	-5.000	0.197	-0.087	0.000
0.200	-5.000	0.198	-0.050	0.000
0.200	-5.000	0.198	-0.050	0.000
0.200	-5.000	0.199	-0.013	0.000
0.200	-5.000	0.197	-0.087	0.000
0.200	-5.000	0.198	-0.050	0.000
0.200	-5.000	0.198	-0.050	0.000
0.200	-5.000	0.198	-0.050	0.000
0.200	-5.000	0.198	-0.050	0.000
0.200	-5.000	0.198	-0.050	0.000
0.200	-5.000	0.198	-0.050	0.000
0.200	-5.000	0.198	-0.050	0.000
0.200	-5.000	0.197	-0.087	0.000
0.200	-5.000	0.198	-0.050	0.000
0.200	-5.000	0.198	-0.050	0.000
0.200	-5.000	0.198	-0.050	0.000
0.200	-5.000	0.199	-0.013	0.000
0.200	-5.000	0.198	-0.050	0.000
0.200	-5.000	0.198	-0.050	0.000
0.200	-5.000	0.198	-0.050	0.000
0.200	-5.000	0.198	-0.050	0.000
0.200	-5.000	0.197	-0.087	0.000
0.200	-5.000	0.197	-0.087	0.000
0.200	-5.000	0.198	-0.050	0.000
0.200	-5.000	0.199	-0.013	0.000
0.200	-5.000	0.197	-0.087	0.000
0.200	-5.000	0.199	-0.013	0.000
0.200	-5.000	0.198	-0.050	0.000
0.200	-5.000	0.197	-0.087	0.000
0.200	-5.000	0.198	-0.050	0.000
0.200	-5.000	0.199	-0.013	0.000
0.200	-5.000	0.198	-0.050	0.000
0.200	-5.000	0.197	-0.087	0.000
0.200	-5.000	0.198	-0.050	0.000
0.200	-5.000	0.197	-0.087	0.000
0.200	-5.000	0.197	-0.087	0.000
0.200	-5.000	0.199	-0.013	0.000
0.200	-5.000	0.199	-0.013	0.000
0.200	-5.000	0.199	-0.013	0.000
0.200	-5.000	0.199	-0.013	0.000
0.200	-5.000	0.198	-0.050	0.000
0.200	-5.000	0.199	-0.013	0.000
0.200	-5.000	0.198	-0.050	0.000
0.200	-5.000	0.198	-0.050	0.000
0.200	-5.000	0.198	-0.050	0.000
0.200	-5.000	0.198	-0.050	0.000
0.200	-5.000	0.198	-0.050	0.000
0.200	-5.000	0.199	-0.013	0.000
0.200	-5.000	0.198	-0.050	0.000
0.200	-5.000	0.199	-0.013	0.000
0.200	-5.000	0.198	-0.050	0.000
0.200	-5.000	0.199	-0.013	0.000
0.200	-5.000	0.199	-0.013	0.000
0.200	-5.000	0.199	-0.013	0.000
0.200	-5.000	0.199	-0.013	0.000
0.200	-5.000	0.198	-0.050	0.000
0.200	-5.000	0.199	-0.013	0.000
0.200	-5.000	0.199	-0.013	0.000
0.200	-5.000	0.199	-0.013	0.000
0.200	-5.000	0.198	-0.050	0.000
0.200	-5.000	0.198	-0.050	0.000
0.200	-5.000	0.198	-0.050	0.000
0.200	-5.000	0.198	-0.050	0.000
0.200	-5.000	0.199	-0.013	0.000
0.200	-5.000	0.197	-0.087	0.000
0.200	-5.000	0.198	-0.050	0.000
0.200	-5.000	0.199	-0.013	0.000
0.200	-5.000	0.199	-0.013	0.000
0.200	-5.000	0.198	-0.050	0.000
0.200	-5.000	0.199	-0.013	0.000
0.200	-5.000	0.199	-0.013	0.000
0.200	-5.000	0.199	-0.013	0.000
0.200	-5.000	0.197	-0.087	0.000
0.200	-5.000	0.199	-0.013	0.000
0.200	-5.000	0.198	-0.050	0.000
0.200	-5.000	0.198	-0.050	0.000
0.200	-5.000	0.199	-0.013	0.000
0.200	-5.000	0.199	-0.013	0.000
0.200	-5.000	0.199	-0.013	0.000
0.200	-5.000	0.199	-0.013	0.000
0.200	-5.000	0.199	-0.013	0.000
0.200	-5.000	0.197	-0.087	0.000
0.200	-5.000	0.199	-0.013	0.000
0.200	-5.000	0.198	-0.050	0.000
0.200	-5.000	0.197	-0.087	0.000
0.200	-5.000	0.199	-0.013	0.000
0.200	-5.000	0.199	-0.013	0.000
0.200	-5.000	0.199	-0.013	0.000
0.200	-5.000	0.199	-0.013	0.000
0.200	-5.000	0.199	-0.013	0.000
0.200	-5.000	0.199	-0.013	0.000
0.200	-5.000	0.199	-0.013	0.000
0.200	-5.000	0.197	-0.087	0.000
0.200	-5.000	0.197	-0.087	0.000
0.200	-5.000	0.198	-0.050	0.000
0.200	-5.000	0.197	-0.087	0.000
0.200	-5.000	0.199	-0.013	0.000
0.200	-5.000	0.199	-0.013	0.000
0.200	-5.000	0.199	-0.013	0.000
0.200	-5.000	0.199	-0.013	0.000
0.200	-5.000	0.199	-0.013	0.000
0.200	-5.000	0.198	-0.050	0.000
0.200	-5.000	0.198	-0.050	0.000
0.200	-5.000	0.199	-0.013	0.000
0.200	-5.000	0.199	-0.013	0.000
0.200	-5.000	0.199	-0.013	0.000
0.200	-5.000	0.199	-0.013	0.000
0.200	-5.000	0.198	-0.050	0.000
0.200	-5.000	0.199	-0.013	0.000
0.200	-5.000	0.198	-0.050	0.000
0.200	-5.000	0.199	-0.013	0.000
0.200	-5.000	0.198	-0.050	0.000
0.200	-5.000	0.198	-0.050	0.000
0.200	-5.000	0.199	-0.013	0.000
0.200	-5.000	0.199	-0.013	0.000
0.200	-5.000	0.197	-0.087	0.000
0.200	-5.000	0.199	-0.013	0.000
0.200	-5.000	0.199	-0.013	0.000
0.200	-5.000	0.201	0.024	0.000
0.200	-5.000	0.199	-0.013	0.000
0.200	-5.000	0.199	-0.013	0.000
0.200	-5.000	0.199	-0.013	0.000
0.200	-5.000	0.199	-0.013	0.000
0.200	-5.000	0.197	-0.087	0.000
0.200	-5.000	0.198	-0.050	0.000
0.200	-5.000	0.198	-0.050	0.000
0.200	-5.000	0.199	-0.013	0.000
0.200	-5.000	0.199	-0.013	0.000
0.200	-5.000	0.199	-0.013	0.000
0.200	-5.000	0.199	-0.013	0.000
0.200	-5.000	0.198	-0.050	0.000
0.200	-5.000	0.198	-0.050	0.000
0.200	-5.000	0.198	-0.050	0.000
0.200	-5.000	0.199	-0.013	0.000
0.200	-5.000	0.199	-0.013	0.000
0.200	-5.000	0.199	-0.013	0.000
0.200	-5.000	0.199	-0.013	0.000
0.200	-5.000	0.201	0.024	0.000
0.200	-5.000	0.198	-0.050	0.000
0.200	-5.000	0.199	-0.013	0.000
0.200	-5.000	0.199	-0.013	0.000
0.200	-5.000	0.198	-0.050	0.000
0.200	-5.000	0.199	-0.013	0.000
0.200	-5.000	0.198	-0.050	0.000
0.200	-5.000	0.199	-0.013	0.000
0.200	-5.000	0.199	-0.013	0.000
0.200	-5.000	0.198	-0.050	0.000
0.200	-5.000	0.199	-0.013	0.000
0.200	-5.000	0.199	-0.013	0.000
0.200	-5.000	0.199	-0.013	0.000
0.200	-5.000	0.199	-0.013	0.000
0.200	-5.000	0.199	-0.013	0.000
0.200	-5.000	0.198	-0.050	0.000
0.200	-5.000	0.201	0.024	0.000
0.200	-5.000	0.199	-0.013	0.000
0.200	-5.000	0.201	0.024	0.000
0.200	-5.000	0.199	-0.013	0.000
0.200	-5.000	0.199	-0.013	0.000
0.200	-5.000	0.197	-0.087	0.000
0.200	-5.000	0.199	-0.013	0.000
0.200	-5.000	0.199	-0.013	0.000
0.200	-5.000	0.201	0.024	0.000
0.200	-5.000	0.201	0.024	0.000
0.200	-5.000	0.201	0.024	0.000
0.200	-5.000	0.199	-0.013	0.000
0.200	-5.000	0.199	-0.013	0.000
0.200	-5.000	0.199	-0.013	0.000
0.200	-5.000	0.201	0.024	0.000
0.200	-5.000	0.198	-0.050	0.000
0.200	-5.000	0.199	-0.013	0.000
0.200	-5.000	0.199	-0.013	0.000
0.200	-5.000	0.199	-0.013	0.000
0.200	-5.000	0.199	-0.013	0.000
0.200	-5.000	0.199	-0.013	0.000
0.200	-5.000	0.199	-0.013	0.000
0.200	-5.000	0.199	-0.013	0.000
0.200	-5.000	0.199	-0.013	0.000
0.200	-5.000	0.198	-0.050	0.000
0.200	-5.000	0.199	-0.013	0.000
0.200	-5.000	0.198	-0.050	0.000
0.200	-5.000	0.199	-0.013	0.000
0.200	-5.000	0.199	-0.013	0.000
0.200	-5.000	0.199	-0.013	0.000
0.200	-5.000	0.199	-0.013	0.000
0.200	-5.000	0.199	-0.013	0.000
0.200	-5.000	0.198	-0.050	0.000
0.200	-5.000	0.199	-0.013	0.000
0.200	-5.000	0.201	0.024	0.000
0.200	-5.000	0.198	-0.050	0.000
0.200	-5.000	0.199	-0.013	0.000
0.200	-5.000	0.198	-0.050	0.000
0.200	-5.000	0.199	-0.013	0.000
0.200	-5.000	0.199	-0.013	0.000
0.200	-5.000	0.198	-0.050	0.000
0.200	-5.000	0.199	-0.013	0.000
0.200	-5.000	0.199	-0.013	0.000
0.200	-5.000	0.199	-0.013	0.000
0.200	-5.000	0.199	-0.013	0.000
0.200	-5.000	0.199	-0.013	0.000
0.200	-5.000	0.199	-0.013	0.000
0.200	-5.000	0.199	-0.013	0.000
0.200	-5.000	0.199	-0.013	0.000
0.200	-5.000	0.198	-0.050	0.000
0.200	-5.000	0.197	-0.087	0.000
0.200	-5.000	0.198	-0.050	0.000
0.200	-5.000	0.199	-0.013	0.000
0.200	-5.000	0.199	-0.013	0.000
0.200	-5.000	0.199	-0.013	0.000
0.200	-5.000	0.199	-0.013	0.000
0.200	-5.000	0.199	-0.013	0.000
0.200	-5.000	0.199	-0.013	0.000
0.200	-5.000	0.198	-0.050	0.000
0.200	-5.000	0.199	-0.013	0.000
0.200	-5.000	0.198	-0.050	0.000
0.200	-5.000	0.199	-0.013	0.000
0.200	-5.000	0.198	-0.050	0.000
0.200	-5.000	0.198	-0.050	0.000
0.200	-5.000	0.198	-0.050	0.000
0.200	-5.000	0.198	-0.050	0.000
0.200	-5.000	0.198	-0.050	0.000
0.200	-5.000	0.198	-0.050	0.000
0.200	-5.000	0.198	-0.050	0.000
0.200	-5.000	0.199	-0.013	0.000
0.200	-5.000	0.199	-0.013	0.000
0.200	-5.000	0.199	-0.013	0.000
0.200	-5.000	0.199	-0.013	0.000
0.200	-5.000	0.198	-0.050	0.000
0.200	-5.000	0.199	-0.013	0.000
0.200	-5.000	0.199	-0.013	0.000
0.200	-5.000	0.199	-0.013	0.000
0.200	-5.000	0.199	-0.013	0.000
0.200	-5.000	0.198	-0.050	0.000
0.200	-5.000	0.199	-0.013	0.000
0.200	-5.000	0.199	-0.013	0.000
0.200	-5.000	0.199	-0.013	0.000
0.200	-5.000	0.201	0.024	0.000
0.200	-5.000	0.199	-0.013	0.000
0.200	-5.000	0.199	-0.013	0.000
0.200	-5.000	0.199	-0.013	0.000
0.200	-5.000	0.198	-0.050	0.000
0.200	-5.000	0.199	-0.013	0.000
0.200	-5.000	0.198	-0.050	0.000
0.200	-5.000	0.198	-0.050	0.000
0.200	-5.000	0.197	-0.087	0.000
0.200	-5.000	0.201	0.024	0.000
0.200	-5.000	0.201	0.024	0.000
0.200	-5.000	0.199	-0.013	0.000
0.200	-5.000	0.199	-0.013	0.000
0.200	-5.000	0.197	-0.087	0.000
0.200	-5.000	0.199	-0.013	0.000
0.200	-5.000	0.199	-0.013	0.000
0.200	-5.000	0.199	-0.013	0.000
0.200	-5.000	0.199	-0.013	0.000
0.200	-5.000	0.198	-0.050	0.000
0.200	-5.000	0.201	0.024	0.000
0.200	-5.000	0.198	-0.050	0.000
0.200	-5.000	0.198	-0.050	0.000
0.200	-5.000	0.199	-0.013	0.000
0.200	-5.000	0.199	-0.013	0.000
0.200	-5.000	0.199	-0.013	0.000
0.200	-5.000	0.199	-0.013	0.000
0.200	-5.000	0.199	-0.013	0.000
0.200	-5.000	0.199	-0.013	0.000
0.200	-5.000	0.199	-0.013	0.000
0.200	-5.000	0.199	-0.013	0.000
0.200	-5.000	0.201	0.024	0.000
0.200	-5.000	0.199	-0.013	0.000
0.200	-5.000	0.199	-0.013	0.000
0.200	-5.000	0.198	-0.050	0.000
0.200	-5.000	0.198	-0.050	0.000
0.200	-5.000	0.199	-0.013	0.000
0.200	-5.000	0.201	0.024	0.000
0.200	-5.000	0.198	-0.050	0.000
0.200	-5.000	0.199	-0.013	0.000
0.200	-5.000	0.199	-0.013	0.000
0.200	-5.000	0.199	-0.013	0.000
0.200	-5.000	0.199	-0.013	0.000
0.200	-5.000	0.199	-0.013	0.000
0.200	-5.000	0.198	-0.050	0.000
0.200	-5.000	0.199	-0.013	0.000
0.200	-5.000	0.199	-0.013	0.000
0.200	-5.000	0.199	-0.013	0.000
0.200	-5.000	0.197	-0.087	0.000
0.200	-5.000	0.201	0.024	0.000
0.200	-5.000	0.199	-0.013	0.000
0.200	-5.000	0.198	-0.050	0.000
0.200	-5.000	0.199	-0.013	0.000
0.200	-5.000	0.199	-0.013	0.000
0.200	-5.000	0.199	-0.013	0.000
0.200	-5.000	0.201	0.024	0.000
0.200	-5.000	0.199	-0.013	0.000
0.200	-5.000	0.199	-0.013	0.000
0.200	-5.000	0.199	-0.013	0.000
0.200	-5.000	0.199	-0.013	0.000
0.200	-5.000	0.198	-0.050	0.000
0.200	-5.000	0.199	-0.013	0.000
0.200	-5.000	0.198	-0.050	0.000
0.200	-5.000	0.199	-0.013	0.000
0.200	-5.000	0.199	-0.013	0.000
0.200	-5.000	0.199	-0.013	0.000
0.200	-5.000	0.199	-0.013	0.000
0.200	-5.000	0.199	-0.013	0.000
0.200	-5.000	0.199	-0.013	0.000
0.200	-5.000	0.201	0.024	0.000
0.200	-5.000	0.199	-0.013	0.000
0.200	-5.000	0.199	-0.013	0.000
0.200	-5.000	0.199	-0.013	0.000
0.200	-5.000	0.199	-0.013	0.000
0.200	-5.000	0.199	-0.013	0.000
0.200	-5.000	0.198	-0.050	0.000
0.200	-5.000	0.199	-0.013	0.000
0.200	-5.000	0.199	-0.013	0.000
0.200	-5.000	0.198	-0.050	0.000
0.200	-5.000	0.199	-0.013	0.000
0.200	-5.000	0.199	-0.013	0.000
0.200	-5.000	0.199	-0.013	0.000
0.200	-5.000	0.199	-0.013	0.000
0.200	-5.000	0.199	-0.013	0.000
0.200	-5.000	0.199	-0.013	0.000
0.200	-5.000	0.199	-0.013	0.000
0.200	-5.000	0.198	-0.050	0.000
0.200	-5.000	0.198	-0.050	0.000
0.200	-5.000	0.199	-0.013	0.000
0.200	-5.000	0.199	-0.013	0.000
0.200	-5.000	0.199	-0.013	0.000
0.200	-5.000	0.198	-0.050	0.000
0.200	-5.000	0.199	-0.013	0.000
0.200	-5.000	0.199	-0.013	0.000
0.200	-5.000	0.199	-0.013	0.000
0.200	-5.000	0.199	-0.013	0.000
0.200	-5.000	0.199	-0.013	0.000
0.200	-5.000	0.199	-0.013	0.000
0.200	-5.000	0.199	-0.013	0.000
0.200	-5.000	0.199	-0.013	0.000
0.200	-5.000	0.199	-0.013	0.000
0.200	-5.000	0.198	-0.050	0.000
0.200	-5.000	0.198	-0.050	0.000
0.200	-5.000	0.199	-0.013	0.000
0.200	-5.000	0.198	-0.050	0.000
0.200	-5.000	0.199	-0.013	0.000
0.200	-5.000	0.199	-0.013	0.000
0.200	-5.000	0.198	-0.050	0.000
0.200	-5.000	0.199	-0.013	0.000
0.200	-5.000	0.198	-0.050	0.000
0.200	-5.000	0.199	-0.013	0.000
0.200	-5.000	0.199	-0.013	0.000
0.200	-5.000	0.199	-0.013	0.000
0.200	-5.000	0.197	-0.087	0.000
0.200	-5.000	0.199	-0.013	0.000
0.200	-5.000	0.201	0.024	0.000
0.200	-5.000	0.199	-0.013	0.000
0.200	-5.000	0.199	-0.013	0.000
0.200	-5.000	0.198	-0.050	0.000
0.200	-5.000	0.199	-0.013	0.000
0.200	-5.000	0.198	-0.050	0.000
0.200	-5.000	0.199	-0.013	0.000
0.200	-5.000	0.199	-0.013	0.000
0.200	-5.000	0.201	0.024	0.000
0.200	-5.000	0.197	-0.087	0.000
0.200	-5.000	0.198	-0.050	0.000
0.200	-5.000	0.198	-0.050	0.000
0.200	-5.000	0.197	-0.087	0.000
0.200	-5.000	0.199	-0.013	0.000
0.200	-5.000	0.197	-0.087	0.000
0.200	-5.000	0.199	-0.013	0.000
0.200	-5.000	0.198	-0.050	0.000
0.200	-5.000	0.199	-0.013	0.000
0.200	-5.000	0.198	-0.050	0.000
0.200	-5.000	0.199	-0.013	0.000
0.200	-5.000	0.198	-0.050	0.000
0.200	-5.000	0.199	-0.013	0.000
0.200	-5.000	0.199	-0.013	0.000
0.200	-5.000	0.201	0.024	0.000
0.200	-5.000	0.201	0.024	0.000
0.200	-5.000	0.198	-0.050	0.000
0.200	-5.000	0.198	-0.050	0.000
0.200	-5.000	0.198	-0.050	0.000
0.200	-5.000	0.199	-0.013	0.000
0.200	-5.000	0.198	-0.050	0.000
0.200	-5.000	0.199	-0.013	0.000
0.200	-5.000	0.199	-0.013	0.000
0.200	-5.000	0.199	-0.013	0.000
0.200	-5.000	0.199	-0.013	0.000
0.200	-5.000	0.199	-0.013	0.000
0.200	-5.000	0.199	-0.013	0.000
0.200	-5.000	0.199	-0.013	0.000
0.200	-5.000	0.199	-0.013	0.000
0.200	-5.000	0.198	-0.050	0.000
0.200	-5.000	0.199	-0.013	0.000
0.200	-5.000	0.199	-0.013	0.000
0.200	-5.000	0.198	-0.050	0.000
0.200	-5.000	0.198	-0.050	0.000
0.200	-5.000	0.198	-0.050	0.000
0.200	-5.000	0.199	-0.013	0.000
0.200	-5.000	0.199	-0.013	0.000
0.200	-5.000	0.199	-0.013	0.000
0.200	-5.000	0.199	-0.013	0.000
0.200	-5.000	0.199	-0.013	0.000
0.200	-5.000	0.199	-0.013	0.000
0.200	-5.000	0.199	-0.013	0.000
0.200	-5.000	0.201	0.024	0.000
0.200	-5.000	0.197	-0.087	0.000
0.200	-5.000	0.199	-0.013	0.000
0.200	-5.000	0.199	-0.013	0.000
0.200	-5.000	0.199	-0.013	0.000
0.200	-5.000	0.199	-0.013	0.000
0.200	-5.000	0.199	-0.013	0.000
0.200	-5.000	0.198	-0.050	0.000
0.200	-5.000	0.201	0.024	0.000
0.200	-5.000	0.199	-0.013	0.000
0.200	-5.000	0.199	-0.013	0.000
0.200	-5.000	0.199	-0.013	0.000
0.200	-5.000	0.199	-0.013	0.000
0.200	-5.000	0.199	-0.013	0.000
0.200	-5.000	0.199	-0.013	0.000
0.200	-5.000	0.199	-0.013	0.000
0.200	-5.000	0.198	-0.050	0.000
0.200	-5.000	0.199	-0.013	0.000
0.200	-5.000	0.198	-0.050	0.000
0.200	-5.000	0.199	-0.013	0.000
0.200	-5.000	0.198	-0.050	0.000
0.200	-5.000	0.199	-0.013	0.000
0.200	-5.000	0.199	-0.013	0.000
0.200	-5.000	0.199	-0.013	0.000
0.200	-5.000	0.199	-0.013	0.000
0.200	-5.000	0.198	-0.050	0.000
0.200	-5.000	0.199	-0.013	0.000
0.200	-5.000	0.199	-0.013	0.000
0.200	-5.000	0.201	0.024	0.000
0.200	-5.000	0.201	0.024	0.000
0.200	-5.000	0.199	-0.013	0.000
0.200	-5.000	0.199	-0.013	0.000
0.200	-5.000	0.201	0.024	0.000
0.200	-5.000	0.198	-0.050	0.000
0.200	-5.000	0.199	-0.013	0.000
0.200	-5.000	0.199	-0.013	0.000
0.200	-5.000	0.198	-0.050	0.000
0.200	-5.000	0.199	-0.013	0.000
0.200	-5.000	0.198	-0.050	0.000
0.200	-5.000	0.199	-0.013	0.000
0.200	-5.000	0.198	-0.050	0.000
0.200	-5.000	0.199	-0.013	0.000
0.200	-5.000	0.199	-0.013	0.000
0.200	-5.000	0.198	-0.050	0.000
0.200	-5.000	0.199	-0.013	0.000
0.200	-5.000	0.198	-0.050	0.000
0.200	-5.000	0.199	-0.013	0.000
0.200	-5.000	0.198	-0.050	0.000
0.200	-5.000	0.199	-0.013	0.000
0.200	-5.000	0.199	-0.013	0.000
0.200	-5.000	0.199	-0.013	0.000
0.200	-5.000	0.199	-0.013	0.000
0.200	-5.000	0.201	0.024	0.000
0.200	-5.000	0.199	-0.013	0.000
0.200	-5.000	0.199	-0.013	0.000
0.200	-5.000	0.199	-0.013	0.000
0.200	-5.000	0.198	-0.050	0.000
0.200	-5.000	0.199	-0.013	0.000
0.200	-5.000	0.199	-0.013	0.000
0.200	-5.000	0.199	-0.013	0.000
0.200	-5.000	0.198	-0.050	0.000
0.200	-5.000	0.199	-0.013	0.000
0.200	-5.000	0.197	-0.087	0.000
0.200	-5.000	0.199	-0.013	0.000
0.200	-5.000	0.199	-0.013	0.000
0.200	-5.000	0.199	-0.013	0.000
0.200	-5.000	0.198	-0.050	0.000
0.200	-5.000	0.199	-0.013	0.000
0.200	-5.000	0.199	-0.013	0.000
0.200	-5.000	0.199	-0.013	0.000
0.200	-5.000	0.199	-0.013	0.000
0.200	-5.000	0.199	-0.013	0.000
0.200	-5.000	0.199	-0.013	0.000
0.200	-5.000	0.198	-0.050	0.000
0.200	-5.000	0.199	-0.013	0.000
0.200	-5.000	0.198	-0.050	0.000
0.200	-5.000	0.199	-0.013	0.000
0.200	-5.000	0.199	-0.013	0.000
0.200	-5.000	0.199	-0.013	0.000
0.200	-5.000	0.198	-0.050	0.000
0.200	-5.000	0.199	-0.013	0.000
0.200	-5.000	0.198	-0.050	0.000
0.200	-5.000	0.199	-0.013	0.000
0.200	-5.000	0.198	-0.050	0.000
0.200	-5.000	0.201	0.024	0.000
0.200	-5.000	0.199	-0.013	0.000
0.200	-5.000	0.199	-0.013	0.000
0.200	-5.000	0.199	-0.013	0.000
0.200	-5.000	0.199	-0.013	0.000
0.200	-5.000	0.198	-0.050	0.000
0.200	-5.000	0.198	-0.050	0.000
0.200	-5.000	0.198	-0.050	0.000
0.200	-5.000	0.199	-0.013	0.000
0.200	-5.000	0.198	-0.050	0.000
0.200	-5.000	0.199	-0.013	0.000
0.200	-5.000	0.199	-0.013	0.000
0.200	-5.000	0.199	-0.013	0.000
0.200	-5.000	0.199	-0.013	0.000
0.200	-5.000	0.199	-0.013	0.000
0.200	-5.000	0.198	-0.050	0.000
0.200	-5.000	0.199	-0.013	0.000
0.200	-5.000	0.198	-0.050	0.000
0.200	-5.000	0.199	-0.013	0.000
0.200	-5.000	0.199	-0.013	0.000
0.200	-5.000	0.199	-0.013	0.000
0.200	-5.000	0.198	-0.050	0.000
0.200	-5.000	0.199	-0.013	0.000
0.200	-5.000	0.199	-0.013	0.000
0.200	-5.000	0.199	-0.013	0.000
0.200	-5.000	0.199	-0.013	0.000
0.200	-5.000	0.199	-0.013	0.000
0.200	-5.000	0.201	0.024	0.000
0.200	-5.000	0.198	-0.050	0.000
0.200	-5.000	0.199	-0.013	0.000
0.200	-5.000	0.198	-0.050	0.000
0.200	-5.000	0.199	-0.013	0.000
0.200	-5.000	0.198	-0.050	0.000
0.200	-5.000	0.198	-0.050	0.000
0.200	-5.000	0.198	-0.050	0.000
0.200	-5.000	0.199	-0.013	0.000
0.200	-5.000	0.197	-0.087	0.000
0.200	-5.000	0.199	-0.013	0.000
0.200	-5.000	0.199	-0.013	0.000
0.200	-5.000	0.199	-0.013	0.000
0.200	-5.000	0.199	-0.013	0.000
0.200	-5.000	0.201	0.024	0.000
0.200	-5.000	0.198	-0.050	0.000
0.200	-5.000	0.199	-0.013	0.000
0.200	-5.000	0.199	-0.013	0.000
0.200	-5.000	0.199	-0.013	0.000
0.200	-5.000	0.199	-0.013	0.000
0.200	-5.000	0.201	0.024	0.000
0.200	-5.000	0.199	-0.013	0.000
0.200	-5.000	0.199	-0.013	0.000
0.200	-5.000	0.199	-0.013	0.000
0.200	-5.000	0.201	0.024	0.000
0.200	-5.000	0.201	0.024	0.000
0.200	-5.000	0.199	-0.013	0.000
0.200	-5.000	0.198	-0.050	0.000
0.200	-5.000	0.199	-0.013	0.000
0.200	-5.000	0.199	-0.013	0.000
0.200	-5.000	0.198	-0.050	0.000
0.200	-5.000	0.198	-0.050	0.000
0.200	-5.000	0.199	-0.013	0.000
0.200	-5.000	0.199	-0.013	0.000
0.200	-5.000	0.199	-0.013	0.000
0.200	-5.000	0.198	-0.050	0.000
0.200	-5.000	0.199	-0.013	0.000
0.200	-5.000	0.199	-0.013	0.000
0.200	-5.000	0.199	-0.013	0.000
0.200	-5.000	0.199	-0.013	0.000
0.200	-5.000	0.197	-0.087	0.000
0.200	-5.000	0.199	-0.013	0.000
0.200	-5.000	0.199	-0.013	0.000
0.200	-5.000	0.199	-0.013	0.000
0.200	-5.000	0.201	0.024	0.000
0.200	-5.000	0.198	-0.050	0.000
0.200	-5.000	0.199	-0.013	0.000
0.200	-5.000	0.199	-0.013	0.000
0.200	-5.000	0.198	-0.050	0.000
0.200	-5.000	0.199	-0.013	0.000
0.200	-5.000	0.198	-0.050	0.000
0.200	-5.000	0.199	-0.013	0.000
0.200	-5.000	0.198	-0.050	0.000
0.200	-5.000	0.199	-0.013	0.000
0.200	-5.000	0.199	-0.013	0.000
0.200	-5.000	0.199	-0.013	0.000
0.200	-5.000	0.199	-0.013	0.000
0.200	-5.000	0.201	0.024	0.000
0.200	-5.000	0.199	-0.013	0.000
0.200	-5.000	0.198	-0.050	0.000
0.200	-5.000	0.199	-0.013	0.000
0.200	-5.000	0.199	-0.013	0.000
0.200	-5.000	0.199	-0.013	0.000
0.200	-5.000	0.198	-0.050	0.000
0.200	-5.000	0.199	-0.013	0.000
0.200	-5.000	0.199	-0.013	0.000
0.200	-5.000	0.201	0.024	0.000
0.200	-5.000	0.198	-0.050	0.000
0.200	-5.000	0.199	-0.013	0.000
0.200	-5.000	0.199	-0.013	0.000
0.200	-5.000	0.199	-0.013	0.000
0.200	-5.000	0.199	-0.013	0.000
0.200	-5.000	0.199	-0.013	0.000
0.200	-5.000	0.199	-0.013	0.000
0.200	-5.000	0.199	-0.013	0.000
0.200	-5.000	0.201	0.024	0.000
0.200	-5.000	0.199	-0.013	0.000
0.200	-5.000	0.199	-0.013	0.000
0.200	-5.000	0.199	-0.013	0.000
0.200	-5.000	0.198	-0.050	0.000
0.200	-5.000	0.198	-0.050	0.000
0.200	-5.000	0.198	-0.050	0.000
0.200	-5.000	0.198	-0.050	0.000
0.200	-5.000	0.199	-0.013	0.000
0.200	-5.000	0.198	-0.050	0.000
0.200	-5.000	0.198	-0.050	0.000
0.200	-5.000	0.198	-0.050	0.000
0.200	-5.000	0.199	-0.013	0.000
0.200	-5.000	0.201	0.024	0.000
0.200	-5.000	0.198	-0.050	0.000
0.200	-5.000	0.199	-0.013	0.000
0.200	-5.000	0.199	-0.013	0.000
0.200	-5.000	0.199	-0.013	0.000
0.200	-5.000	0.199	-0.013	0.000
0.200	-5.000	0.199	-0.013	0.000
0.200	-5.000	0.199	-0.013	0.000
0.200	-5.000	0.198	-0.050	0.000
0.200	-5.000	0.199	-0.013	0.000
0.200	-5.000	0.201	0.024	0.000
0.200	-5.000	0.198	-0.050	0.000
0.200	-5.000	0.199	-0.013	0.000
0.200	-5.000	0.199	-0.013	0.000
0.200	-5.000	0.198	-0.050	0.000
0.200	-5.000	0.198	-0.050	0.000
0.200	-5.000	0.198	-0.050	0.000
0.200	-5.000	0.199	-0.013	0.000
0.200	-5.000	0.199	-0.013	0.000
0.200	-5.000	0.198	-0.050	0.000
0.200	-5.000	0.199	-0.013	0.000
0.200	-5.000	0.201	0.024	0.000
0.200	-5.000	0.199	-0.013	0.000
0.200	-5.000	0.198	-0.050	0.000
0.200	-5.000	0.198	-0.050	0.000
0.200	-5.000	0.199	-0.013	0.000
0.200	-5.000	0.201	0.024	0.000
0.200	-5.000	0.199	-0.013	0.000
0.200	-5.000	0.199	-0.013	0.000
0.200	-5.000	0.198	-0.050	0.000
0.200	-5.000	0.199	-0.013	0.000
0.200	-5.000	0.199	-0.013	0.000
0.200	-5.000	0.199	-0.013	0.000
0.200	-5.000	0.199	-0.013	0.000
0.200	-5.000	0.201	0.024	0.000
0.200	-5.000	0.199	-0.013	0.000
0.200	-5.000	0.199	-0.013	0.000
0.200	-5.000	0.199	-0.013	0.000
0.200	-5.000	0.199	-0.013	0.000
0.200	-5.000	0.199	-0.013	0.000
0.200	-5.000	0.199	-0.013	0.000
0.200	-5.000	0.199	-0.013	0.000
0.200	-5.000	0.199	-0.013	0.000
0.200	-5.000	0.199	-0.013	0.000
0.200	-5.000	0.199	-0.013	0.000
0.200	-5.000	0.198	-0.050	0.000
0.200	-5.000	0.198	-0.050	0.000
0.200	-5.000	0.198	-0.050	0.000
0.200	-5.000	0.198	-0.050	0.000
0.200	-5.000	0.199	-0.013	0.000
0.200	-5.000	0.199	-0.013	0.000
0.200	-5.000	0.201	0.024	0.000
0.200	-5.000	0.198	-0.050	0.000
0.200	-5.000	0.198	-0.050	0.000
0.200	-5.000	0.199	-0.013	0.000
0.200	-5.000	0.201	0.024	0.000
0.200	-5.000	0.199	-0.013	0.000
0.200	-5.000	0.199	-0.013	0.000
0.200	-5.000	0.199	-0.013	0.000
0.200	-5.000	0.199	-0.013	0.000
0.200	-5.000	0.198	-0.050	0.000
0.200	-5.000	0.198	-0.050	0.000
0.200	-5.000	0.198	-0.050	0.000
0.200	-5.000	0.199	-0.013	0.000
0.200	-5.000	0.201	0.024	0.000
0.200	-5.000	0.199	-0.013	0.000
0.200	-5.000	0.198	-0.050	0.000
0.200	-5.000	0.199	-0.013	0.000
0.200	-5.000	0.199	-0.013	0.000
0.200	-5.000	0.199	-0.013	0.000
0.200	-5.000	0.199	-0.013	0.000
0.200	-5.000	0.199	-0.013	0.000
0.200	-5.000	0.198	-0.050	0.000
0.200	-5.000	0.198	-0.050	0.000
0.200	-5.000	0.199	-0.013	0.000
0.200	-5.000	0.199	-0.013	0.000
0.200	-5.000	0.199	-0.013	0.000
0.200	-5.000	0.199	-0.013	0.000
0.200	-5.000	0.201	0.024	0.000
0.200	-5.000	0.199	-0.013	0.000
0.200	-5.000	0.198	-0.050	0.000
0.200	-5.000	0.199	-0.013	0.000
0.200	-5.000	0.201	0.024	0.000
0.200	-5.000	0.199	-0.013	0.000
0.200	-5.000	0.199	-0.013	0.000
0.200	-5.000	0.198	-0.050	0.000
0.200	-5.000	0.198	-0.050	0.000
0.200	-5.000	0.199	-0.013	0.000
0.200	-5.000	0.198	-0.050	0.000
0.200	-5.000	0.199	-0.013	0.000
0.200	-5.000	0.199	-0.013	0.000
0.200	-5.000	0.199	-0.013	0.000
0.200	-5.000	0.201	0.024	0.000
0.200	-5.000	0.199	-0.013	0.000
0.200	-5.000	0.199	-0.013	0.000
0.200	-5.000	0.198	-0.050	0.000
0.200	-5.000	0.199	-0.013	0.000
0.200	-5.000	0.201	0.024	0.000
0.200	-5.000	0.199	-0.013	0.000
0.200	-5.000	0.199	-0.013	0.000
0.200	-5.000	0.201	0.024	0.000
0.200	-5.000	0.201	0.024	0.000
0.200	-5.000	0.199	-0.013	0.000
0.200	-5.000	0.199	-0.013	0.000
0.200	-5.000	0.199	-0.013	0.000
0.200	-5.000	0.199	-0.013	0.000
0.200	-5.000	0.199	-0.013	0.000
0.200	-5.000	0.199	-0.013	0.000
0.200	-5.000	0.199	-0.013	0.000
0.200	-5.000	0.197	-0.087	0.000
0.200	-5.000	0.199	-0.013	0.000
0.200	-5.000	0.199	-0.013	0.000
0.200	-5.000	0.198	-0.050	0.000
0.200	-5.000	0.199	-0.013	0.000
0.200	-5.000	0.199	-0.013	0.000
0.200	-5.000	0.199	-0.013	0.000
0.200	-5.000	0.199	-0.013	0.000
0.200	-5.000	0.201	0.024	0.000
0.200	-5.000	0.201	0.024	0.000
0.200	-5.000	0.199	-0.013	0.000
0.200	-5.000	0.199	-0.013	0.000
0.200	-5.000	0.199	-0.013	0.000
0.200	-5.000	0.201	0.024	0.000
0.200	-5.000	0.199	-0.013	0.000
0.200	-5.000	0.199	-0.013	0.000
0.200	-5.000	0.199	-0.013	0.000
0.200	-5.000	0.199	-0.013	0.000
0.200	-5.000	0.198	-0.050	0.000
0.200	-5.000	0.199	-0.013	0.000
0.200	-5.000	0.201	0.024	0.000
0.200	-5.000	0.199	-0.013	0.000
0.200	-5.000	0.198	-0.050	0.000
0.200	-5.000	0.199	-0.013	0.000
0.200	-5.000	0.199	-0.013	0.000
0.200	-5.000	0.199	-0.013	0.000
0.200	-5.000	0.199	-0.013	0.000
0.200	-5.000	0.198	-0.050	0.000
0.200	-5.000	0.199	-0.013	0.000
0.200	-5.000	0.199	-0.013	0.000
0.200	-5.000	0.199	-0.013	0.000
0.200	-5.000	0.199	-0.013	0.000
0.200	-5.000	0.199	-0.013	0.000
0.200	-5.000	0.198	-0.050	0.000
0.200	-5.000	0.201	0.024	0.000
0.200	-5.000	0.198	-0.050	0.000
0.200	-5.000	0.199	-0.013	0.000
0.200	-5.000	0.199	-0.013	0.000
0.200	-5.000	0.198	-0.050	0.000
0.200	-5.000	0.198	-0.050	0.000
0.200	-5.000	0.198	-0.050	0.000
0.200	-5.000	0.199	-0.013	0.000
0.200	-5.000	0.199	-0.013	0.000
0.200	-5.000	0.199	-0.013	0.000
0.200	-5.000	0.197	-0.087	0.000
0.200	-5.000	0.199	-0.013	0.000
0.200	-5.000	0.198	-0.050	0.000
0.200	-5.000	0.199	-0.013	0.000
0.200	-5.000	0.198	-0.050	0.000
0.200	-5.000	0.198	-0.050	0.000
0.200	-5.000	0.201	0.024	0.000
0.200	-5.000	0.199	-0.013	0.000
0.200	-5.000	0.199	-0.013	0.000
0.200	-5.000	0.199	-0.013	0.000
0.200	-5.000	0.198	-0.050	0.000
0.200	-5.000	0.198	-0.050	0.000
0.200	-5.000	0.198	-0.050	0.000
0.200	-5.000	0.201	0.024	0.000
0.200	-5.000	0.198	-0.050	0.000
0.200	-5.000	0.201	0.024	0.000
0.200	-5.000	0.199	-0.013	0.000
0.200	-5.000	0.199	-0.013	0.000
0.200	-5.000	0.198	-0.050	0.000
0.200	-5.000	0.199	-0.013	0.000
0.200	-5.000	0.201	0.024	0.000
0.200	-5.000	0.198	-0.050	0.000
0.200	-5.000	0.197	-0.087	0.000
0.200	-5.000	0.199	-0.013	0.000
0.200	-5.000	0.199	-0.013	0.000
0.200	-5.000	0.199	-0.013	0.000
0.200	-5.000	0.199	-0.013	0.000
0.200	-5.000	0.199	-0.013	0.000
0.200	-5.000	0.198	-0.050	0.000
0.200	-5.000	0.199	-0.013	0.000
0.200	-5.000	0.198	-0.050	0.000
0.200	-5.000	0.198	-0.050	0.000
0.200	-5.000	0.199	-0.013	0.000
0.200	-5.000	0.201	0.024	0.000
0.200	-5.000	0.199	-0.013	0.000
0.200	-5.000	0.198	-0.050	0.000
0.200	-5.000	0.199	-0.013	0.000
0.200	-5.000	0.201	0.024	0.000
0.200	-5.000	0.201	0.024	0.000
0.200	-5.000	0.199	-0.013	0.000
0.200	-5.000	0.198	-0.050	0.000
0.200	-5.000	0.198	-0.050	0.000
0.200	-5.000	0.199	-0.013	0.000
0.200	-5.000	0.199	-0.013	0.000
0.200	-5.000	0.201	0.024	0.000
0.200	-5.000	0.199	-0.013	0.000
0.200	-5.000	0.199	-0.013	0.000
0.200	-5.000	0.198	-0.050	0.000
0.200	-5.000	0.199	-0.013	0.000
0.200	-5.000	0.199	-0.013	0.000
0.200	-5.000	0.199	-0.013	0.000
0.200	-5.000	0.199	-0.013	0.000
0.200	-5.000	0.199	-0.013	0.000
0.200	-5.000	0.201	0.024	0.000
0.200	-5.000	0.198	-0.050	0.000
0.200	-5.000	0.199	-0.013	0.000
0.200	-5.000	0.199	-0.013	0.000
0.200	-5.000	0.199	-0.013	0.000
0.200	-5.000	0.199	-0.013	0.000
0.200	-5.000	0.199	-0.013	0.000
0.200	-5.000	0.199	-0.013	0.000
0.200	-5.000	0.201	0.024	0.000
0.200	-5.000	0.199	-0.013	0.000
0.200	-5.000	0.201	0.024	0.000
0.200	-5.000	0.199	-0.013	0.000
0.200	-5.000	0.198	-0.050	0.000
0.200	-5.000	0.199	-0.013	0.000
0.200	-5.000	0.199	-0.013	0.000
0.200	-5.000	0.198	-0.050	0.000
0.200	-5.000	0.199	-0.013	0.000
0.200	-5.000	0.199	-0.013	0.000
0.200	-5.000	0.201	0.024	0.000
0.200	-5.000	0.199	-0.013	0.000
0.200	-5.000	0.199	-0.013	0.000
0.200	-5.000	0.199	-0.013	0.000
0.200	-5.000	0.199	-0.013	0.000
0.200	-5.000	0.199	-0.013	0.000
0.200	-5.000	0.201	0.024	0.000
0.200	-5.000	0.201	0.024	0.000
0.200	-5.000	0.199	-0.013	0.000
0.200	-5.000	0.201	0.024	0.000
0.200	-5.000	0.197	-0.087	0.000
0.200	-5.000	0.199	-0.013	0.000
0.200	-5.000	0.199	-0.013	0.000
0.200	-5.000	0.199	-0.013	0.000
0.200	-5.000	0.199	-0.013	0.000
0.200	-5.000	0.199	-0.013	0.000
0.200	-5.000	0.201	0.024	0.000
0.200	-5.000	0.199	-0.013	0.000
0.200	-5.000	0.199	-0.013	0.000
0.200	-5.000	0.199	-0.013	0.000
0.200	-5.000	0.198	-0.050	0.000
0.200	-5.000	0.199	-0.013	0.000
0.200	-5.000	0.201	0.024	0.000
0.200	-5.000	0.201	0.024	0.000
0.200	-5.000	0.197	-0.087	0.000
0.200	-5.000	0.197	-0.087	0.000
0.200	-5.000	0.199	-0.013	0.000
0.200	-5.000	0.199	-0.013	0.000
0.200	-5.000	0.201	0.024	0.000
0.200	-5.000	0.199	-0.013	0.000
0.200	-5.000	0.198	-0.050	0.000
0.200	-5.000	0.199	-0.013	0.000
0.200	-5.000	0.199	-0.013	0.000
0.200	-5.000	0.198	-0.050	0.000
0.200	-5.000	0.199	-0.013	0.000
0.200	-5.000	0.198	-0.050	0.000
0.200	-5.000	0.198	-0.050	0.000
0.200	-5.000	0.199	-0.013	0.000
0.200	-5.000	0.198	-0.050	0.000
0.200	-5.000	0.198	-0.050	0.000
0.200	-5.000	0.199	-0.013	0.000
0.200	-5.000	0.198	-0.050	0.000
0.200	-5.000	0.198	-0.050	0.000
0.200	-5.000	0.199	-0.013	0.000
0.200	-5.000	0.199	-0.013	0.000
0.200	-5.000	0.198	-0.050	0.000
0.200	-5.000	0.199	-0.013	0.000
0.200	-5.000	0.201	0.024	0.000
0.200	-5.000	0.198	-0.050	0.000
0.200	-5.000	0.198	-0.050	0.000
0.200	-5.000	0.199	-0.013	0.000
0.200	-5.000	0.201	0.024	0.000
0.200	-5.000	0.199	-0.013	0.000
0.200	-5.000	0.199	-0.013	0.000
0.200	-5.000	0.201	0.024	0.000
0.200	-5.000	0.198	-0.050	0.000
0.200	-5.000	0.199	-0.013	0.000
0.200	-5.000	0.199	-0.013	0.000
0.200	-5.000	0.199	-0.013	0.000
0.200	-5.000	0.201	0.024	0.000
0.200	-5.000	0.201	0.024	0.000
0.200	-5.000	0.198	-0.050	0.000
0.200	-5.000	0.199	-0.013	0.000
0.200	-5.000	0.198	-0.050	0.000
0.200	-5.000	0.201	0.024	0.000
0.200	-5.000	0.199	-0.013	0.000
0.200	-5.000	0.199	-0.013	0.000
0.200	-5.000	0.201	0.024	0.000
0.200	-5.000	0.198	-0.050	0.000
0.200	-5.000	0.199	-0.013	0.000
0.200	-5.000	0.198	-0.050	0.000
0.200	-5.000	0.199	-0.013	0.000
0.200	-5.000	0.199	-0.013	0.000
0.200	-5.000	0.198	-0.050	0.000
0.200	-5.000	0.199	-0.013	0.000
0.200	-5.000	0.199	-0.013	0.000
0.200	-5.000	0.199	-0.013	0.000
0.200	-5.000	0.199	-0.013	0.000
0.200	-5.000	0.201	0.024	0.000
0.200	-5.000	0.199	-0.013	0.000
0.200	-5.000	0.198	-0.050	0.000
0.200	-5.000	0.199	-0.013	0.000
0.200	-5.000	0.199	-0.013	0.000
0.200	-5.000	0.199	-0.013	0.000
0.200	-5.000	0.199	-0.013	0.000
0.200	-5.000	0.199	-0.013	0.000
0.200	-5.000	0.199	-0.013	0.000
0.200	-5.000	0.199	-0.013	0.000
0.200	-5.000	0.201	0.024	0.000
0.200	-5.000	0.199	-0.013	0.000
0.200	-5.000	0.201	0.024	0.000
0.200	-5.000	0.198	-0.050	0.000
0.200	-5.000	0.198	-0.050	0.000
0.200	-5.000	0.199	-0.013	0.000
0.200	-5.000	0.199	-0.013	0.000
0.200	-5.000	0.198	-0.050	0.000
0.200	-5.000	0.199	-0.013	0.000
0.200	-5.000	0.201	0.024	0.000
0.200	-5.000	0.199	-0.013	0.000
0.200	-5.000	0.199	-0.013	0.000
0.200	-5.000	0.201	0.024	0.000
0.200	-5.000	0.201	0.024	0.000
0.200	-5.000	0.199	-0.013	0.000
0.200	-5.000	0.198	-0.050	0.000
0.200	-5.000	0.199	-0.013	0.000
0.200	-5.000	0.198	-0.050	0.000
0.200	-5.000	0.198	-0.050	0.000
0.200	-5.000	0.199	-0.013	0.000
0.200	-5.000	0.199	-0.013	0.000
0.200	-5.000	0.199	-0.013	0.000
0.200	-5.000	0.197	-0.087	0.000
0.200	-5.000	0.199	-0.013	0.000
0.200	-5.000	0.198	-0.050	0.000
0.200	-5.000	0.199	-0.013	0.000
0.200	-5.000	0.199	-0.013	0.000
0.200	-5.000	0.199	-0.013	0.000
0.200	-5.000	0.199	-0.013	0.000
0.200	-5.000	0.199	-0.013	0.000
0.200	-5.000	0.201	0.024	0.000
0.200	-5.000	0.199	-0.013	0.000
0.200	-5.000	0.198	-0.050	0.000
0.200	-5.000	0.198	-0.050	0.000
0.200	-5.000	0.199	-0.013	0.000
0.200	-5.000	0.199	-0.013	0.000
0.200	-5.000	0.199	-0.013	0.000
0.200	-5.000	0.201	0.024	0.000
0.200	-5.000	0.199	-0.013	0.000
0.200	-5.000	0.199	-0.013	0.000
0.200	-5.000	0.199	-0.013	0.000
0.200	-5.000	0.199	-0.013	0.000
0.200	-5.000	0.199	-0.013	0.000
0.200	-5.000	0.201	0.024	0.000
0.200	-5.000	0.199	-0.013	0.000
0.200	-5.000	0.198	-0.050	0.000
0.200	-5.000	0.199	-0.013	0.000
0.200	-5.000	0.199	-0.013	0.000
0.200	-5.000	0.198	-0.050	0.000
0.200	-5.000	0.199	-0.013	0.000
0.200	-5.000	0.199	-0.013	0.000
0.200	-5.000	0.199	-0.013	0.000
0.200	-5.000	0.199	-0.013	0.000
0.200	-5.000	0.199	-0.013	0.000
0.200	-5.000	0.199	-0.013	0.000
0.200	-5.000	0.199	-0.013	0.000
0.200	-5.000	0.198	-0.050	0.000
0.200	-5.000	0.199	-0.013	0.000
0.200	-5.000	0.199	-0.013	0.000
0.200	-5.000	0.199	-0.013	0.000
0.200	-5.000	0.199	-0.013	0.000
0.200	-5.000	0.198	-0.050	0.000
0.200	-5.000	0.197	-0.087	0.000
0.200	-5.000	0.199	-0.013	0.000
0.200	-5.000	0.199	-0.013	0.000
0.200	-5.000	0.201	0.024	0.000
0.200	-5.000	0.198	-0.050	0.000
0.200	-5.000	0.199	-0.013	0.000
0.200	-5.000	0.199	-0.013	0.000
0.200	-5.000	0.201	0.024	0.000
0.200	-5.000	0.201	0.024	0.000
0.200	-5.000	0.199	-0.013	0.000
0.200	-5.000	0.201	0.024	0.000
0.200	-5.000	0.198	-0.050	0.000
0.200	-5.000	0.199	-0.013	0.000
0.200	-5.000	0.199	-0.013	0.000
0.200	-5.000	0.199	-0.013	0.000
0.200	-5.000	0.199	-0.013	0.000
0.200	-5.000	0.199	-0.013	0.000
0.200	-5.000	0.199	-0.013	0.000
0.200	-5.000	0.199	-0.013	0.000
0.200	-5.000	0.199	-0.013	0.000
0.200	-5.000	0.199	-0.013	0.000
0.200	-5.000	0.198	-0.050	0.000
0.200	-5.000	0.198	-0.050	0.000
0.200	-5.000	0.199	-0.013	0.000
0.200	-5.000	0.199	-0.013	0.000
0.200	-5.000	0.199	-0.013	0.000
0.200	-5.000	0.199	-0.013	0.000
0.200	-5.000	0.199	-0.013	0.000
0.200	-5.000	0.197	-0.087	0.000
0.200	-5.000	0.201	0.024	0.000
0.200	-5.000	0.199	-0.013	0.000
0.200	-5.000	0.198	-0.050	0.000
0.200	-5.000	0.201	0.024	0.000
0.200	-5.000	0.201	0.024	0.000
0.200	-5.000	0.199	-0.013	0.000
0.200	-5.000	0.201	0.024	0.000
0.200	-5.000	0.199	-0.013	0.000
0.200	-5.000	0.199	-0.013	0.000
0.200	-5.000	0.201	0.024	0.000
0.200	-5.000	0.198	-0.050	0.000
0.200	-5.000	0.198	-0.050	0.000
0.200	-5.000	0.199	-0.013	0.000
0.200	-5.000	0.199	-0.013	0.000
0.200	-5.000	0.198	-0.050	0.000
0.200	-5.000	0.201	0.024	0.000
0.200	-5.000	0.198	-0.050	0.000
0.200	-5.000	0.199	-0.013	0.000
0.200	-5.000	0.198	-0.050	0.000
0.200	-5.000	0.201	0.024	0.000
0.200	-5.000	0.198	-0.050	0.000
0.200	-5.000	0.201	0.024	0.000
0.200	-5.000	0.198	-0.050	0.000
0.200	-5.000	0.199	-0.013	0.000
0.200	-5.000	0.197	-0.087	0.000
0.200	-5.000	0.199	-0.013	0.000
0.200	-5.000	0.198	-0.050	0.000
0.200	-5.000	0.201	0.024	0.000
0.200	-5.000	0.198	-0.050	0.000
0.200	-5.000	0.199	-0.013	0.000
0.200	-5.000	0.199	-0.013	0.000
0.200	-5.000	0.201	0.024	0.000
0.200	-5.000	0.199	-0.013	0.000
0.200	-5.000	0.199	-0.013	0.000
0.200	-5.000	0.199	-0.013	0.000
0.200	-5.000	0.199	-0.013	0.000
0.200	-5.000	0.199	-0.013	0.000
0.200	-5.000	0.199	-0.013	0.000
0.200	-5.000	0.198	-0.050	0.000
0.200	-5.000	0.201	0.024	0.000
0.200	-5.000	0.201	0.024	0.000
0.200	-5.000	0.198	-0.050	0.000
0.200	-5.000	0.198	-0.050	0.000
0.200	-5.000	0.199	-0.013	0.000
0.200	-5.000	0.199	-0.013	0.000
0.200	-5.000	0.201	0.024	0.000
0.200	-5.000	0.199	-0.013	0.000
0.200	-5.000	0.199	-0.013	0.000
0.200	-5.000	0.199	-0.013	0.000
0.200	-5.000	0.201	0.024	0.000
0.200	-5.000	0.198	-0.050	0.000
0.200	-5.000	0.199	-0.013	0.000
0.200	-5.000	0.199	-0.013	0.000
0.200	-5.000	0.199	-0.013	0.000
0.200	-5.000	0.199	-0.013	0.000
0.200	-5.000	0.199	-0.013	0.000
0.200	-5.000	0.201	0.024	0.000
0.200	-5.000	0.201	0.024	0.000
0.200	-5.000	0.199	-0.013	0.000
0.200	-5.000	0.199	-0.013	0.000
0.200	-5.000	0.199	-0.013	0.000
0.200	-5.000	0.199	-0.013	0.000
0.200	-5.000	0.199	-0.013	0.000
0.200	-5.000	0.199	-0.013	0.000
0.200	-5.000	0.199	-0.013	0.000
0.200	-5.000	0.199	-0.013	0.000
0.200	-5.000	0.199	-0.013	0.000
0.200	-5.000	0.199	-0.013	0.000
0.200	-5.000	0.198	-0.050	0.000
0.200	-5.000	0.201	0.024	0.000
0.200	-5.000	0.198	-0.050	0.000
0.200	-5.000	0.199	-0.013	0.000
0.200	-5.000	0.199	-0.013	0.000
0.200	-5.000	0.201	0.024	0.000
0.200	-5.000	0.199	-0.013	0.000
0.200	-5.000	0.198	-0.050	0.000
0.200	-5.000	0.201	0.024	0.000
0.200	-5.000	0.199	-0.013	0.000
0.200	-5.000	0.199	-0.013	0.000
0.200	-5.000	0.201	0.024	0.000
0.200	-5.000	0.199	-0.013	0.000
0.200	-5.000	0.198	-0.050	0.000
0.200	-5.000	0.198	-0.050	0.000
0.200	-5.000	0.201	0.024	0.000
0.200	-5.000	0.199	-0.013	0.000
0.200	-5.000	0.199	-0.013	0.000
0.200	-5.000	0.201	0.024	0.000
0.200	-5.000	0.199	-0.013	0.000
0.200	-5.000	0.199	-0.013	0.000
0.200	-5.000	0.199	-0.013	0.000
0.200	-5.000	0.201	0.024	0.000
0.200	-5.000	0.199	-0.013	0.000
0.200	-5.000	0.199	-0.013	0.000
0.200	-5.000	0.201	0.024	0.000
0.200	-5.000	0.199	-0.013	0.000
0.200	-5.000	0.199	-0.013	0.000
0.200	-5.000	0.199	-0.013	0.000
0.200	-5.000	0.199	-0.013	0.000
0.200	-5.000	0.201	0.024	0.000
0.200	-5.000	0.201	0.024	0.000
0.200	-5.000	0.201	0.024	0.000
0.200	-5.000	0.199	-0.013	0.000
0.200	-5.000	0.198	-0.050	0.000
0.200	-5.000	0.201	0.024	0.000
0.200	-5.000	0.199	-0.013	0.000
0.200	-5.000	0.201	0.024	0.000
0.200	-5.000	0.201	0.024	0.000
0.200	-5.000	0.198	-0.050	0.000
0.200	-5.000	0.199	-0.013	0.000
0.200	-5.000	0.199	-0.013	0.000
0.200	-5.000	0.201	0.024	0.000
0.200	-5.000	0.201	0.024	0.000
0.200	-5.000	0.198	-0.050	0.000
0.200	-5.000	0.198	-0.050	0.000
0.200	-5.000	0.199	-0.013	0.000
0.200	-5.000	0.198	-0.050	0.000
0.200	-5.000	0.198	-0.050	0.000
0.200	-5.000	0.197	-0.087	0.000
0.200	-5.000	0.198	-0.050	0.000
0.200	-5.000	0.198	-0.050	0.000
0.200	-5.000	0.199	-0.013	0.000
0.200	-5.000	0.199	-0.013	0.000
0.200	-5.000	0.199	-0.013	0.000
0.200	-5.000	0.199	-0.013	0.000
0.200	-5.000	0.199	-0.013	0.000
0.200	-5.000	0.199	-0.013	0.000
0.200	-5.000	0.199	-0.013	0.000
0.200	-5.000	0.199	-0.013	0.000
0.200	-5.000	0.201	0.024	0.000
0.200	-5.000	0.201	0.024	0.000
0.200	-5.000	0.199	-0.013	0.000
0.200	-5.000	0.199	-0.013	0.000
0.200	-5.000	0.199	-0.013	0.000
0.200	-5.000	0.199	-0.013	0.000
0.200	-5.000	0.199	-0.013	0.000
0.200	-5.000	0.199	-0.013	0.000
0.200	-5.000	0.198	-0.050	0.000
0.200	-5.000	0.199	-0.013	0.000
0.200	-5.000	0.198	-0.050	0.000
0.200	-5.000	0.199	-0.013	0.000
0.200	-5.000	0.199	-0.013	0.000
0.200	-5.000	0.201	0.024	0.000
0.200	-5.000	0.199	-0.013	0.000
0.200	-5.000	0.199	-0.013	0.000
0.200	-5.000	0.199	-0.013	0.000
0.200	-5.000	0.199	-0.013	0.000
0.200	-5.000	0.199	-0.013	0.000
0.200	-5.000	0.199	-0.013	0.000
0.200	-5.000	0.198	-0.050	0.000
0.200	-5.000	0.199	-0.013	0.000
0.200	-5.000	0.199	-0.013	0.000
0.200	-5.000	0.199	-0.013	0.000
0.200	-5.000	0.199	-0.013	0.000
0.200	-5.000	0.199	-0.013	0.000
0.200	-5.000	0.201	0.024	0.000
0.200	-5.000	0.201	0.024	0.000
0.200	-5.000	0.199	-0.013	0.000
0.200	-5.000	0.199	-0.013	0.000
0.200	-5.000	0.201	0.024	0.000
0.200	-5.000	0.199	-0.013	0.000
0.200	-5.000	0.199	-0.013	0.000
0.200	-5.000	0.199	-0.013	0.000
0.200	-5.000	0.199	-0.013	0.000
0.200	-5.000	0.199	-0.013	0.000
0.200	-5.000	0.201	0.024	0.000
0.200	-5.000	0.199	-0.013	0.000
0.200	-5.000	0.201	0.024	0.000
0.200	-5.000	0.198	-0.050	0.000
0.200	-5.000	0.199	-0.013	0.000
0.200	-5.000	0.201	0.024	0.000
0.200	-5.000	0.199	-0.013	0.000
0.200	-5.000	0.199	-0.013	0.000
0.200	-5.000	0.201	0.024	0.000
0.200	-5.000	0.199	-0.013	0.000
0.200	-5.000	0.199	-0.013	0.000
0.200	-5.000	0.201	0.024	0.000
0.200	-5.000	0.199	-0.013	0.000
0.200	-5.000	0.201	0.024	0.000
0.200	-5.000	0.199	-0.013	0.000
0.200	-5.000	0.201	0.024	0.000
0.200	-5.000	0.199	-0.013	0.000
0.200	-5.000	0.199	-0.013	0.000
0.200	-5.000	0.201	0.024	0.000
0.200	-5.000	0.199	-0.013	0.000
0.200	-5.000	0.199	-0.013	0.000
0.200	-5.000	0.201	0.024	0.000
0.200	-5.000	0.199	-0.013	0.000
0.200	-5.000	0.198	-0.050	0.000
0.200	-5.000	0.199	-0.013	0.000
0.200	-5.000	0.199	-0.013	0.000
0.200	-5.000	0.199	-0.013	0.000
0.200	-5.000	0.198	-0.050	0.000
0.200	-5.000	0.201	0.024	0.000
0.200	-5.000	0.199	-0.013	0.000
0.200	-5.000	0.199	-0.013	0.000
0.200	-5.000	0.199	-0.013	0.000
0.200	-5.000	0.201	0.024	0.000
0.200	-5.000	0.201	0.024	0.000
0.200	-5.000	0.199	-0.013	0.000
0.200	-5.000	0.199	-0.013	0.000
0.200	-5.000	0.199	-0.013	0.000
0.200	-5.000	0.199	-0.013	0.000
0.200	-5.000	0.201	0.024	0.000
0.200	-5.000	0.199	-0.013	0.000
0.200	-5.000	0.201	0.024	0.000
0.200	-5.000	0.198	-0.050	0.000
0.200	-5.000	0.199	-0.013	0.000
0.200	-5.000	0.199	-0.013	0.000
0.200	-5.000	0.202	0.061	0.000
0.200	-5.000	0.198	-0.050	0.000
0.200	-5.000	0.199	-0.013	0.000
0.200	-5.000	0.201	0.024	0.000
0.200	-5.000	0.199	-0.013	0.000
0.200	-5.000	0.199	-0.013	0.000
0.200	-5.000	0.201	0.024	0.000
0.200	-5.000	0.201	0.024	0.000
0.200	-5.000	0.198	-0.050	0.000
0.200	-5.000	0.199	-0.013	0.000
0.200	-5.000	0.201	0.024	0.000
0.200	-5.000	0.199	-0.013	0.000
0.200	-5.000	0.201	0.024	0.000
0.200	-5.000	0.199	-0.013	0.000
0.200	-5.000	0.199	-0.013	0.000
0.200	-5.000	0.199	-0.013	0.000
0.200	-5.000	0.199	-0.013	0.000
0.200	-5.000	0.199	-0.013	0.000
0.200	-5.000	0.201	0.024	0.000
0.200	-5.000	0.198	-0.050	0.000
0.200	-5.000	0.201	0.024	0.000
0.200	-5.000	0.201	0.024	0.000
0.200	-5.000	0.199	-0.013	0.000
0.200	-5.000	0.198	-0.050	0.000
0.200	-5.000	0.201	0.024	0.000
0.200	-5.000	0.198	-0.050	0.000
0.200	-5.000	0.199	-0.013	0.000
0.200	-5.000	0.199	-0.013	0.000
0.200	-5.000	0.199	-0.013	0.000
0.200	-5.000	0.201	0.024	0.000
0.200	-5.000	0.201	0.024	0.000
0.200	-5.000	0.202	0.061	0.000
0.200	-5.000	0.198	-0.050	0.000
0.200	-5.000	0.197	-0.087	0.000
0.200	-5.000	0.199	-0.013	0.000
0.200	-5.000	0.201	0.024	0.000
0.200	-5.000	0.199	-0.013	0.000
0.200	-5.000	0.201	0.024	0.000
0.200	-5.000	0.201	0.024	0.000
0.200	-5.000	0.199	-0.013	0.000
0.200	-5.000	0.198	-0.050	0.000
0.200	-5.000	0.201	0.024	0.000
0.200	-5.000	0.199	-0.013	0.000
0.200	-5.000	0.198	-0.050	0.000
0.200	-5.000	0.199	-0.013	0.000
0.200	-5.000	0.199	-0.013	0.000
0.200	-5.000	0.199	-0.013	0.000
0.200	-5.000	0.201	0.024	0.000
0.200	-5.000	0.199	-0.013	0.000
0.200	-5.000	0.199	-0.013	0.000
0.200	-5.000	0.199	-0.013	0.000
0.200	-5.000	0.198	-0.050	0.000
0.200	-5.000	0.201	0.024	0.000
0.200	-5.000	0.199	-0.013	0.000
0.200	-5.000	0.199	-0.013	0.000
0.200	-5.000	0.198	-0.050	0.000
0.200	-5.000	0.201	0.024	0.000
0.200	-5.000	0.201	0.024	0.000
0.200	-5.000	0.201	0.024	0.000
0.200	-5.000	0.201	0.024	0.000
0.200	-5.000	0.199	-0.013	0.000
0.200	-5.000	0.201	0.024	0.000
0.200	-5.000	0.201	0.024	0.000
0.200	-5.000	0.201	0.024	0.000
0.200	-5.000	0.199	-0.013	0.000
0.200	-5.000	0.201	0.024	0.000
0.200	-5.000	0.199	-0.013	0.000
0.200	-5.000	0.201	0.024	0.000
0.200	-5.000	0.199	-0.013	0.000
0.200	-5.000	0.201	0.024	0.000
0.200	-5.000	0.199	-0.013	0.000
0.200	-5.000	0.198	-0.050	0.000
0.200	-5.000	0.198	-0.050	0.000
0.200	-5.000	0.199	-0.013	0.000
0.200	-5.000	0.199	-0.013	0.000
0.200	-5.000	0.199	-0.013	0.000
0.200	-5.000	0.199	-0.013	0.000
0.200	-5.000	0.199	-0.013	0.000
0.200	-5.000	0.199	-0.013	0.000
0.200	-5.000	0.201	0.024	0.000
0.200	-5.000	0.201	0.024	0.000
0.200	-5.000	0.199	-0.013	0.000
0.200	-5.000	0.198	-0.050	0.000
0.200	-5.000	0.201	0.024	0.000
0.200	-5.000	0.199	-0.013	0.000
0.200	-5.000	0.201	0.024	0.000
0.200	-5.000	0.199	-0.013	0.000
0.200	-5.000	0.201	0.024	0.000
0.200	-5.000	0.199	-0.013	0.000
0.200	-5.000	0.199	-0.013	0.000
0.200	-5.000	0.201	0.024	0.000
0.200	-5.000	0.199	-0.013	0.000
0.200	-5.000	0.201	0.024	0.000
0.200	-5.000	0.199	-0.013	0.000
0.200	-5.000	0.201	0.024	0.000
0.200	-5.000	0.199	-0.013	0.000
0.200	-5.000	0.199	-0.013	0.000
0.200	-5.000	0.201	0.024	0.000
0.200	-5.000	0.201	0.024	0.000
0.200	-5.000	0.199	-0.013	0.000
0.200	-5.000	0.199	-0.013	0.000
0.200	-5.000	0.198	-0.050	0.000
0.200	-5.000	0.199	-0.013	0.000
0.200	-5.000	0.199	-0.013	0.000
0.200	-5.000	0.199	-0.013	0.000
0.200	-5.000	0.199	-0.013	0.000
0.200	-5.000	0.198	-0.050	0.000
0.200	-5.000	0.199	-0.013	0.000
0.200	-5.000	0.199	-0.013	0.000
0.200	-5.000	0.201	0.024	0.000
0.200	-5.000	0.199	-0.013	0.000
0.200	-5.000	0.201	0.024	0.000
0.200	-5.000	0.199	-0.013	0.000
0.200	-5.000	0.199	-0.013	0.000
0.200	-5.000	0.199	-0.013	0.000
0.200	-5.000	0.199	-0.013	0.000
0.200	-5.000	0.201	0.024	0.000
0.200	-5.000	0.199	-0.013	0.000
0.200	-5.000	0.201	0.024	0.000
0.200	-5.000	0.201	0.024	0.000
0.200	-5.000	0.202	0.061	0.000
0.200	-5.000	0.198	-0.050	0.000
0.200	-5.000	0.198	-0.050	0.000
0.200	-5.000	0.198	-0.050	0.000
0.200	-5.000	0.199	-0.013	0.000
0.200	-5.000	0.199	-0.013	0.000
0.200	-5.000	0.199	-0.013	0.000
0.200	-5.000	0.199	-0.013	0.000
0.200	-5.000	0.199	-0.013	0.000
0.200	-5.000	0.198	-0.050	0.000
0.200	-5.000	0.199	-0.013	0.000
0.200	-5.000	0.199	-0.013	0.000
0.200	-5.000	0.201	0.024	0.000
0.200	-5.000	0.199	-0.013	0.000
0.200	-5.000	0.198	-0.050	0.000
0.200	-5.000	0.201	0.024	0.000
0.200	-5.000	0.198	-0.050	0.000
0.200	-5.000	0.198	-0.050	0.000
0.200	-5.000	0.199	-0.013	0.000
0.200	-5.000	0.199	-0.013	0.000
0.200	-5.000	0.199	-0.013	0.000
0.200	-5.000	0.201	0.024	0.000
0.200	-5.000	0.201	0.024	0.000
0.200	-5.000	0.201	0.024	0.000
0.200	-5.000	0.199	-0.013	0.000
0.200	-5.000	0.201	0.024	0.000
0.200	-5.000	0.201	0.024	0.000
0.200	-5.000	0.199	-0.013	0.000
0.200	-5.000	0.199	-0.013	0.000
0.200	-5.000	0.199	-0.013	0.000
0.200	-5.000	0.199	-0.013	0.000
0.200	-5.000	0.199	-0.013	0.000
0.200	-5.000	0.199	-0.013	0.000
0.200	-5.000	0.199	-0.013	0.000
0.200	-5.000	0.201	0.024	0.000
0.200	-5.000	0.199	-0.013	0.000
0.200	-5.000	0.199	-0.013	0.000
0.200	-5.000	0.199	-0.013	0.000
0.200	-5.000	0.198	-0.050	0.000
0.200	-5.000	0.201	0.024	0.000
0.200	-5.000	0.202	0.061	0.000
0.200	-5.000	0.199	-0.013	0.000
0.200	-5.000	0.201	0.024	0.000
0.200	-5.000	0.199	-0.013	0.000
0.200	-5.000	0.199	-0.013	0.000
0.200	-5.000	0.202	0.061	0.000
0.200	-5.000	0.199	-0.013	0.000
0.200	-5.000	0.201	0.024	0.000
0.200	-5.000	0.201	0.024	0.000
0.200	-5.000	0.201	0.024	0.000
0.200	-5.000	0.199	-0.013	0.000
0.200	-5.000	0.201	0.024	0.000
0.200	-5.000	0.199	-0.013	0.000
0.200	-5.000	0.201	0.024	0.000
0.200	-5.000	0.199	-0.013	0.000
0.200	-5.000	0.198	-0.050	0.000
0.200	-5.000	0.199	-0.013	0.000
0.200	-5.000	0.201	0.024	0.000
0.200	-5.000	0.199	-0.013	0.000
0.200	-5.000	0.199	-0.013	0.000
0.200	-5.000	0.201	0.024	0.000
0.200	-5.000	0.199	-0.013	0.000
0.200	-5.000	0.199	-0.013	0.000
0.200	-5.000	0.199	-0.013	0.000
0.200	-5.000	0.199	-0.013	0.000
0.200	-5.000	0.199	-0.013	0.000
0.200	-5.000	0.199	-0.013	0.000
0.200	-5.000	0.199	-0.013	0.000
0.200	-5.000	0.201	0.024	0.000
0.200	-5.000	0.199	-0.013	0.000
0.200	-5.000	0.201	0.024	0.000
0.200	-5.000	0.201	0.024	0.000
0.200	-5.000	0.199	-0.013	0.000
0.200	-5.000	0.201	0.024	0.000
0.200	-5.000	0.202	0.061	0.000
0.200	-5.000	0.199	-0.013	0.000
0.200	-5.000	0.198	-0.050	0.000
0.200	-5.000	0.199	-0.013	0.000
0.200	-5.000	0.201	0.024	0.000
0.200	-5.000	0.201	0.024	0.000
0.200	-5.000	0.201	0.024	0.000
0.200	-5.000	0.201	0.024	0.000
0.200	-5.000	0.202	0.061	0.000
0.200	-5.000	0.201	0.024	0.000
0.200	-5.000	0.199	-0.013	0.000
0.200	-5.000	0.201	0.024	0.000
0.200	-5.000	0.199	-0.013	0.000
0.200	-5.000	0.201	0.024	0.000
0.200	-5.000	0.201	0.024	0.000
0.200	-5.000	0.199	-0.013	0.000
0.200	-5.000	0.199	-0.013	0.000
0.200	-5.000	0.199	-0.013	0.000
0.200	-5.000	0.201	0.024	0.000
0.200	-5.000	0.201	0.024	0.000
0.200	-5.000	0.199	-0.013	0.000
0.200	-5.000	0.198	-0.050	0.000
0.200	-5.000	0.198	-0.050	0.000
0.200	-5.000	0.199	-0.013	0.000
0.200	-5.000	0.201	0.024	0.000
0.200	-5.000	0.199	-0.013	0.000
0.200	-5.000	0.199	-0.013	0.000
0.200	-5.000	0.199	-0.013	0.000
0.200	-5.000	0.199	-0.013	0.000
0.200	-5.000	0.199	-0.013	0.000
0.200	-5.000	0.199	-0.013	0.000
0.200	-5.000	0.199	-0.013	0.000
0.200	-5.000	0.199	-0.013	0.000
0.200	-5.000	0.201	0.024	0.000
0.200	-5.000	0.201	0.024	0.000
0.200	-5.000	0.199	-0.013	0.000
0.200	-5.000	0.199	-0.013	0.000
0.200	-5.000	0.201	0.024	0.000
0.200	-5.000	0.201	0.024	0.000
0.200	-5.000	0.199	-0.013	0.000
0.200	-5.000	0.199	-0.013	0.000
0.200	-5.000	0.199	-0.013	0.000
0.200	-5.000	0.198	-0.050	0.000
0.200	-5.000	0.199	-0.013	0.000
0.200	-5.000	0.199	-0.013	0.000
0.200	-5.000	0.199	-0.013	0.000
0.200	-5.000	0.199	-0.013	0.000
0.200	-5.000	0.199	-0.013	0.000
0.200	-5.000	0.199	-0.013	0.000
0.200	-5.000	0.201	0.024	0.000
0.200	-5.000	0.201	0.024	0.000
0.200	-5.000	0.201	0.024	0.000
0.200	-5.000	0.201	0.024	0.000
0.200	-5.000	0.199	-0.013	0.000
0.200	-5.000	0.199	-0.013	0.000
0.200	-5.000	0.199	-0.013	0.000
