ref	v	theta	v	ball
0.100	-5.000	-0.005	0.000	0.000
0.100	-5.000	-0.002	0.000	0.000
0.100	-5.000	-0.002	0.000	0.000
0.100	-5.000	-0.002	-3.048	0.000
0.100	-5.000	-0.003	-3.092	0.000
0.100	-5.000	-0.005	-3.136	0.000
0.100	-5.000	-0.005	-3.136	0.000
0.100	-5.000	-0.003	-3.092	0.000
0.100	-5.000	-0.002	-3.048	0.000
0.100	-5.000	-0.002	-3.048	0.000
0.100	-5.000	-0.000	-3.003	0.000
0.100	-5.000	0.001	-2.959	0.000
0.100	-5.000	0.004	-2.870	0.000
0.100	-5.000	0.004	-2.870	0.000
0.100	-5.000	0.007	-2.782	0.000
0.100	-5.000	0.009	-2.737	0.000
0.100	-5.000	0.012	-2.649	0.000
0.100	-5.000	0.013	-2.604	0.000
0.100	-5.000	0.016	-2.515	0.000
0.100	-5.000	0.018	-2.471	0.000
0.100	-5.000	0.021	-2.382	0.000
0.100	-5.000	0.022	-2.338	0.000
0.100	-5.000	0.026	-2.205	0.000
0.100	-5.000	0.031	-2.072	0.000
0.100	-5.000	0.031	-2.072	0.000
0.100	-5.000	0.034	-1.983	0.000
0.100	-5.000	0.037	-1.895	0.000
0.100	-5.000	0.041	-1.761	0.000
0.100	-5.000	0.043	-1.717	0.000
0.100	-5.000	0.047	-1.584	0.000
0.100	-5.000	0.050	-1.495	0.000
0.100	-5.000	0.053	-1.407	0.000
0.100	-5.000	0.055	-1.362	0.000
0.100	-5.000	0.058	-1.274	0.000
0.100	-5.000	0.061	-1.185	0.000
0.100	-5.000	0.062	-1.141	0.000
0.100	-5.000	0.066	-1.008	0.000
0.100	-5.000	0.066	-1.008	0.000
0.100	-5.000	0.071	-0.874	0.000
0.100	-5.000	0.075	-0.741	0.000
0.100	-5.000	0.077	-0.697	0.000
0.100	-5.000	0.078	-0.653	0.000
0.100	-5.000	0.081	-0.564	0.000
0.100	-5.000	0.084	-0.475	0.000
0.100	-5.000	0.087	-0.387	0.000
0.100	-5.000	0.090	-0.298	0.000
0.100	-5.000	0.092	-0.254	0.000
0.100	-5.000	0.093	-0.209	0.000
0.100	-5.000	0.095	-0.165	0.000
0.100	-5.000	0.096	-0.120	0.000
0.100	-5.000	0.096	-0.120	0.000
0.100	-5.000	0.099	-0.032	0.000
0.100	-5.000	0.103	0.101	0.000
0.100	-5.000	0.103	0.101	0.000
0.100	-5.000	0.105	0.146	0.000
0.100	-5.000	0.105	0.146	0.000
0.100	-5.000	0.109	0.279	0.000
0.100	-5.000	0.111	0.323	0.000
0.100	-5.000	0.109	0.279	0.000
0.100	-5.000	0.111	0.323	0.000
0.100	-5.000	0.112	0.367	0.000
0.100	-5.000	0.112	0.367	0.000
0.100	-5.000	0.112	0.367	0.000
0.100	-5.000	0.114	0.412	0.000
0.100	-5.000	0.114	0.412	0.000
0.100	-5.000	0.114	0.412	0.000
0.100	-5.000	0.114	0.412	0.000
0.100	-5.000	0.114	0.412	0.000
0.100	-5.000	0.115	0.456	0.000
0.100	-5.000	0.117	0.500	0.000
0.100	-5.000	0.117	0.500	0.000
0.100	-5.000	0.115	0.456	0.000
0.100	-5.000	0.115	0.456	0.000
0.100	-5.000	0.117	0.500	0.000
0.100	-5.000	0.117	0.500	0.000
0.100	-5.000	0.117	0.500	0.000
0.100	-5.000	0.114	0.412	0.000
0.100	-5.000	0.117	0.500	0.000
0.100	-5.000	0.117	0.500	0.000
0.100	-5.000	0.118	0.545	0.000
0.100	-5.000	0.117	0.500	0.000
0.100	-5.000	0.117	0.500	0.000
0.100	-5.000	0.117	0.500	0.000
0.100	-5.000	0.118	0.545	0.000
0.100	-5.000	0.117	0.500	0.000
0.100	-5.000	0.117	0.500	0.000
0.100	-5.000	0.115	0.456	0.000
0.100	-5.000	0.115	0.456	0.000
0.100	-5.000	0.117	0.500	0.000
0.100	-5.000	0.117	0.500	0.000
0.100	-5.000	0.117	0.500	0.000
0.100	-5.000	0.118	0.545	0.000
0.100	-5.000	0.117	0.500	0.000
0.100	-5.000	0.117	0.500	0.000
0.100	-5.000	0.117	0.500	0.000
0.100	-5.000	0.117	0.500	0.000
0.100	-5.000	0.117	0.500	0.000
0.100	-5.000	0.117	0.500	0.000
0.100	-5.000	0.115	0.456	0.000
0.100	-5.000	0.115	0.456	0.000
0.100	-5.000	0.115	0.456	0.000
0.100	-5.000	0.114	0.412	0.000
0.100	-5.000	0.112	0.367	0.000
0.100	-5.000	0.114	0.412	0.000
0.100	-5.000	0.112	0.367	0.000
0.100	-5.000	0.111	0.323	0.000
0.100	-5.000	0.112	0.367	0.000
0.100	-5.000	0.112	0.367	0.000
0.100	-5.000	0.111	0.323	0.000
0.100	-5.000	0.111	0.323	0.000
0.100	-5.000	0.111	0.323	0.000
0.100	-5.000	0.109	0.279	0.000
0.100	-5.000	0.108	0.234	0.000
0.100	-5.000	0.108	0.234	0.000
0.100	-5.000	0.108	0.234	0.000
0.100	-5.000	0.105	0.146	0.000
0.100	-5.000	0.105	0.146	0.000
0.100	-5.000	0.105	0.146	0.000
0.100	-5.000	0.105	0.146	0.000
0.100	-5.000	0.105	0.146	0.000
0.100	-5.000	0.105	0.146	0.000
0.100	-5.000	0.105	0.146	0.000
0.100	-5.000	0.103	0.101	0.000
0.100	-5.000	0.102	0.057	0.000
0.100	-5.000	0.103	0.101	0.000
0.100	-5.000	0.102	0.057	0.000
0.100	-5.000	0.102	0.057	0.000
0.100	-5.000	0.099	-0.032	0.000
0.100	-5.000	0.100	0.013	0.000
0.100	-5.000	0.099	-0.032	0.000
0.100	-5.000	0.100	0.013	0.000
0.100	-5.000	0.099	-0.032	0.000
0.100	-5.000	0.099	-0.032	0.000
0.100	-5.000	0.099	-0.032	0.000
0.100	-5.000	0.099	-0.032	0.000
0.100	-5.000	0.099	-0.032	0.000
0.100	-5.000	0.099	-0.032	0.000
0.100	-5.000	0.097	-0.076	0.000
0.100	-5.000	0.096	-0.120	0.000
0.100	-5.000	0.099	-0.032	0.000
0.100	-5.000	0.099	-0.032	0.000
0.100	-5.000	0.099	-0.032	0.000
0.100	-5.000	0.099	-0.032	0.000
0.100	-5.000	0.099	-0.032	0.000
0.100	-5.000	0.097	-0.076	0.000
0.100	-5.000	0.097	-0.076	0.000
0.100	-5.000	0.096	-0.120	0.000
0.100	-5.000	0.099	-0.032	0.000
0.100	-5.000	0.096	-0.120	0.000
0.100	-5.000	0.096	-0.120	0.000
0.100	-5.000	0.097	-0.076	0.000
0.100	-5.000	0.096	-0.120	0.000
0.100	-5.000	0.097	-0.076	0.000
0.100	-5.000	0.099	-0.032	0.000
0.100	-5.000	0.099	-0.032	0.000
0.100	-5.000	0.099	-0.032	0.000
0.100	-5.000	0.097	-0.076	0.000
0.100	-5.000	0.099	-0.032	0.000
0.100	-5.000	0.100	0.013	0.000
0.100	-5.000	0.097	-0.076	0.000
0.100	-5.000	0.099	-0.032	0.000
0.100	-5.000	0.097	-0.076	0.000
0.100	-5.000	0.099	-0.032	0.000
0.100	-5.000	0.097	-0.076	0.000
0.100	-5.000	0.099	-0.032	0.000
0.100	-5.000	0.100	0.013	0.000
0.100	-5.000	0.099	-0.032	0.000
0.100	-5.000	0.099	-0.032	0.000
0.100	-5.000	0.099	-0.032	0.000
0.100	-5.000	0.097	-0.076	0.000
0.100	-5.000	0.097	-0.076	0.000
0.100	-5.000	0.099	-0.032	0.000
0.100	-5.000	0.097	-0.076	0.000
0.100	-5.000	0.097	-0.076	0.000
0.100	-5.000	0.096	-0.120	0.000
0.100	-5.000	0.096	-0.120	0.000
0.100	-5.000	0.099	-0.032	0.000
0.100	-5.000	0.097	-0.076	0.000
0.100	-5.000	0.099	-0.032	0.000
0.100	-5.000	0.096	-0.120	0.000
0.100	-5.000	0.097	-0.076	0.000
0.100	-5.000	0.099	-0.032	0.000
0.100	-5.000	0.096	-0.120	0.000
0.100	-5.000	0.097	-0.076	0.000
0.100	-5.000	0.099	-0.032	0.000
0.100	-5.000	0.099	-0.032	0.000
0.100	-5.000	0.099	-0.032	0.000
0.100	-5.000	0.097	-0.076	0.000
0.100	-5.000	0.097	-0.076	0.000
0.100	-5.000	0.099	-0.032	0.000
0.100	-5.000	0.097	-0.076	0.000
0.100	-5.000	0.099	-0.032	0.000
0.100	-5.000	0.096	-0.120	0.000
0.100	-5.000	0.099	-0.032	0.000
0.100	-5.000	0.096	-0.120	0.000
0.100	-5.000	0.097	-0.076	0.000
0.100	-5.000	0.097	-0.076	0.000
0.100	-5.000	0.100	0.013	0.000
0.100	-5.000	0.099	-0.032	0.000
0.100	-5.000	0.099	-0.032	0.000
0.100	-5.000	0.099	-0.032	0.000
0.100	-5.000	0.099	-0.032	0.000
0.100	-5.000	0.099	-0.032	0.000
0.100	-5.000	0.096	-0.120	0.000
0.100	-5.000	0.099	-0.032	0.000
0.100	-5.000	0.099	-0.032	0.000
0.100	-5.000	0.097	-0.076	0.000
0.100	-5.000	0.099	-0.032	0.000
0.100	-5.000	0.097	-0.076	0.000
0.100	-5.000	0.096	-0.120	0.000
0.100	-5.000	0.099	-0.032	0.000
0.100	-5.000	0.097	-0.076	0.000
0.100	-5.000	0.099	-0.032	0.000
0.100	-5.000	0.097	-0.076	0.000
0.100	-5.000	0.097	-0.076	0.000
0.100	-5.000	0.099	-0.032	0.000
0.100	-5.000	0.099	-0.032	0.000
0.100	-5.000	0.099	-0.032	0.000
0.100	-5.000	0.099	-0.032	0.000
0.100	-5.000	0.097	-0.076	0.000
0.100	-5.000	0.097	-0.076	0.000
0.100	-5.000	0.097	-0.076	0.000
0.100	-5.000	0.099	-0.032	0.000
0.100	-5.000	0.099	-0.032	0.000
0.100	-5.000	0.097	-0.076	0.000
0.100	-5.000	0.099	-0.032	0.000
0.100	-5.000	0.099	-0.032	0.000
0.100	-5.000	0.097	-0.076	0.000
0.100	-5.000	0.097	-0.076	0.000
0.100	-5.000	0.099	-0.032	0.000
0.100	-5.000	0.099	-0.032	0.000
0.100	-5.000	0.096	-0.120	0.000
0.100	-5.000	0.097	-0.076	0.000
0.100	-5.000	0.097	-0.076	0.000
0.100	-5.000	0.099	-0.032	0.000
0.100	-5.000	0.097	-0.076	0.000
0.100	-5.000	0.097	-0.076	0.000
0.100	-5.000	0.096	-0.120	0.000
0.100	-5.000	0.100	0.013	0.000
0.100	-5.000	0.099	-0.032	0.000
0.100	-5.000	0.096	-0.120	0.000
0.100	-5.000	0.099	-0.032	0.000
0.100	-5.000	0.099	-0.032	0.000
0.100	-5.000	0.099	-0.032	0.000
0.100	-5.000	0.099	-0.032	0.000
0.100	-5.000	0.099	-0.032	0.000
0.100	-5.000	0.099	-0.032	0.000
0.100	-5.000	0.099	-0.032	0.000
0.100	-5.000	0.096	-0.120	0.000
0.100	-5.000	0.099	-0.032	0.000
0.100	-5.000	0.097	-0.076	0.000
0.100	-5.000	0.096	-0.120	0.000
0.100	-5.000	0.099	-0.032	0.000
0.100	-5.000	0.097	-0.076	0.000
0.100	-5.000	0.096	-0.120	0.000
0.100	-5.000	0.099	-0.032	0.000
0.100	-5.000	0.096	-0.120	0.000
0.100	-5.000	0.099	-0.032	0.000
0.100	-5.000	0.099	-0.032	0.000
0.100	-5.000	0.097	-0.076	0.000
0.100	-5.000	0.097	-0.076	0.000
0.100	-5.000	0.096	-0.120	0.000
0.100	-5.000	0.099	-0.032	0.000
0.100	-5.000	0.099	-0.032	0.000
0.100	-5.000	0.099	-0.032	0.000
0.100	-5.000	0.097	-0.076	0.000
0.100	-5.000	0.099	-0.032	0.000
0.100	-5.000	0.099	-0.032	0.000
0.100	-5.000	0.099	-0.032	0.000
0.100	-5.000	0.099	-0.032	0.000
0.100	-5.000	0.096	-0.120	0.000
0.100	-5.000	0.097	-0.076	0.000
0.100	-5.000	0.097	-0.076	0.000
0.100	-5.000	0.096	-0.120	0.000
0.100	-5.000	0.097	-0.076	0.000
0.100	-5.000	0.099	-0.032	0.000
0.100	-5.000	0.097	-0.076	0.000
0.100	-5.000	0.096	-0.120	0.000
0.100	-5.000	0.099	-0.032	0.000
0.100	-5.000	0.097	-0.076	0.000
0.100	-5.000	0.097	-0.076	0.000
0.100	-5.000	0.096	-0.120	0.000
0.100	-5.000	0.099	-0.032	0.000
0.100	-5.000	0.096	-0.120	0.000
0.100	-5.000	0.096	-0.120	0.000
0.100	-5.000	0.099	-0.032	0.000
0.100	-5.000	0.097	-0.076	0.000
0.100	-5.000	0.099	-0.032	0.000
0.100	-5.000	0.096	-0.120	0.000
0.100	-5.000	0.099	-0.032	0.000
0.100	-5.000	0.097	-0.076	0.000
0.100	-5.000	0.097	-0.076	0.000
0.100	-5.000	0.097	-0.076	0.000
0.100	-5.000	0.099	-0.032	0.000
0.100	-5.000	0.096	-0.120	0.000
0.100	-5.000	0.100	0.013	0.000
0.100	-5.000	0.099	-0.032	0.000
0.100	-5.000	0.099	-0.032	0.000
0.100	-5.000	0.096	-0.120	0.000
0.100	-5.000	0.097	-0.076	0.000
0.100	-5.000	0.099	-0.032	0.000
0.100	-5.000	0.097	-0.076	0.000
0.100	-5.000	0.099	-0.032	0.000
0.100	-5.000	0.099	-0.032	0.000
0.100	-5.000	0.099	-0.032	0.000
0.100	-5.000	0.099	-0.032	0.000
0.100	-5.000	0.099	-0.032	0.000
0.100	-5.000	0.099	-0.032	0.000
0.100	-5.000	0.097	-0.076	0.000
0.100	-5.000	0.097	-0.076	0.000
0.100	-5.000	0.099	-0.032	0.000
0.100	-5.000	0.097	-0.076	0.000
0.100	-5.000	0.097	-0.076	0.000
0.100	-5.000	0.096	-0.120	0.000
0.100	-5.000	0.097	-0.076	0.000
0.100	-5.000	0.099	-0.032	0.000
0.100	-5.000	0.096	-0.120	0.000
0.100	-5.000	0.099	-0.032	0.000
0.100	-5.000	0.096	-0.120	0.000
0.100	-5.000	0.097	-0.076	0.000
0.100	-5.000	0.097	-0.076	0.000
0.100	-5.000	0.096	-0.120	0.000
0.100	-5.000	0.097	-0.076	0.000
0.100	-5.000	0.097	-0.076	0.000
0.100	-5.000	0.099	-0.032	0.000
0.100	-5.000	0.097	-0.076	0.000
0.100	-5.000	0.097	-0.076	0.000
0.100	-5.000	0.096	-0.120	0.000
0.100	-5.000	0.099	-0.032	0.000
0.100	-5.000	0.100	0.013	0.000
0.100	-5.000	0.099	-0.032	0.000
0.100	-5.000	0.099	-0.032	0.000
0.100	-5.000	0.099	-0.032	0.000
0.100	-5.000	0.097	-0.076	0.000
0.100	-5.000	0.099	-0.032	0.000
0.100	-5.000	0.096	-0.120	0.000
0.100	-5.000	0.099	-0.032	0.000
0.100	-5.000	0.097	-0.076	0.000
0.100	-5.000	0.097	-0.076	0.000
0.100	-5.000	0.097	-0.076	0.000
0.100	-5.000	0.099	-0.032	0.000
0.100	-5.000	0.099	-0.032	0.000
0.100	-5.000	0.097	-0.076	0.000
0.100	-5.000	0.099	-0.032	0.000
0.100	-5.000	0.097	-0.076	0.000
0.100	-5.000	0.096	-0.120	0.000
0.100	-5.000	0.097	-0.076	0.000
0.100	-5.000	0.097	-0.076	0.000
0.100	-5.000	0.096	-0.120	0.000
0.100	-5.000	0.099	-0.032	0.000
0.100	-5.000	0.096	-0.120	0.000
0.100	-5.000	0.099	-0.032	0.000
0.100	-5.000	0.100	0.013	0.000
0.100	-5.000	0.099	-0.032	0.000
0.100	-5.000	0.097	-0.076	0.000
0.100	-5.000	0.097	-0.076	0.000
0.100	-5.000	0.096	-0.120	0.000
0.100	-5.000	0.099	-0.032	0.000
0.100	-5.000	0.099	-0.032	0.000
0.100	-5.000	0.099	-0.032	0.000
0.100	-5.000	0.097	-0.076	0.000
0.100	-5.000	0.097	-0.076	0.000
0.100	-5.000	0.096	-0.120	0.000
0.100	-5.000	0.099	-0.032	0.000
0.100	-5.000	0.099	-0.032	0.000
0.100	-5.000	0.097	-0.076	0.000
0.100	-5.000	0.096	-0.120	0.000
0.100	-5.000	0.097	-0.076	0.000
0.100	-5.000	0.096	-0.120	0.000
0.100	-5.000	0.099	-0.032	0.000
0.100	-5.000	0.097	-0.076	0.000
0.100	-5.000	0.099	-0.032	0.000
0.100	-5.000	0.097	-0.076	0.000
0.100	-5.000	0.099	-0.032	0.000
0.100	-5.000	0.096	-0.120	0.000
0.100	-5.000	0.099	-0.032	0.000
0.100	-5.000	0.099	-0.032	0.000
0.100	-5.000	0.099	-0.032	0.000
0.100	-5.000	0.099	-0.032	0.000
0.100	-5.000	0.096	-0.120	0.000
0.100	-5.000	0.099	-0.032	0.000
0.100	-5.000	0.097	-0.076	0.000
0.100	-5.000	0.099	-0.032	0.000
0.100	-5.000	0.096	-0.120	0.000
0.100	-5.000	0.097	-0.076	0.000
0.100	-5.000	0.099	-0.032	0.000
0.100	-5.000	0.099	-0.032	0.000
0.100	-5.000	0.099	-0.032	0.000
0.100	-5.000	0.099	-0.032	0.000
0.100	-5.000	0.097	-0.076	0.000
0.100	-5.000	0.099	-0.032	0.000
0.100	-5.000	0.099	-0.032	0.000
0.100	-5.000	0.099	-0.032	0.000
0.100	-5.000	0.097	-0.076	0.000
0.100	-5.000	0.099	-0.032	0.000
0.100	-5.000	0.099	-0.032	0.000
0.100	-5.000	0.099	-0.032	0.000
0.100	-5.000	0.097	-0.076	0.000
0.100	-5.000	0.097	-0.076	0.000
0.100	-5.000	0.099	-0.032	0.000
0.100	-5.000	0.099	-0.032	0.000
0.100	-5.000	0.100	0.013	0.000
0.100	-5.000	0.097	-0.076	0.000
0.100	-5.000	0.097	-0.076	0.000
0.100	-5.000	0.099	-0.032	0.000
0.100	-5.000	0.099	-0.032	0.000
0.100	-5.000	0.100	0.013	0.000
0.100	-5.000	0.099	-0.032	0.000
0.100	-5.000	0.099	-0.032	0.000
0.100	-5.000	0.099	-0.032	0.000
0.100	-5.000	0.100	0.013	0.000
0.100	-5.000	0.099	-0.032	0.000
0.100	-5.000	0.099	-0.032	0.000
0.100	-5.000	0.099	-0.032	0.000
0.100	-5.000	0.099	-0.032	0.000
0.100	-5.000	0.097	-0.076	0.000
0.100	-5.000	0.099	-0.032	0.000
0.100	-5.000	0.099	-0.032	0.000
0.100	-5.000	0.099	-0.032	0.000
0.100	-5.000	0.099	-0.032	0.000
0.100	-5.000	0.099	-0.032	0.000
0.100	-5.000	0.099	-0.032	0.000
0.100	-5.000	0.097	-0.076	0.000
0.100	-5.000	0.099	-0.032	0.000
0.100	-5.000	0.099	-0.032	0.000
0.100	-5.000	0.100	0.013	0.000
0.100	-5.000	0.100	0.013	0.000
0.100	-5.000	0.096	-0.120	0.000
0.100	-5.000	0.099	-0.032	0.000
0.100	-5.000	0.099	-0.032	0.000
0.100	-5.000	0.097	-0.076	0.000
0.100	-5.000	0.099	-0.032	0.000
0.100	-5.000	0.099	-0.032	0.000
0.100	-5.000	0.099	-0.032	0.000
0.100	-5.000	0.097	-0.076	0.000
0.100	-5.000	0.097	-0.076	0.000
0.100	-5.000	0.100	0.013	0.000
0.100	-5.000	0.100	0.013	0.000
0.100	-5.000	0.099	-0.032	0.000
0.100	-5.000	0.099	-0.032	0.000
0.100	-5.000	0.099	-0.032	0.000
0.100	-5.000	0.099	-0.032	0.000
0.100	-5.000	0.099	-0.032	0.000
0.100	-5.000	0.097	-0.076	0.000
0.100	-5.000	0.096	-0.120	0.000
0.100	-5.000	0.097	-0.076	0.000
0.100	-5.000	0.099	-0.032	0.000
0.100	-5.000	0.099	-0.032	0.000
0.100	-5.000	0.097	-0.076	0.000
0.100	-5.000	0.099	-0.032	0.000
0.100	-5.000	0.099	-0.032	0.000
0.100	-5.000	0.099	-0.032	0.000
0.100	-5.000	0.099	-0.032	0.000
0.100	-5.000	0.099	-0.032	0.000
0.100	-5.000	0.099	-0.032	0.000
0.100	-5.000	0.097	-0.076	0.000
0.100	-5.000	0.097	-0.076	0.000
0.100	-5.000	0.100	0.013	0.000
0.100	-5.000	0.097	-0.076	0.000
0.100	-5.000	0.099	-0.032	0.000
0.100	-5.000	0.096	-0.120	0.000
0.100	-5.000	0.099	-0.032	0.000
0.100	-5.000	0.099	-0.032	0.000
0.100	-5.000	0.099	-0.032	0.000
0.100	-5.000	0.099	-0.032	0.000
0.100	-5.000	0.099	-0.032	0.000
0.100	-5.000	0.099	-0.032	0.000
0.100	-5.000	0.099	-0.032	0.000
0.100	-5.000	0.097	-0.076	0.000
0.100	-5.000	0.099	-0.032	0.000
0.100	-5.000	0.099	-0.032	0.000
0.100	-5.000	0.099	-0.032	0.000
0.100	-5.000	0.097	-0.076	0.000
0.100	-5.000	0.099	-0.032	0.000
0.100	-5.000	0.099	-0.032	0.000
0.100	-5.000	0.100	0.013	0.000
0.100	-5.000	0.099	-0.032	0.000
0.100	-5.000	0.099	-0.032	0.000
0.100	-5.000	0.100	0.013	0.000
0.100	-5.000	0.099	-0.032	0.000
0.100	-5.000	0.099	-0.032	0.000
0.100	-5.000	0.099	-0.032	0.000
0.100	-5.000	0.099	-0.032	0.000
0.100	-5.000	0.099	-0.032	0.000
0.100	-5.000	0.100	0.013	0.000
0.100	-5.000	0.099	-0.032	0.000
0.100	-5.000	0.099	-0.032	0.000
0.100	-5.000	0.099	-0.032	0.000
0.100	-5.000	0.096	-0.120	0.000
0.100	-5.000	0.099	-0.032	0.000
0.100	-5.000	0.099	-0.032	0.000
0.100	-5.000	0.100	0.013	0.000
0.100	-5.000	0.099	-0.032	0.000
0.100	-5.000	0.100	0.013	0.000
0.100	-5.000	0.099	-0.032	0.000
0.100	-5.000	0.100	0.013	0.000
0.100	-5.000	0.099	-0.032	0.000
0.100	-5.000	0.099	-0.032	0.000
0.100	-5.000	0.100	0.013	0.000
0.100	-5.000	0.099	-0.032	0.000
0.000	-5.000	0.099	2.968	0.000
0.000	-5.000	0.102	3.057	0.000
0.000	-5.000	0.102	3.057	0.000
0.000	-5.000	0.100	3.013	0.000
0.000	-5.000	0.102	3.057	0.000
0.000	-5.000	0.102	3.057	0.000
0.000	-5.000	0.102	3.057	0.000
0.000	-5.000	0.102	3.057	0.000
0.000	-5.000	0.102	3.057	0.000
0.000	-5.000	0.103	3.101	0.000
0.000	-5.000	0.102	3.057	0.000
0.000	-5.000	0.097	2.924	0.000
0.000	-5.000	0.096	2.880	0.000
0.000	-5.000	0.093	2.791	0.000
0.000	-5.000	0.090	2.702	0.000
0.000	-5.000	0.089	2.658	0.000
0.000	-5.000	0.086	2.569	0.000
0.000	-5.000	0.083	2.480	0.000
0.000	-5.000	0.080	2.392	0.000
0.000	-5.000	0.078	2.347	0.000
0.000	-5.000	0.072	2.170	0.000
0.000	-5.000	0.071	2.126	0.000
0.000	-5.000	0.069	2.081	0.000
0.000	-5.000	0.066	1.992	0.000
0.000	-5.000	0.062	1.859	0.000
0.000	-5.000	0.058	1.726	0.000
0.000	-5.000	0.058	1.726	0.000
0.000	-5.000	0.055	1.638	0.000
0.000	-5.000	0.049	1.460	0.000
0.000	-5.000	0.046	1.372	0.000
0.000	-5.000	0.046	1.372	0.000
0.000	-5.000	0.040	1.194	0.000
0.000	-5.000	0.038	1.150	0.000
0.000	-5.000	0.034	1.017	0.000
0.000	-5.000	0.032	0.972	0.000
0.000	-5.000	0.029	0.884	0.000
0.000	-5.000	0.026	0.795	0.000
0.000	-5.000	0.022	0.662	0.000
0.000	-5.000	0.021	0.618	0.000
0.000	-5.000	0.019	0.573	0.000
0.000	-5.000	0.016	0.485	0.000
0.000	-5.000	0.013	0.396	0.000
0.000	-5.000	0.012	0.351	0.000
0.000	-5.000	0.007	0.218	0.000
0.000	-5.000	0.009	0.263	0.000
0.000	-5.000	0.004	0.130	0.000
0.000	-5.000	0.001	0.041	0.000
0.000	-5.000	-0.002	-0.048	0.000
0.000	-5.000	-0.002	-0.048	0.000
0.000	-5.000	-0.005	-0.136	0.000
0.000	-5.000	-0.005	-0.136	0.000
0.000	-5.000	-0.008	-0.225	0.000
0.000	-5.000	-0.008	-0.225	0.000
0.000	-5.000	-0.012	-0.358	0.000
0.000	-5.000	-0.012	-0.358	0.000
0.000	-5.000	-0.013	-0.403	0.000
0.000	-5.000	-0.015	-0.447	0.000
0.000	-5.000	-0.015	-0.447	0.000
0.000	-5.000	-0.016	-0.491	0.000
0.000	-5.000	-0.018	-0.536	0.000
0.000	-5.000	-0.016	-0.491	0.000
0.000	-5.000	-0.016	-0.491	0.000
0.000	-5.000	-0.019	-0.580	0.000
0.000	-5.000	-0.019	-0.580	0.000
0.000	-5.000	-0.016	-0.491	0.000
0.000	-5.000	-0.018	-0.536	0.000
0.000	-5.000	-0.019	-0.580	0.000
0.000	-5.000	-0.016	-0.491	0.000
0.000	-5.000	-0.016	-0.491	0.000
0.000	-5.000	-0.016	-0.491	0.000
0.000	-5.000	-0.016	-0.491	0.000
0.000	-5.000	-0.018	-0.536	0.000
0.000	-5.000	-0.018	-0.536	0.000
0.000	-5.000	-0.016	-0.491	0.000
0.000	-5.000	-0.016	-0.491	0.000
0.000	-5.000	-0.016	-0.491	0.000
0.000	-5.000	-0.016	-0.491	0.000
0.000	-5.000	-0.016	-0.491	0.000
0.000	-5.000	-0.016	-0.491	0.000
0.000	-5.000	-0.015	-0.447	0.000
0.000	-5.000	-0.016	-0.491	0.000
0.000	-5.000	-0.016	-0.491	0.000
0.000	-5.000	-0.018	-0.536	0.000
0.000	-5.000	-0.016	-0.491	0.000
0.000	-5.000	-0.016	-0.491	0.000
0.000	-5.000	-0.016	-0.491	0.000
0.000	-5.000	-0.019	-0.580	0.000
0.000	-5.000	-0.016	-0.491	0.000
0.000	-5.000	-0.016	-0.491	0.000
0.000	-5.000	-0.016	-0.491	0.000
0.000	-5.000	-0.016	-0.491	0.000
0.000	-5.000	-0.016	-0.491	0.000
0.000	-5.000	-0.016	-0.491	0.000
0.000	-5.000	-0.015	-0.447	0.000
0.000	-5.000	-0.013	-0.403	0.000
0.000	-5.000	-0.016	-0.491	0.000
0.000	-5.000	-0.013	-0.403	0.000
0.000	-5.000	-0.013	-0.403	0.000
0.000	-5.000	-0.013	-0.403	0.000
0.000	-5.000	-0.013	-0.403	0.000
0.000	-5.000	-0.010	-0.314	0.000
0.000	-5.000	-0.010	-0.314	0.000
0.000	-5.000	-0.010	-0.314	0.000
0.000	-5.000	-0.009	-0.269	0.000
0.000	-5.000	-0.008	-0.225	0.000
0.000	-5.000	-0.006	-0.181	0.000
0.000	-5.000	-0.008	-0.225	0.000
0.000	-5.000	-0.006	-0.181	0.000
0.000	-5.000	-0.006	-0.181	0.000
0.000	-5.000	-0.005	-0.136	0.000
0.000	-5.000	-0.006	-0.181	0.000
0.000	-5.000	-0.005	-0.136	0.000
0.000	-5.000	-0.005	-0.136	0.000
0.000	-5.000	-0.003	-0.092	0.000
0.000	-5.000	-0.002	-0.048	0.000
0.000	-5.000	-0.002	-0.048	0.000
0.000	-5.000	-0.003	-0.092	0.000
0.000	-5.000	-0.002	-0.048	0.000
0.000	-5.000	-0.002	-0.048	0.000
0.000	-5.000	-0.002	-0.048	0.000
0.000	-5.000	-0.002	-0.048	0.000
0.000	-5.000	-0.002	-0.048	0.000
0.000	-5.000	-0.002	-0.048	0.000
0.000	-5.000	-0.002	-0.048	0.000
0.000	-5.000	-0.002	-0.048	0.000
0.000	-5.000	-0.000	-0.003	0.000
0.000	-5.000	-0.002	-0.048	0.000
0.000	-5.000	0.001	0.041	0.000
0.000	-5.000	0.003	0.085	0.000
0.000	-5.000	-0.000	-0.003	0.000
0.000	-5.000	0.001	0.041	0.000
0.000	-5.000	0.001	0.041	0.000
0.000	-5.000	0.003	0.085	0.000
0.000	-5.000	0.001	0.041	0.000
0.000	-5.000	0.001	0.041	0.000
0.000	-5.000	0.001	0.041	0.000
0.000	-5.000	0.004	0.130	0.000
0.000	-5.000	0.003	0.085	0.000
0.000	-5.000	0.003	0.085	0.000
0.000	-5.000	0.004	0.130	0.000
0.000	-5.000	-0.000	-0.003	0.000
0.000	-5.000	0.003	0.085	0.000
0.000	-5.000	0.003	0.085	0.000
0.000	-5.000	0.004	0.130	0.000
0.000	-5.000	0.001	0.041	0.000
0.000	-5.000	0.001	0.041	0.000
0.000	-5.000	0.001	0.041	0.000
0.000	-5.000	0.001	0.041	0.000
0.000	-5.000	0.001	0.041	0.000
0.000	-5.000	0.001	0.041	0.000
0.000	-5.000	0.001	0.041	0.000
0.000	-5.000	0.003	0.085	0.000
0.000	-5.000	0.001	0.041	0.000
0.000	-5.000	0.004	0.130	0.000
0.000	-5.000	0.003	0.085	0.000
0.000	-5.000	0.003	0.085	0.000
0.000	-5.000	0.001	0.041	0.000
0.000	-5.000	0.004	0.130	0.000
0.000	-5.000	0.001	0.041	0.000
0.000	-5.000	0.003	0.085	0.000
0.000	-5.000	0.003	0.085	0.000
0.000	-5.000	0.001	0.041	0.000
0.000	-5.000	0.004	0.130	0.000
0.000	-5.000	0.003	0.085	0.000
0.000	-5.000	0.003	0.085	0.000
0.000	-5.000	0.003	0.085	0.000
0.000	-5.000	0.001	0.041	0.000
0.000	-5.000	0.001	0.041	0.000
0.000	-5.000	0.001	0.041	0.000
0.000	-5.000	0.001	0.041	0.000
0.000	-5.000	0.003	0.085	0.000
0.000	-5.000	0.001	0.041	0.000
0.000	-5.000	0.004	0.130	0.000
0.000	-5.000	0.001	0.041	0.000
0.000	-5.000	0.001	0.041	0.000
0.000	-5.000	0.004	0.130	0.000
0.000	-5.000	0.004	0.130	0.000
0.000	-5.000	0.004	0.130	0.000
0.000	-5.000	0.004	0.130	0.000
0.000	-5.000	0.003	0.085	0.000
0.000	-5.000	0.003	0.085	0.000
0.000	-5.000	0.001	0.041	0.000
0.000	-5.000	0.003	0.085	0.000
0.000	-5.000	0.004	0.130	0.000
0.000	-5.000	0.003	0.085	0.000
0.000	-5.000	0.003	0.085	0.000
0.000	-5.000	0.001	0.041	0.000
0.000	-5.000	0.003	0.085	0.000
0.000	-5.000	0.003	0.085	0.000
0.000	-5.000	0.003	0.085	0.000
0.000	-5.000	0.001	0.041	0.000
0.000	-5.000	0.003	0.085	0.000
0.000	-5.000	0.003	0.085	0.000
0.000	-5.000	0.004	0.130	0.000
0.000	-5.000	0.001	0.041	0.000
0.000	-5.000	0.004	0.130	0.000
0.000	-5.000	0.001	0.041	0.000
0.000	-5.000	0.003	0.085	0.000
0.000	-5.000	0.003	0.085	0.000
0.000	-5.000	0.003	0.085	0.000
0.000	-5.000	0.001	0.041	0.000
0.000	-5.000	0.004	0.130	0.000
0.000	-5.000	0.003	0.085	0.000
0.000	-5.000	0.003	0.085	0.000
0.000	-5.000	0.004	0.130	0.000
0.000	-5.000	0.003	0.085	0.000
0.000	-5.000	0.003	0.085	0.000
0.000	-5.000	0.004	0.130	0.000
0.000	-5.000	0.001	0.041	0.000
0.000	-5.000	0.004	0.130	0.000
0.000	-5.000	0.001	0.041	0.000
0.000	-5.000	0.004	0.130	0.000
0.000	-5.000	0.004	0.130	0.000
0.000	-5.000	0.003	0.085	0.000
0.000	-5.000	0.003	0.085	0.000
0.000	-5.000	0.003	0.085	0.000
0.000	-5.000	0.001	0.041	0.000
0.000	-5.000	0.001	0.041	0.000
0.000	-5.000	0.003	0.085	0.000
0.000	-5.000	0.003	0.085	0.000
0.000	-5.000	0.003	0.085	0.000
0.000	-5.000	0.004	0.130	0.000
0.000	-5.000	0.004	0.130	0.000
0.000	-5.000	0.003	0.085	0.000
0.000	-5.000	0.001	0.041	0.000
0.000	-5.000	0.004	0.130	0.000
0.000	-5.000	0.004	0.130	0.000
0.000	-5.000	0.004	0.130	0.000
0.000	-5.000	0.003	0.085	0.000
0.000	-5.000	0.003	0.085	0.000
0.000	-5.000	0.004	0.130	0.000
0.000	-5.000	0.003	0.085	0.000
0.000	-5.000	0.004	0.130	0.000
0.000	-5.000	0.004	0.130	0.000
0.000	-5.000	0.004	0.130	0.000
0.000	-5.000	0.003	0.085	0.000
0.000	-5.000	0.003	0.085	0.000
0.000	-5.000	0.001	0.041	0.000
0.000	-5.000	0.001	0.041	0.000
0.000	-5.000	0.004	0.130	0.000
0.000	-5.000	0.001	0.041	0.000
0.000	-5.000	0.001	0.041	0.000
0.000	-5.000	0.001	0.041	0.000
0.000	-5.000	0.001	0.041	0.000
0.000	-5.000	0.004	0.130	0.000
0.000	-5.000	0.003	0.085	0.000
0.000	-5.000	0.001	0.041	0.000
0.000	-5.000	0.001	0.041	0.000
0.000	-5.000	0.001	0.041	0.000
0.000	-5.000	0.001	0.041	0.000
0.000	-5.000	0.003	0.085	0.000
0.000	-5.000	0.003	0.085	0.000
0.000	-5.000	0.003	0.085	0.000
0.000	-5.000	0.001	0.041	0.000
0.000	-5.000	0.003	0.085	0.000
0.000	-5.000	0.003	0.085	0.000
0.000	-5.000	0.001	0.041	0.000
0.000	-5.000	0.001	0.041	0.000
0.000	-5.000	0.001	0.041	0.000
0.000	-5.000	0.003	0.085	0.000
0.000	-5.000	0.001	0.041	0.000
0.000	-5.000	0.001	0.041	0.000
0.000	-5.000	0.003	0.085	0.000
0.000	-5.000	0.001	0.041	0.000
0.000	-5.000	0.001	0.041	0.000
0.000	-5.000	0.001	0.041	0.000
0.000	-5.000	-0.000	-0.003	0.000
0.000	-5.000	0.003	0.085	0.000
0.000	-5.000	0.003	0.085	0.000
0.000	-5.000	-0.000	-0.003	0.000
0.000	-5.000	0.001	0.041	0.000
0.000	-5.000	0.001	0.041	0.000
0.000	-5.000	-0.000	-0.003	0.000
0.000	-5.000	0.001	0.041	0.000
0.000	-5.000	0.003	0.085	0.000
0.000	-5.000	0.001	0.041	0.000
0.000	-5.000	0.001	0.041	0.000
0.000	-5.000	0.003	0.085	0.000
0.000	-5.000	0.001	0.041	0.000
0.000	-5.000	0.001	0.041	0.000
0.000	-5.000	-0.002	-0.048	0.000
0.000	-5.000	-0.002	-0.048	0.000
0.000	-5.000	0.001	0.041	0.000
0.000	-5.000	0.001	0.041	0.000
0.000	-5.000	-0.000	-0.003	0.000
0.000	-5.000	0.001	0.041	0.000
0.000	-5.000	-0.002	-0.048	0.000
0.000	-5.000	-0.000	-0.003	0.000
0.000	-5.000	-0.002	-0.048	0.000
0.000	-5.000	0.001	0.041	0.000
0.000	-5.000	0.001	0.041	0.000
0.000	-5.000	0.001	0.041	0.000
0.000	-5.000	0.003	0.085	0.000
0.000	-5.000	0.001	0.041	0.000
0.000	-5.000	-0.002	-0.048	0.000
0.000	-5.000	0.003	0.085	0.000
0.000	-5.000	0.001	0.041	0.000
0.000	-5.000	0.001	0.041	0.000
0.000	-5.000	0.001	0.041	0.000
0.000	-5.000	0.001	0.041	0.000
0.000	-5.000	0.001	0.041	0.000
0.000	-5.000	0.001	0.041	0.000
0.000	-5.000	0.001	0.041	0.000
0.000	-5.000	0.001	0.041	0.000
0.000	-5.000	-0.002	-0.048	0.000
0.000	-5.000	0.001	0.041	0.000
0.000	-5.000	0.001	0.041	0.000
0.000	-5.000	0.001	0.041	0.000
0.000	-5.000	-0.000	-0.003	0.000
0.000	-5.000	0.001	0.041	0.000
0.000	-5.000	0.001	0.041	0.000
0.000	-5.000	0.003	0.085	0.000
0.000	-5.000	-0.000	-0.003	0.000
0.000	-5.000	-0.002	-0.048	0.000
0.000	-5.000	0.001	0.041	0.000
0.000	-5.000	-0.002	-0.048	0.000
0.000	-5.000	0.001	0.041	0.000
0.000	-5.000	0.001	0.041	0.000
0.000	-5.000	0.001	0.041	0.000
0.000	-5.000	0.001	0.041	0.000
0.000	-5.000	0.001	0.041	0.000
0.000	-5.000	-0.002	-0.048	0.000
0.000	-5.000	0.003	0.085	0.000
0.000	-5.000	0.001	0.041	0.000
0.000	-5.000	-0.002	-0.048	0.000
0.000	-5.000	0.001	0.041	0.000
0.000	-5.000	0.001	0.041	0.000
0.000	-5.000	0.001	0.041	0.000
0.000	-5.000	0.001	0.041	0.000
0.000	-5.000	0.001	0.041	0.000
0.000	-5.000	0.001	0.041	0.000
0.000	-5.000	0.001	0.041	0.000
0.000	-5.000	0.001	0.041	0.000
0.000	-5.000	-0.000	-0.003	0.000
0.000	-5.000	0.001	0.041	0.000
0.000	-5.000	0.001	0.041	0.000
0.000	-5.000	-0.000	-0.003	0.000
0.000	-5.000	0.001	0.041	0.000
0.000	-5.000	0.001	0.041	0.000
0.000	-5.000	0.001	0.041	0.000
0.000	-5.000	0.001	0.041	0.000
0.000	-5.000	0.001	0.041	0.000
0.000	-5.000	0.001	0.041	0.000
0.000	-5.000	-0.002	-0.048	0.000
0.000	-5.000	0.001	0.041	0.000
0.000	-5.000	0.001	0.041	0.000
0.000	-5.000	-0.000	-0.003	0.000
0.000	-5.000	0.001	0.041	0.000
0.000	-5.000	-0.000	-0.003	0.000
0.000	-5.000	0.001	0.041	0.000
0.000	-5.000	0.001	0.041	0.000
0.000	-5.000	-0.002	-0.048	0.000
0.000	-5.000	0.001	0.041	0.000
0.000	-5.000	-0.002	-0.048	0.000
0.000	-5.000	0.001	0.041	0.000
0.000	-5.000	0.001	0.041	0.000
0.000	-5.000	0.001	0.041	0.000
0.000	-5.000	0.001	0.041	0.000
0.000	-5.000	0.001	0.041	0.000
0.000	-5.000	0.001	0.041	0.000
0.000	-5.000	0.001	0.041	0.000
0.000	-5.000	0.001	0.041	0.000
0.000	-5.000	0.001	0.041	0.000
0.000	-5.000	-0.002	-0.048	0.000
0.000	-5.000	-0.000	-0.003	0.000
0.000	-5.000	0.001	0.041	0.000
0.000	-5.000	0.001	0.041	0.000
0.000	-5.000	0.001	0.041	0.000
0.000	-5.000	0.001	0.041	0.000
0.000	-5.000	0.001	0.041	0.000
0.000	-5.000	0.001	0.041	0.000
0.000	-5.000	0.001	0.041	0.000
0.000	-5.000	0.001	0.041	0.000
0.000	-5.000	0.001	0.041	0.000
0.000	-5.000	-0.002	-0.048	0.000
0.000	-5.000	-0.002	-0.048	0.000
0.000	-5.000	0.001	0.041	0.000
0.000	-5.000	-0.002	-0.048	0.000
0.000	-5.000	-0.000	-0.003	0.000
0.000	-5.000	-0.002	-0.048	0.000
0.000	-5.000	-0.000	-0.003	0.000
0.000	-5.000	0.001	0.041	0.000
0.000	-5.000	0.001	0.041	0.000
0.000	-5.000	0.001	0.041	0.000
0.000	-5.000	0.001	0.041	0.000
0.000	-5.000	-0.000	-0.003	0.000
0.000	-5.000	-0.002	-0.048	0.000
0.000	-5.000	-0.000	-0.003	0.000
0.000	-5.000	-0.002	-0.048	0.000
0.000	-5.000	0.001	0.041	0.000
0.000	-5.000	0.001	0.041	0.000
0.000	-5.000	0.001	0.041	0.000
0.000	-5.000	-0.000	-0.003	0.000
0.000	-5.000	-0.002	-0.048	0.000
0.000	-5.000	0.001	0.041	0.000
0.000	-5.000	0.001	0.041	0.000
0.000	-5.000	0.001	0.041	0.000
0.000	-5.000	-0.002	-0.048	0.000
0.000	-5.000	0.001	0.041	0.000
0.000	-5.000	0.001	0.041	0.000
0.000	-5.000	0.001	0.041	0.000
0.000	-5.000	-0.002	-0.048	0.000
0.000	-5.000	-0.000	-0.003	0.000
0.000	-5.000	0.001	0.041	0.000
0.000	-5.000	0.001	0.041	0.000
0.000	-5.000	0.001	0.041	0.000
0.000	-5.000	0.003	0.085	0.000
0.000	-5.000	0.001	0.041	0.000
0.000	-5.000	-0.002	-0.048	0.000
0.000	-5.000	-0.000	-0.003	0.000
0.000	-5.000	0.001	0.041	0.000
0.000	-5.000	-0.000	-0.003	0.000
0.000	-5.000	0.001	0.041	0.000
0.000	-5.000	0.001	0.041	0.000
0.000	-5.000	0.001	0.041	0.000
0.000	-5.000	0.001	0.041	0.000
0.000	-5.000	0.001	0.041	0.000
0.000	-5.000	0.001	0.041	0.000
0.000	-5.000	0.001	0.041	0.000
0.000	-5.000	0.001	0.041	0.000
0.000	-5.000	-0.000	-0.003	0.000
0.000	-5.000	-0.002	-0.048	0.000
0.000	-5.000	-0.000	-0.003	0.000
0.000	-5.000	-0.000	-0.003	0.000
0.000	-5.000	0.001	0.041	0.000
0.000	-5.000	0.003	0.085	0.000
0.000	-5.000	-0.000	-0.003	0.000
0.000	-5.000	0.001	0.041	0.000
0.000	-5.000	-0.000	-0.003	0.000
0.000	-5.000	0.001	0.041	0.000
0.000	-5.000	0.001	0.041	0.000
0.000	-5.000	0.001	0.041	0.000
0.000	-5.000	0.001	0.041	0.000
0.000	-5.000	-0.000	-0.003	0.000
0.000	-5.000	-0.000	-0.003	0.000
0.000	-5.000	0.001	0.041	0.000
0.000	-5.000	0.001	0.041	0.000
0.000	-5.000	0.003	0.085	0.000
0.000	-5.000	0.001	0.041	0.000
0.000	-5.000	0.001	0.041	0.000
0.000	-5.000	0.003	0.085	0.000
0.000	-5.000	0.001	0.041	0.000
0.000	-5.000	-0.002	-0.048	0.000
0.000	-5.000	0.001	0.041	0.000
0.000	-5.000	-0.002	-0.048	0.000
0.000	-5.000	0.001	0.041	0.000
0.000	-5.000	0.001	0.041	0.000
0.000	-5.000	0.001	0.041	0.000
0.000	-5.000	0.001	0.041	0.000
0.000	-5.000	0.001	0.041	0.000
0.000	-5.000	-0.002	-0.048	0.000
0.000	-5.000	-0.002	-0.048	0.000
0.000	-5.000	-0.000	-0.003	0.000
0.000	-5.000	-0.000	-0.003	0.000
0.000	-5.000	-0.000	-0.003	0.000
0.000	-5.000	0.001	0.041	0.000
0.000	-5.000	-0.000	-0.003	0.000
0.000	-5.000	0.001	0.041	0.000
0.000	-5.000	0.001	0.041	0.000
0.000	-5.000	0.001	0.041	0.000
0.000	-5.000	-0.002	-0.048	0.000
0.000	-5.000	-0.000	-0.003	0.000
0.000	-5.000	0.001	0.041	0.000
0.000	-5.000	0.001	0.041	0.000
0.000	-5.000	0.001	0.041	0.000
0.000	-5.000	-0.000	-0.003	0.000
0.000	-5.000	-0.000	-0.003	0.000
0.000	-5.000	-0.002	-0.048	0.000
0.000	-5.000	0.001	0.041	0.000
0.000	-5.000	-0.000	-0.003	0.000
0.000	-5.000	0.001	0.041	0.000
0.000	-5.000	-0.002	-0.048	0.000
0.000	-5.000	-0.000	-0.003	0.000
0.000	-5.000	0.001	0.041	0.000
0.000	-5.000	0.001	0.041	0.000
0.000	-5.000	-0.002	-0.048	0.000
0.000	-5.000	0.001	0.041	0.000
0.000	-5.000	0.001	0.041	0.000
0.000	-5.000	0.001	0.041	0.000
0.000	-5.000	0.001	0.041	0.000
0.000	-5.000	-0.002	-0.048	0.000
0.000	-5.000	0.001	0.041	0.000
0.000	-5.000	0.001	0.041	0.000
0.000	-5.000	-0.000	-0.003	0.000
0.000	-5.000	0.001	0.041	0.000
0.000	-5.000	-0.002	-0.048	0.000
0.000	-5.000	0.001	0.041	0.000
0.000	-5.000	0.001	0.041	0.000
0.000	-5.000	0.001	0.041	0.000
0.000	-5.000	0.001	0.041	0.000
0.000	-5.000	0.001	0.041	0.000
0.000	-5.000	0.001	0.041	0.000
0.000	-5.000	0.001	0.041	0.000
0.000	-5.000	0.001	0.041	0.000
0.000	-5.000	0.001	0.041	0.000
0.000	-5.000	0.001	0.041	0.000
0.000	-5.000	0.001	0.041	0.000
0.000	-5.000	-0.000	-0.003	0.000
0.000	-5.000	0.001	0.041	0.000
0.000	-5.000	-0.002	-0.048	0.000
0.100	-5.000	0.001	-2.959	0.000
0.100	-5.000	-0.002	-3.048	0.000
0.100	-5.000	-0.002	-3.048	0.000
0.100	-5.000	-0.003	-3.092	0.000
0.100	-5.000	-0.002	-3.048	0.000
0.100	-5.000	-0.005	-3.136	0.000
0.100	-5.000	-0.002	-3.048	0.000
0.100	-5.000	-0.003	-3.092	0.000
0.100	-5.000	-0.003	-3.092	0.000
0.100	-5.000	-0.002	-3.048	0.000
0.100	-5.000	-0.002	-3.048	0.000
0.100	-5.000	0.001	-2.959	0.000
0.100	-5.000	0.006	-2.826	0.000
0.100	-5.000	0.007	-2.782	0.000
0.100	-5.000	0.007	-2.782	0.000
0.100	-5.000	0.012	-2.649	0.000
0.100	-5.000	0.013	-2.604	0.000
0.100	-5.000	0.016	-2.515	0.000
0.100	-5.000	0.019	-2.427	0.000
0.100	-5.000	0.022	-2.338	0.000
0.100	-5.000	0.025	-2.249	0.000
0.100	-5.000	0.028	-2.161	0.000
0.100	-5.000	0.031	-2.072	0.000
0.100	-5.000	0.032	-2.028	0.000
0.100	-5.000	0.037	-1.895	0.000
0.100	-5.000	0.041	-1.761	0.000
0.100	-5.000	0.044	-1.673	0.000
0.100	-5.000	0.046	-1.628	0.000
0.100	-5.000	0.049	-1.540	0.000
0.100	-5.000	0.053	-1.407	0.000
0.100	-5.000	0.058	-1.274	0.000
0.100	-5.000	0.059	-1.229	0.000
0.100	-5.000	0.061	-1.185	0.000
0.100	-5.000	0.066	-1.008	0.000
0.100	-5.000	0.066	-1.008	0.000
0.100	-5.000	0.069	-0.919	0.000
0.100	-5.000	0.072	-0.830	0.000
0.100	-5.000	0.075	-0.741	0.000
0.100	-5.000	0.075	-0.741	0.000
0.100	-5.000	0.081	-0.564	0.000
0.100	-5.000	0.084	-0.475	0.000
0.100	-5.000	0.086	-0.431	0.000
0.100	-5.000	0.089	-0.342	0.000
0.100	-5.000	0.093	-0.209	0.000
0.100	-5.000	0.093	-0.209	0.000
0.100	-5.000	0.096	-0.120	0.000
0.100	-5.000	0.096	-0.120	0.000
0.100	-5.000	0.100	0.013	0.000
0.100	-5.000	0.102	0.057	0.000
0.100	-5.000	0.105	0.146	0.000
0.100	-5.000	0.105	0.146	0.000
0.100	-5.000	0.106	0.190	0.000
0.100	-5.000	0.108	0.234	0.000
0.100	-5.000	0.111	0.323	0.000
0.100	-5.000	0.111	0.323	0.000
0.100	-5.000	0.114	0.412	0.000
0.100	-5.000	0.117	0.500	0.000
0.100	-5.000	0.115	0.456	0.000
0.100	-5.000	0.117	0.500	0.000
0.100	-5.000	0.117	0.500	0.000
0.100	-5.000	0.117	0.500	0.000
0.100	-5.000	0.118	0.545	0.000
0.100	-5.000	0.117	0.500	0.000
0.100	-5.000	0.120	0.589	0.000
0.100	-5.000	0.120	0.589	0.000
0.100	-5.000	0.120	0.589	0.000
0.100	-5.000	0.120	0.589	0.000
0.100	-5.000	0.120	0.589	0.000
0.100	-5.000	0.120	0.589	0.000
0.100	-5.000	0.120	0.589	0.000
0.100	-5.000	0.123	0.678	0.000
0.100	-5.000	0.120	0.589	0.000
0.100	-5.000	0.120	0.589	0.000
0.100	-5.000	0.120	0.589	0.000
0.100	-5.000	0.120	0.589	0.000
0.100	-5.000	0.120	0.589	0.000
0.100	-5.000	0.118	0.545	0.000
0.100	-5.000	0.120	0.589	0.000
0.100	-5.000	0.121	0.634	0.000
0.100	-5.000	0.120	0.589	0.000
0.100	-5.000	0.118	0.545	0.000
0.100	-5.000	0.120	0.589	0.000
0.100	-5.000	0.120	0.589	0.000
0.100	-5.000	0.121	0.634	0.000
0.100	-5.000	0.121	0.634	0.000
0.100	-5.000	0.121	0.634	0.000
0.100	-5.000	0.120	0.589	0.000
0.100	-5.000	0.120	0.589	0.000
0.100	-5.000	0.120	0.589	0.000
0.100	-5.000	0.120	0.589	0.000
0.100	-5.000	0.117	0.500	0.000
0.100	-5.000	0.117	0.500	0.000
0.100	-5.000	0.117	0.500	0.000
0.100	-5.000	0.117	0.500	0.000
0.100	-5.000	0.115	0.456	0.000
0.100	-5.000	0.114	0.412	0.000
0.100	-5.000	0.112	0.367	0.000
0.100	-5.000	0.111	0.323	0.000
0.100	-5.000	0.114	0.412	0.000
0.100	-5.000	0.114	0.412	0.000
0.100	-5.000	0.112	0.367	0.000
0.100	-5.000	0.109	0.279	0.000
0.100	-5.000	0.111	0.323	0.000
0.100	-5.000	0.108	0.234	0.000
0.100	-5.000	0.109	0.279	0.000
0.100	-5.000	0.108	0.234	0.000
0.100	-5.000	0.105	0.146	0.000
0.100	-5.000	0.108	0.234	0.000
0.100	-5.000	0.106	0.190	0.000
0.100	-5.000	0.105	0.146	0.000
0.100	-5.000	0.105	0.146	0.000
0.100	-5.000	0.105	0.146	0.000
0.100	-5.000	0.103	0.101	0.000
0.100	-5.000	0.103	0.101	0.000
0.100	-5.000	0.103	0.101	0.000
0.100	-5.000	0.102	0.057	0.000
0.100	-5.000	0.102	0.057	0.000
0.100	-5.000	0.102	0.057	0.000
0.100	-5.000	0.102	0.057	0.000
0.100	-5.000	0.102	0.057	0.000
0.100	-5.000	0.100	0.013	0.000
0.100	-5.000	0.102	0.057	0.000
0.100	-5.000	0.100	0.013	0.000
0.100	-5.000	0.099	-0.032	0.000
0.100	-5.000	0.100	0.013	0.000
0.100	-5.000	0.096	-0.120	0.000
0.100	-5.000	0.099	-0.032	0.000
0.100	-5.000	0.100	0.013	0.000
0.100	-5.000	0.097	-0.076	0.000
0.100	-5.000	0.099	-0.032	0.000
0.100	-5.000	0.099	-0.032	0.000
0.100	-5.000	0.096	-0.120	0.000
0.100	-5.000	0.097	-0.076	0.000
0.100	-5.000	0.097	-0.076	0.000
0.100	-5.000	0.097	-0.076	0.000
0.100	-5.000	0.096	-0.120	0.000
0.100	-5.000	0.096	-0.120	0.000
0.100	-5.000	0.097	-0.076	0.000
0.100	-5.000	0.097	-0.076	0.000
0.100	-5.000	0.096	-0.120	0.000
0.100	-5.000	0.096	-0.120	0.000
0.100	-5.000	0.097	-0.076	0.000
0.100	-5.000	0.099	-0.032	0.000
0.100	-5.000	0.097	-0.076	0.000
0.100	-5.000	0.096	-0.120	0.000
0.100	-5.000	0.096	-0.120	0.000
0.100	-5.000	0.097	-0.076	0.000
0.100	-5.000	0.096	-0.120	0.000
0.100	-5.000	0.099	-0.032	0.000
0.100	-5.000	0.097	-0.076	0.000
0.100	-5.000	0.096	-0.120	0.000
0.100	-5.000	0.096	-0.120	0.000
0.100	-5.000	0.097	-0.076	0.000
0.100	-5.000	0.097	-0.076	0.000
0.100	-5.000	0.096	-0.120	0.000
0.100	-5.000	0.096	-0.120	0.000
0.100	-5.000	0.097	-0.076	0.000
0.100	-5.000	0.100	0.013	0.000
0.100	-5.000	0.099	-0.032	0.000
0.100	-5.000	0.096	-0.120	0.000
0.100	-5.000	0.096	-0.120	0.000
0.100	-5.000	0.097	-0.076	0.000
0.100	-5.000	0.096	-0.120	0.000
0.100	-5.000	0.096	-0.120	0.000
0.100	-5.000	0.096	-0.120	0.000
0.100	-5.000	0.096	-0.120	0.000
0.100	-5.000	0.097	-0.076	0.000
0.100	-5.000	0.097	-0.076	0.000
0.100	-5.000	0.097	-0.076	0.000
0.100	-5.000	0.096	-0.120	0.000
0.100	-5.000	0.097	-0.076	0.000
0.100	-5.000	0.096	-0.120	0.000
0.100	-5.000	0.096	-0.120	0.000
0.100	-5.000	0.097	-0.076	0.000
0.100	-5.000	0.096	-0.120	0.000
0.100	-5.000	0.097	-0.076	0.000
0.100	-5.000	0.096	-0.120	0.000
0.100	-5.000	0.099	-0.032	0.000
0.100	-5.000	0.097	-0.076	0.000
0.100	-5.000	0.099	-0.032	0.000
0.100	-5.000	0.096	-0.120	0.000
0.100	-5.000	0.097	-0.076	0.000
0.100	-5.000	0.097	-0.076	0.000
0.100	-5.000	0.097	-0.076	0.000
0.100	-5.000	0.097	-0.076	0.000
0.100	-5.000	0.099	-0.032	0.000
0.100	-5.000	0.099	-0.032	0.000
0.100	-5.000	0.096	-0.120	0.000
0.100	-5.000	0.096	-0.120	0.000
0.100	-5.000	0.099	-0.032	0.000
0.100	-5.000	0.099	-0.032	0.000
0.100	-5.000	0.097	-0.076	0.000
0.100	-5.000	0.096	-0.120	0.000
0.100	-5.000	0.097	-0.076	0.000
0.100	-5.000	0.097	-0.076	0.000
0.100	-5.000	0.097	-0.076	0.000
0.100	-5.000	0.099	-0.032	0.000
0.100	-5.000	0.097	-0.076	0.000
0.100	-5.000	0.097	-0.076	0.000
0.100	-5.000	0.096	-0.120	0.000
0.100	-5.000	0.096	-0.120	0.000
0.100	-5.000	0.096	-0.120	0.000
0.100	-5.000	0.096	-0.120	0.000
0.100	-5.000	0.099	-0.032	0.000
0.100	-5.000	0.097	-0.076	0.000
0.100	-5.000	0.096	-0.120	0.000
0.100	-5.000	0.096	-0.120	0.000
0.100	-5.000	0.099	-0.032	0.000
0.100	-5.000	0.099	-0.032	0.000
0.100	-5.000	0.096	-0.120	0.000
0.100	-5.000	0.096	-0.120	0.000
0.100	-5.000	0.096	-0.120	0.000
0.100	-5.000	0.096	-0.120	0.000
0.100	-5.000	0.099	-0.032	0.000
0.100	-5.000	0.096	-0.120	0.000
0.100	-5.000	0.099	-0.032	0.000
0.100	-5.000	0.097	-0.076	0.000
0.100	-5.000	0.096	-0.120	0.000
0.100	-5.000	0.096	-0.120	0.000
0.100	-5.000	0.097	-0.076	0.000
0.100	-5.000	0.099	-0.032	0.000
0.100	-5.000	0.096	-0.120	0.000
0.100	-5.000	0.099	-0.032	0.000
0.100	-5.000	0.097	-0.076	0.000
0.100	-5.000	0.096	-0.120	0.000
0.100	-5.000	0.099	-0.032	0.000
0.100	-5.000	0.096	-0.120	0.000
0.100	-5.000	0.096	-0.120	0.000
0.100	-5.000	0.096	-0.120	0.000
0.100	-5.000	0.097	-0.076	0.000
0.100	-5.000	0.099	-0.032	0.000
0.100	-5.000	0.097	-0.076	0.000
0.100	-5.000	0.097	-0.076	0.000
0.100	-5.000	0.097	-0.076	0.000
0.100	-5.000	0.096	-0.120	0.000
0.100	-5.000	0.096	-0.120	0.000
0.100	-5.000	0.099	-0.032	0.000
0.100	-5.000	0.096	-0.120	0.000
0.100	-5.000	0.096	-0.120	0.000
0.100	-5.000	0.099	-0.032	0.000
0.100	-5.000	0.097	-0.076	0.000
0.100	-5.000	0.097	-0.076	0.000
0.100	-5.000	0.099	-0.032	0.000
0.100	-5.000	0.097	-0.076	0.000
0.100	-5.000	0.096	-0.120	0.000
0.100	-5.000	0.097	-0.076	0.000
0.100	-5.000	0.096	-0.120	0.000
0.100	-5.000	0.096	-0.120	0.000
0.100	-5.000	0.096	-0.120	0.000
0.100	-5.000	0.097	-0.076	0.000
0.100	-5.000	0.099	-0.032	0.000
0.100	-5.000	0.099	-0.032	0.000
0.100	-5.000	0.099	-0.032	0.000
0.100	-5.000	0.097	-0.076	0.000
0.100	-5.000	0.100	0.013	0.000
0.100	-5.000	0.097	-0.076	0.000
0.100	-5.000	0.097	-0.076	0.000
0.100	-5.000	0.097	-0.076	0.000
0.100	-5.000	0.097	-0.076	0.000
0.100	-5.000	0.097	-0.076	0.000
0.100	-5.000	0.099	-0.032	0.000
0.100	-5.000	0.099	-0.032	0.000
0.100	-5.000	0.100	0.013	0.000
0.100	-5.000	0.099	-0.032	0.000
0.100	-5.000	0.100	0.013	0.000
0.100	-5.000	0.099	-0.032	0.000
0.100	-5.000	0.099	-0.032	0.000
0.100	-5.000	0.099	-0.032	0.000
0.100	-5.000	0.100	0.013	0.000
0.100	-5.000	0.099	-0.032	0.000
0.100	-5.000	0.100	0.013	0.000
0.100	-5.000	0.100	0.013	0.000
0.100	-5.000	0.099	-0.032	0.000
0.100	-5.000	0.097	-0.076	0.000
0.100	-5.000	0.099	-0.032	0.000
0.100	-5.000	0.100	0.013	0.000
0.100	-5.000	0.099	-0.032	0.000
0.100	-5.000	0.099	-0.032	0.000
0.100	-5.000	0.099	-0.032	0.000
0.100	-5.000	0.100	0.013	0.000
0.100	-5.000	0.097	-0.076	0.000
0.100	-5.000	0.096	-0.120	0.000
0.100	-5.000	0.097	-0.076	0.000
0.100	-5.000	0.100	0.013	0.000
0.100	-5.000	0.097	-0.076	0.000
0.100	-5.000	0.100	0.013	0.000
0.100	-5.000	0.099	-0.032	0.000
0.100	-5.000	0.099	-0.032	0.000
0.100	-5.000	0.099	-0.032	0.000
0.100	-5.000	0.099	-0.032	0.000
0.100	-5.000	0.099	-0.032	0.000
0.100	-5.000	0.096	-0.120	0.000
0.100	-5.000	0.099	-0.032	0.000
0.100	-5.000	0.097	-0.076	0.000
0.100	-5.000	0.099	-0.032	0.000
0.100	-5.000	0.100	0.013	0.000
0.100	-5.000	0.097	-0.076	0.000
0.100	-5.000	0.100	0.013	0.000
0.100	-5.000	0.099	-0.032	0.000
0.100	-5.000	0.100	0.013	0.000
0.100	-5.000	0.099	-0.032	0.000
0.100	-5.000	0.099	-0.032	0.000
0.100	-5.000	0.099	-0.032	0.000
0.100	-5.000	0.100	0.013	0.000
0.100	-5.000	0.099	-0.032	0.000
0.100	-5.000	0.099	-0.032	0.000
0.100	-5.000	0.096	-0.120	0.000
0.100	-5.000	0.100	0.013	0.000
0.100	-5.000	0.100	0.013	0.000
0.100	-5.000	0.097	-0.076	0.000
0.100	-5.000	0.096	-0.120	0.000
0.100	-5.000	0.099	-0.032	0.000
0.100	-5.000	0.100	0.013	0.000
0.100	-5.000	0.099	-0.032	0.000
0.100	-5.000	0.099	-0.032	0.000
0.100	-5.000	0.097	-0.076	0.000
0.100	-5.000	0.099	-0.032	0.000
0.100	-5.000	0.100	0.013	0.000
0.100	-5.000	0.099	-0.032	0.000
0.100	-5.000	0.099	-0.032	0.000
0.100	-5.000	0.097	-0.076	0.000
0.100	-5.000	0.099	-0.032	0.000
0.100	-5.000	0.099	-0.032	0.000
0.100	-5.000	0.097	-0.076	0.000
0.100	-5.000	0.099	-0.032	0.000
0.100	-5.000	0.100	0.013	0.000
0.100	-5.000	0.099	-0.032	0.000
0.100	-5.000	0.099	-0.032	0.000
0.100	-5.000	0.099	-0.032	0.000
0.100	-5.000	0.097	-0.076	0.000
0.100	-5.000	0.097	-0.076	0.000
0.100	-5.000	0.100	0.013	0.000
0.100	-5.000	0.099	-0.032	0.000
0.100	-5.000	0.099	-0.032	0.000
0.100	-5.000	0.100	0.013	0.000
0.100	-5.000	0.100	0.013	0.000
0.100	-5.000	0.100	0.013	0.000
0.100	-5.000	0.099	-0.032	0.000
0.100	-5.000	0.100	0.013	0.000
0.100	-5.000	0.099	-0.032	0.000
0.100	-5.000	0.097	-0.076	0.000
0.100	-5.000	0.099	-0.032	0.000
0.100	-5.000	0.099	-0.032	0.000
0.100	-5.000	0.097	-0.076	0.000
0.100	-5.000	0.102	0.057	0.000
0.100	-5.000	0.100	0.013	0.000
0.100	-5.000	0.099	-0.032	0.000
0.100	-5.000	0.097	-0.076	0.000
0.100	-5.000	0.100	0.013	0.000
0.100	-5.000	0.099	-0.032	0.000
0.100	-5.000	0.099	-0.032	0.000
0.100	-5.000	0.099	-0.032	0.000
0.100	-5.000	0.097	-0.076	0.000
0.100	-5.000	0.096	-0.120	0.000
0.100	-5.000	0.097	-0.076	0.000
0.100	-5.000	0.099	-0.032	0.000
0.100	-5.000	0.099	-0.032	0.000
0.100	-5.000	0.099	-0.032	0.000
0.100	-5.000	0.099	-0.032	0.000
0.100	-5.000	0.099	-0.032	0.000
0.100	-5.000	0.099	-0.032	0.000
0.100	-5.000	0.099	-0.032	0.000
0.100	-5.000	0.100	0.013	0.000
0.100	-5.000	0.100	0.013	0.000
0.100	-5.000	0.099	-0.032	0.000
0.100	-5.000	0.099	-0.032	0.000
0.100	-5.000	0.099	-0.032	0.000
0.100	-5.000	0.099	-0.032	0.000
0.100	-5.000	0.099	-0.032	0.000
0.100	-5.000	0.100	0.013	0.000
0.100	-5.000	0.099	-0.032	0.000
0.100	-5.000	0.099	-0.032	0.000
0.100	-5.000	0.100	0.013	0.000
0.100	-5.000	0.099	-0.032	0.000
0.100	-5.000	0.099	-0.032	0.000
0.100	-5.000	0.100	0.013	0.000
0.100	-5.000	0.100	0.013	0.000
0.100	-5.000	0.100	0.013	0.000
0.100	-5.000	0.100	0.013	0.000
0.100	-5.000	0.099	-0.032	0.000
0.100	-5.000	0.100	0.013	0.000
0.100	-5.000	0.099	-0.032	0.000
0.100	-5.000	0.099	-0.032	0.000
0.100	-5.000	0.099	-0.032	0.000
0.100	-5.000	0.099	-0.032	0.000
0.100	-5.000	0.100	0.013	0.000
0.100	-5.000	0.099	-0.032	0.000
0.100	-5.000	0.097	-0.076	0.000
0.100	-5.000	0.099	-0.032	0.000
0.100	-5.000	0.099	-0.032	0.000
0.100	-5.000	0.099	-0.032	0.000
0.100	-5.000	0.100	0.013	0.000
0.100	-5.000	0.097	-0.076	0.000
0.100	-5.000	0.099	-0.032	0.000
0.100	-5.000	0.099	-0.032	0.000
0.100	-5.000	0.100	0.013	0.000
0.100	-5.000	0.100	0.013	0.000
0.100	-5.000	0.099	-0.032	0.000
0.100	-5.000	0.099	-0.032	0.000
0.100	-5.000	0.099	-0.032	0.000
0.100	-5.000	0.099	-0.032	0.000
0.100	-5.000	0.099	-0.032	0.000
0.100	-5.000	0.100	0.013	0.000
0.100	-5.000	0.097	-0.076	0.000
0.100	-5.000	0.099	-0.032	0.000
0.100	-5.000	0.099	-0.032	0.000
0.100	-5.000	0.099	-0.032	0.000
0.100	-5.000	0.100	0.013	0.000
0.100	-5.000	0.099	-0.032	0.000
0.100	-5.000	0.099	-0.032	0.000
0.100	-5.000	0.099	-0.032	0.000
0.100	-5.000	0.100	0.013	0.000
0.100	-5.000	0.099	-0.032	0.000
0.100	-5.000	0.099	-0.032	0.000
0.100	-5.000	0.100	0.013	0.000
0.100	-5.000	0.099	-0.032	0.000
0.100	-5.000	0.097	-0.076	0.000
0.100	-5.000	0.099	-0.032	0.000
0.100	-5.000	0.100	0.013	0.000
0.100	-5.000	0.102	0.057	0.000
0.100	-5.000	0.099	-0.032	0.000
0.100	-5.000	0.099	-0.032	0.000
0.100	-5.000	0.099	-0.032	0.000
0.100	-5.000	0.099	-0.032	0.000
0.100	-5.000	0.099	-0.032	0.000
0.100	-5.000	0.100	0.013	0.000
0.100	-5.000	0.100	0.013	0.000
0.100	-5.000	0.100	0.013	0.000
0.100	-5.000	0.099	-0.032	0.000
0.100	-5.000	0.099	-0.032	0.000
0.100	-5.000	0.099	-0.032	0.000
0.100	-5.000	0.100	0.013	0.000
0.100	-5.000	0.100	0.013	0.000
0.100	-5.000	0.099	-0.032	0.000
0.100	-5.000	0.099	-0.032	0.000
0.100	-5.000	0.099	-0.032	0.000
0.100	-5.000	0.099	-0.032	0.000
0.100	-5.000	0.097	-0.076	0.000
0.100	-5.000	0.100	0.013	0.000
0.100	-5.000	0.099	-0.032	0.000
0.100	-5.000	0.099	-0.032	0.000
0.100	-5.000	0.100	0.013	0.000
0.100	-5.000	0.099	-0.032	0.000
0.100	-5.000	0.099	-0.032	0.000
0.100	-5.000	0.100	0.013	0.000
0.100	-5.000	0.099	-0.032	0.000
0.100	-5.000	0.099	-0.032	0.000
0.100	-5.000	0.097	-0.076	0.000
0.100	-5.000	0.099	-0.032	0.000
0.100	-5.000	0.099	-0.032	0.000
0.100	-5.000	0.100	0.013	0.000
0.100	-5.000	0.097	-0.076	0.000
0.100	-5.000	0.100	0.013	0.000
0.100	-5.000	0.099	-0.032	0.000
0.100	-5.000	0.100	0.013	0.000
0.100	-5.000	0.099	-0.032	0.000
0.100	-5.000	0.099	-0.032	0.000
0.100	-5.000	0.099	-0.032	0.000
0.100	-5.000	0.100	0.013	0.000
0.100	-5.000	0.099	-0.032	0.000
0.100	-5.000	0.099	-0.032	0.000
0.100	-5.000	0.099	-0.032	0.000
0.100	-5.000	0.100	0.013	0.000
0.100	-5.000	0.099	-0.032	0.000
0.100	-5.000	0.100	0.013	0.000
0.100	-5.000	0.099	-0.032	0.000
0.100	-5.000	0.100	0.013	0.000
0.100	-5.000	0.099	-0.032	0.000
0.100	-5.000	0.100	0.013	0.000
0.100	-5.000	0.099	-0.032	0.000
0.100	-5.000	0.099	-0.032	0.000
0.100	-5.000	0.100	0.013	0.000
0.100	-5.000	0.099	-0.032	0.000
0.100	-5.000	0.100	0.013	0.000
0.100	-5.000	0.099	-0.032	0.000
0.100	-5.000	0.099	-0.032	0.000
0.100	-5.000	0.100	0.013	0.000
0.100	-5.000	0.100	0.013	0.000
0.100	-5.000	0.100	0.013	0.000
0.100	-5.000	0.097	-0.076	0.000
0.100	-5.000	0.100	0.013	0.000
0.100	-5.000	0.099	-0.032	0.000
0.100	-5.000	0.099	-0.032	0.000
0.100	-5.000	0.099	-0.032	0.000
0.100	-5.000	0.100	0.013	0.000
0.100	-5.000	0.100	0.013	0.000
0.100	-5.000	0.100	0.013	0.000
0.100	-5.000	0.099	-0.032	0.000
0.100	-5.000	0.100	0.013	0.000
0.100	-5.000	0.097	-0.076	0.000
0.100	-5.000	0.099	-0.032	0.000
0.100	-5.000	0.099	-0.032	0.000
0.100	-5.000	0.100	0.013	0.000
0.100	-5.000	0.099	-0.032	0.000
0.100	-5.000	0.097	-0.076	0.000
0.100	-5.000	0.099	-0.032	0.000
0.100	-5.000	0.099	-0.032	0.000
0.100	-5.000	0.099	-0.032	0.000
0.100	-5.000	0.099	-0.032	0.000
0.100	-5.000	0.100	0.013	0.000
0.000	-5.000	0.099	2.968	0.000
0.000	-5.000	0.099	2.968	0.000
0.000	-5.000	0.100	3.013	0.000
0.000	-5.000	0.102	3.057	0.000
0.000	-5.000	0.102	3.057	0.000
0.000	-5.000	0.102	3.057	0.000
0.000	-5.000	0.102	3.057	0.000
0.000	-5.000	0.102	3.057	0.000
0.000	-5.000	0.102	3.057	0.000
0.000	-5.000	0.100	3.013	0.000
0.000	-5.000	0.102	3.057	0.000
0.000	-5.000	0.099	2.968	0.000
0.000	-5.000	0.096	2.880	0.000
0.000	-5.000	0.093	2.791	0.000
0.000	-5.000	0.092	2.746	0.000
0.000	-5.000	0.089	2.658	0.000
0.000	-5.000	0.084	2.525	0.000
0.000	-5.000	0.084	2.525	0.000
0.000	-5.000	0.081	2.436	0.000
0.000	-5.000	0.078	2.347	0.000
0.000	-5.000	0.072	2.170	0.000
0.000	-5.000	0.069	2.081	0.000
0.000	-5.000	0.066	1.992	0.000
0.000	-5.000	0.065	1.948	0.000
0.000	-5.000	0.063	1.904	0.000
0.000	-5.000	0.059	1.771	0.000
0.000	-5.000	0.056	1.682	0.000
0.000	-5.000	0.052	1.549	0.000
0.000	-5.000	0.049	1.460	0.000
0.000	-5.000	0.047	1.416	0.000
0.000	-5.000	0.043	1.283	0.000
0.000	-5.000	0.043	1.283	0.000
0.000	-5.000	0.040	1.194	0.000
0.000	-5.000	0.035	1.061	0.000
0.000	-5.000	0.032	0.972	0.000
0.000	-5.000	0.029	0.884	0.000
0.000	-5.000	0.028	0.839	0.000
0.000	-5.000	0.024	0.706	0.000
0.000	-5.000	0.022	0.662	0.000
0.000	-5.000	0.019	0.573	0.000
0.000	-5.000	0.018	0.529	0.000
0.000	-5.000	0.013	0.396	0.000
0.000	-5.000	0.012	0.351	0.000
0.000	-5.000	0.010	0.307	0.000
0.000	-5.000	0.007	0.218	0.000
0.000	-5.000	0.003	0.085	0.000
0.000	-5.000	0.004	0.130	0.000
0.000	-5.000	0.001	0.041	0.000
0.000	-5.000	-0.002	-0.048	0.000
0.000	-5.000	-0.005	-0.136	0.000
0.000	-5.000	-0.005	-0.136	0.000
0.000	-5.000	-0.008	-0.225	0.000
0.000	-5.000	-0.008	-0.225	0.000
0.000	-5.000	-0.010	-0.314	0.000
0.000	-5.000	-0.013	-0.403	0.000
0.000	-5.000	-0.013	-0.403	0.000
0.000	-5.000	-0.015	-0.447	0.000
0.000	-5.000	-0.015	-0.447	0.000
0.000	-5.000	-0.016	-0.491	0.000
0.000	-5.000	-0.016	-0.491	0.000
0.000	-5.000	-0.018	-0.536	0.000
0.000	-5.000	-0.019	-0.580	0.000
0.000	-5.000	-0.019	-0.580	0.000
0.000	-5.000	-0.019	-0.580	0.000
0.000	-5.000	-0.019	-0.580	0.000
0.000	-5.000	-0.021	-0.624	0.000
0.000	-5.000	-0.019	-0.580	0.000
0.000	-5.000	-0.021	-0.624	0.000
0.000	-5.000	-0.019	-0.580	0.000
0.000	-5.000	-0.019	-0.580	0.000
0.000	-5.000	-0.019	-0.580	0.000
0.000	-5.000	-0.018	-0.536	0.000
0.000	-5.000	-0.019	-0.580	0.000
0.000	-5.000	-0.019	-0.580	0.000
0.000	-5.000	-0.018	-0.536	0.000
0.000	-5.000	-0.018	-0.536	0.000
0.000	-5.000	-0.018	-0.536	0.000
0.000	-5.000	-0.019	-0.580	0.000
0.000	-5.000	-0.018	-0.536	0.000
0.000	-5.000	-0.019	-0.580	0.000
0.000	-5.000	-0.018	-0.536	0.000
0.000	-5.000	-0.016	-0.491	0.000
0.000	-5.000	-0.018	-0.536	0.000
0.000	-5.000	-0.018	-0.536	0.000
0.000	-5.000	-0.018	-0.536	0.000
0.000	-5.000	-0.019	-0.580	0.000
0.000	-5.000	-0.021	-0.624	0.000
0.000	-5.000	-0.018	-0.536	0.000
0.000	-5.000	-0.018	-0.536	0.000
0.000	-5.000	-0.016	-0.491	0.000
0.000	-5.000	-0.018	-0.536	0.000
0.000	-5.000	-0.018	-0.536	0.000
0.000	-5.000	-0.016	-0.491	0.000
0.000	-5.000	-0.013	-0.403	0.000
0.000	-5.000	-0.013	-0.403	0.000
0.000	-5.000	-0.013	-0.403	0.000
0.000	-5.000	-0.013	-0.403	0.000
0.000	-5.000	-0.013	-0.403	0.000
0.000	-5.000	-0.012	-0.358	0.000
0.000	-5.000	-0.010	-0.314	0.000
0.000	-5.000	-0.009	-0.269	0.000
0.000	-5.000	-0.008	-0.225	0.000
0.000	-5.000	-0.010	-0.314	0.000
0.000	-5.000	-0.008	-0.225	0.000
0.000	-5.000	-0.008	-0.225	0.000
0.000	-5.000	-0.006	-0.181	0.000
0.000	-5.000	-0.008	-0.225	0.000
0.000	-5.000	-0.006	-0.181	0.000
0.000	-5.000	-0.003	-0.092	0.000
0.000	-5.000	-0.003	-0.092	0.000
0.000	-5.000	-0.005	-0.136	0.000
0.000	-5.000	-0.003	-0.092	0.000
0.000	-5.000	-0.002	-0.048	0.000
0.000	-5.000	-0.002	-0.048	0.000
0.000	-5.000	-0.002	-0.048	0.000
0.000	-5.000	-0.002	-0.048	0.000
0.000	-5.000	-0.002	-0.048	0.000
0.000	-5.000	-0.002	-0.048	0.000
0.000	-5.000	-0.002	-0.048	0.000
0.000	-5.000	-0.002	-0.048	0.000
0.000	-5.000	0.001	0.041	0.000
0.000	-5.000	0.001	0.041	0.000
0.000	-5.000	-0.000	-0.003	0.000
0.000	-5.000	-0.000	-0.003	0.000
0.000	-5.000	0.001	0.041	0.000
0.000	-5.000	0.001	0.041	0.000
0.000	-5.000	0.001	0.041	0.000
0.000	-5.000	0.001	0.041	0.000
0.000	-5.000	-0.000	-0.003	0.000
0.000	-5.000	0.001	0.041	0.000
0.000	-5.000	0.001	0.041	0.000
0.000	-5.000	0.001	0.041	0.000
0.000	-5.000	0.001	0.041	0.000
0.000	-5.000	0.001	0.041	0.000
0.000	-5.000	0.001	0.041	0.000
0.000	-5.000	0.001	0.041	0.000
0.000	-5.000	0.004	0.130	0.000
0.000	-5.000	0.001	0.041	0.000
0.000	-5.000	0.001	0.041	0.000
0.000	-5.000	0.003	0.085	0.000
0.000	-5.000	0.004	0.130	0.000
0.000	-5.000	0.004	0.130	0.000
0.000	-5.000	0.003	0.085	0.000
0.000	-5.000	0.003	0.085	0.000
0.000	-5.000	0.004	0.130	0.000
0.000	-5.000	0.001	0.041	0.000
0.000	-5.000	0.004	0.130	0.000
0.000	-5.000	0.001	0.041	0.000
0.000	-5.000	0.004	0.130	0.000
0.000	-5.000	0.001	0.041	0.000
0.000	-5.000	0.003	0.085	0.000
0.000	-5.000	0.001	0.041	0.000
0.000	-5.000	0.003	0.085	0.000
0.000	-5.000	0.003	0.085	0.000
0.000	-5.000	0.001	0.041	0.000
0.000	-5.000	0.001	0.041	0.000
0.000	-5.000	-0.000	-0.003	0.000
0.000	-5.000	0.001	0.041	0.000
0.000	-5.000	0.003	0.085	0.000
0.000	-5.000	0.001	0.041	0.000
0.000	-5.000	0.001	0.041	0.000
0.000	-5.000	0.004	0.130	0.000
0.000	-5.000	0.004	0.130	0.000
0.000	-5.000	0.003	0.085	0.000
0.000	-5.000	0.001	0.041	0.000
0.000	-5.000	0.003	0.085	0.000
0.000	-5.000	0.003	0.085	0.000
0.000	-5.000	0.001	0.041	0.000
0.000	-5.000	0.001	0.041	0.000
0.000	-5.000	0.001	0.041	0.000
0.000	-5.000	0.001	0.041	0.000
0.000	-5.000	0.001	0.041	0.000
0.000	-5.000	0.003	0.085	0.000
0.000	-5.000	0.004	0.130	0.000
0.000	-5.000	0.003	0.085	0.000
0.000	-5.000	0.001	0.041	0.000
0.000	-5.000	0.003	0.085	0.000
0.000	-5.000	0.001	0.041	0.000
0.000	-5.000	0.004	0.130	0.000
0.000	-5.000	0.003	0.085	0.000
0.000	-5.000	0.003	0.085	0.000
0.000	-5.000	0.004	0.130	0.000
0.000	-5.000	0.004	0.130	0.000
0.000	-5.000	0.003	0.085	0.000
0.000	-5.000	0.003	0.085	0.000
0.000	-5.000	0.004	0.130	0.000
0.000	-5.000	0.001	0.041	0.000
0.000	-5.000	0.003	0.085	0.000
0.000	-5.000	0.003	0.085	0.000
0.000	-5.000	0.006	0.174	0.000
0.000	-5.000	0.004	0.130	0.000
0.000	-5.000	0.001	0.041	0.000
0.000	-5.000	0.003	0.085	0.000
0.000	-5.000	0.004	0.130	0.000
0.000	-5.000	0.003	0.085	0.000
0.000	-5.000	0.001	0.041	0.000
0.000	-5.000	0.001	0.041	0.000
0.000	-5.000	0.003	0.085	0.000
0.000	-5.000	0.003	0.085	0.000
0.000	-5.000	0.001	0.041	0.000
0.000	-5.000	0.004	0.130	0.000
0.000	-5.000	0.001	0.041	0.000
0.000	-5.000	0.004	0.130	0.000
0.000	-5.000	0.001	0.041	0.000
0.000	-5.000	0.003	0.085	0.000
0.000	-5.000	0.001	0.041	0.000
0.000	-5.000	0.001	0.041	0.000
0.000	-5.000	0.003	0.085	0.000
0.000	-5.000	0.004	0.130	0.000
0.000	-5.000	0.004	0.130	0.000
0.000	-5.000	0.001	0.041	0.000
0.000	-5.000	0.004	0.130	0.000
0.000	-5.000	0.003	0.085	0.000
0.000	-5.000	0.004	0.130	0.000
0.000	-5.000	0.003	0.085	0.000
0.000	-5.000	0.003	0.085	0.000
0.000	-5.000	0.001	0.041	0.000
0.000	-5.000	0.003	0.085	0.000
0.000	-5.000	0.003	0.085	0.000
0.000	-5.000	0.004	0.130	0.000
0.000	-5.000	0.003	0.085	0.000
0.000	-5.000	0.003	0.085	0.000
0.000	-5.000	0.004	0.130	0.000
0.000	-5.000	0.004	0.130	0.000
0.000	-5.000	0.001	0.041	0.000
0.000	-5.000	0.001	0.041	0.000
0.000	-5.000	0.004	0.130	0.000
0.000	-5.000	0.004	0.130	0.000
0.000	-5.000	0.001	0.041	0.000
0.000	-5.000	0.001	0.041	0.000
0.000	-5.000	0.003	0.085	0.000
0.000	-5.000	0.001	0.041	0.000
0.000	-5.000	0.003	0.085	0.000
0.000	-5.000	0.004	0.130	0.000
0.000	-5.000	0.001	0.041	0.000
0.000	-5.000	0.004	0.130	0.000
0.000	-5.000	0.004	0.130	0.000
0.000	-5.000	0.003	0.085	0.000
0.000	-5.000	0.003	0.085	0.000
0.000	-5.000	0.003	0.085	0.000
0.000	-5.000	0.003	0.085	0.000
0.000	-5.000	0.001	0.041	0.000
0.000	-5.000	0.004	0.130	0.000
0.000	-5.000	0.001	0.041	0.000
0.000	-5.000	0.004	0.130	0.000
0.000	-5.000	0.001	0.041	0.000
0.000	-5.000	0.001	0.041	0.000
0.000	-5.000	0.003	0.085	0.000
0.000	-5.000	0.003	0.085	0.000
0.000	-5.000	0.001	0.041	0.000
0.000	-5.000	0.004	0.130	0.000
0.000	-5.000	0.003	0.085	0.000
0.000	-5.000	0.003	0.085	0.000
0.000	-5.000	0.003	0.085	0.000
0.000	-5.000	-0.000	-0.003	0.000
0.000	-5.000	0.001	0.041	0.000
0.000	-5.000	0.003	0.085	0.000
0.000	-5.000	0.001	0.041	0.000
0.000	-5.000	0.001	0.041	0.000
0.000	-5.000	0.001	0.041	0.000
0.000	-5.000	0.001	0.041	0.000
0.000	-5.000	0.001	0.041	0.000
0.000	-5.000	0.003	0.085	0.000
0.000	-5.000	0.001	0.041	0.000
0.000	-5.000	0.001	0.041	0.000
0.000	-5.000	0.001	0.041	0.000
0.000	-5.000	0.001	0.041	0.000
0.000	-5.000	-0.000	-0.003	0.000
0.000	-5.000	0.001	0.041	0.000
0.000	-5.000	0.001	0.041	0.000
0.000	-5.000	0.001	0.041	0.000
0.000	-5.000	0.001	0.041	0.000
0.000	-5.000	0.003	0.085	0.000
0.000	-5.000	-0.000	-0.003	0.000
0.000	-5.000	0.001	0.041	0.000
0.000	-5.000	-0.002	-0.048	0.000
0.000	-5.000	0.001	0.041	0.000
0.000	-5.000	0.001	0.041	0.000
0.000	-5.000	-0.002	-0.048	0.000
0.000	-5.000	-0.002	-0.048	0.000
0.000	-5.000	0.001	0.041	0.000
0.000	-5.000	-0.000	-0.003	0.000
0.000	-5.000	0.001	0.041	0.000
0.000	-5.000	-0.000	-0.003	0.000
0.000	-5.000	0.001	0.041	0.000
0.000	-5.000	-0.000	-0.003	0.000
0.000	-5.000	-0.002	-0.048	0.000
0.000	-5.000	0.001	0.041	0.000
0.000	-5.000	-0.002	-0.048	0.000
0.000	-5.000	-0.002	-0.048	0.000
0.000	-5.000	0.001	0.041	0.000
0.000	-5.000	0.001	0.041	0.000
0.000	-5.000	-0.000	-0.003	0.000
0.000	-5.000	-0.002	-0.048	0.000
0.000	-5.000	-0.002	-0.048	0.000
0.000	-5.000	0.001	0.041	0.000
0.000	-5.000	-0.000	-0.003	0.000
0.000	-5.000	0.001	0.041	0.000
0.000	-5.000	0.001	0.041	0.000
0.000	-5.000	0.001	0.041	0.000
0.000	-5.000	0.001	0.041	0.000
0.000	-5.000	0.001	0.041	0.000
0.000	-5.000	-0.000	-0.003	0.000
0.000	-5.000	0.001	0.041	0.000
0.000	-5.000	0.001	0.041	0.000
0.000	-5.000	0.001	0.041	0.000
0.000	-5.000	0.001	0.041	0.000
0.000	-5.000	-0.000	-0.003	0.000
0.000	-5.000	-0.002	-0.048	0.000
0.000	-5.000	0.001	0.041	0.000
0.000	-5.000	0.001	0.041	0.000
0.000	-5.000	-0.002	-0.048	0.000
0.000	-5.000	0.001	0.041	0.000
0.000	-5.000	0.001	0.041	0.000
0.000	-5.000	0.001	0.041	0.000
0.000	-5.000	0.001	0.041	0.000
0.000	-5.000	0.001	0.041	0.000
0.000	-5.000	0.001	0.041	0.000
0.000	-5.000	0.001	0.041	0.000
0.000	-5.000	0.001	0.041	0.000
0.000	-5.000	-0.002	-0.048	0.000
0.000	-5.000	-0.000	-0.003	0.000
0.000	-5.000	0.001	0.041	0.000
0.000	-5.000	-0.002	-0.048	0.000
0.000	-5.000	0.001	0.041	0.000
0.000	-5.000	0.001	0.041	0.000
0.000	-5.000	0.001	0.041	0.000
0.000	-5.000	0.001	0.041	0.000
0.000	-5.000	-0.000	-0.003	0.000
0.000	-5.000	-0.000	-0.003	0.000
0.000	-5.000	0.001	0.041	0.000
0.000	-5.000	-0.002	-0.048	0.000
0.000	-5.000	0.001	0.041	0.000
0.000	-5.000	0.001	0.041	0.000
0.000	-5.000	-0.000	-0.003	0.000
0.000	-5.000	0.001	0.041	0.000
0.000	-5.000	0.001	0.041	0.000
0.000	-5.000	0.001	0.041	0.000
0.000	-5.000	0.001	0.041	0.000
0.000	-5.000	-0.002	-0.048	0.000
0.000	-5.000	0.001	0.041	0.000
0.000	-5.000	0.001	0.041	0.000
0.000	-5.000	-0.000	-0.003	0.000
0.000	-5.000	-0.000	-0.003	0.000
0.000	-5.000	0.001	0.041	0.000
0.000	-5.000	-0.002	-0.048	0.000
0.000	-5.000	0.001	0.041	0.000
0.000	-5.000	0.001	0.041	0.000
0.000	-5.000	0.001	0.041	0.000
0.000	-5.000	-0.002	-0.048	0.000
0.000	-5.000	0.001	0.041	0.000
0.000	-5.000	-0.002	-0.048	0.000
0.000	-5.000	-0.000	-0.003	0.000
0.000	-5.000	-0.000	-0.003	0.000
0.000	-5.000	0.001	0.041	0.000
0.000	-5.000	0.001	0.041	0.000
0.000	-5.000	0.001	0.041	0.000
0.000	-5.000	0.001	0.041	0.000
0.000	-5.000	0.001	0.041	0.000
0.000	-5.000	-0.002	-0.048	0.000
0.000	-5.000	0.001	0.041	0.000
0.000	-5.000	0.001	0.041	0.000
0.000	-5.000	0.001	0.041	0.000
0.000	-5.000	-0.002	-0.048	0.000
0.000	-5.000	0.001	0.041	0.000
0.000	-5.000	-0.000	-0.003	0.000
0.000	-5.000	0.003	0.085	0.000
0.000	-5.000	0.001	0.041	0.000
0.000	-5.000	-0.002	-0.048	0.000
0.000	-5.000	0.001	0.041	0.000
0.000	-5.000	0.001	0.041	0.000
0.000	-5.000	-0.000	-0.003	0.000
0.000	-5.000	-0.000	-0.003	0.000
0.000	-5.000	0.001	0.041	0.000
0.000	-5.000	0.001	0.041	0.000
0.000	-5.000	0.001	0.041	0.000
0.000	-5.000	0.001	0.041	0.000
0.000	-5.000	0.001	0.041	0.000
0.000	-5.000	0.001	0.041	0.000
0.000	-5.000	0.001	0.041	0.000
0.000	-5.000	0.001	0.041	0.000
0.000	-5.000	-0.000	-0.003	0.000
0.000	-5.000	0.003	0.085	0.000
0.000	-5.000	0.001	0.041	0.000
0.000	-5.000	0.001	0.041	0.000
0.000	-5.000	-0.000	-0.003	0.000
0.000	-5.000	0.001	0.041	0.000
0.000	-5.000	0.001	0.041	0.000
0.000	-5.000	0.001	0.041	0.000
0.000	-5.000	0.001	0.041	0.000
0.000	-5.000	0.001	0.041	0.000
0.000	-5.000	0.001	0.041	0.000
0.000	-5.000	-0.002	-0.048	0.000
0.000	-5.000	0.001	0.041	0.000
0.000	-5.000	0.001	0.041	0.000
0.000	-5.000	0.001	0.041	0.000
0.000	-5.000	-0.002	-0.048	0.000
0.000	-5.000	0.001	0.041	0.000
0.000	-5.000	-0.002	-0.048	0.000
0.000	-5.000	0.001	0.041	0.000
0.000	-5.000	-0.000	-0.003	0.000
0.000	-5.000	0.001	0.041	0.000
0.000	-5.000	-0.000	-0.003	0.000
0.000	-5.000	-0.002	-0.048	0.000
0.000	-5.000	0.001	0.041	0.000
0.000	-5.000	0.003	0.085	0.000
0.000	-5.000	0.001	0.041	0.000
0.000	-5.000	0.001	0.041	0.000
0.000	-5.000	0.001	0.041	0.000
0.000	-5.000	-0.002	-0.048	0.000
0.000	-5.000	0.001	0.041	0.000
0.000	-5.000	-0.002	-0.048	0.000
0.000	-5.000	-0.000	-0.003	0.000
0.000	-5.000	0.001	0.041	0.000
0.000	-5.000	0.001	0.041	0.000
0.000	-5.000	0.001	0.041	0.000
0.000	-5.000	-0.000	-0.003	0.000
0.000	-5.000	0.001	0.041	0.000
0.000	-5.000	0.001	0.041	0.000
0.000	-5.000	-0.000	-0.003	0.000
0.000	-5.000	-0.002	-0.048	0.000
0.000	-5.000	0.001	0.041	0.000
0.000	-5.000	0.001	0.041	0.000
0.000	-5.000	-0.000	-0.003	0.000
0.000	-5.000	-0.000	-0.003	0.000
0.000	-5.000	0.001	0.041	0.000
0.000	-5.000	0.001	0.041	0.000
0.000	-5.000	-0.002	-0.048	0.000
0.000	-5.000	-0.000	-0.003	0.000
0.000	-5.000	0.003	0.085	0.000
0.000	-5.000	-0.000	-0.003	0.000
0.000	-5.000	-0.002	-0.048	0.000
0.000	-5.000	0.001	0.041	0.000
0.000	-5.000	0.001	0.041	0.000
0.000	-5.000	-0.000	-0.003	0.000
0.000	-5.000	-0.002	-0.048	0.000
0.000	-5.000	-0.002	-0.048	0.000
0.000	-5.000	-0.002	-0.048	0.000
0.000	-5.000	0.001	0.041	0.000
0.000	-5.000	0.001	0.041	0.000
0.000	-5.000	0.001	0.041	0.000
0.000	-5.000	0.001	0.041	0.000
0.000	-5.000	0.001	0.041	0.000
0.000	-5.000	-0.002	-0.048	0.000
0.000	-5.000	-0.002	-0.048	0.000
0.000	-5.000	0.001	0.041	0.000
0.000	-5.000	0.001	0.041	0.000
0.000	-5.000	0.001	0.041	0.000
0.000	-5.000	0.001	0.041	0.000
0.000	-5.000	0.001	0.041	0.000
0.000	-5.000	-0.000	-0.003	0.000
0.000	-5.000	0.001	0.041	0.000
0.000	-5.000	-0.002	-0.048	0.000
0.000	-5.000	0.001	0.041	0.000
0.000	-5.000	0.001	0.041	0.000
0.000	-5.000	0.001	0.041	0.000
0.000	-5.000	0.001	0.041	0.000
0.000	-5.000	0.001	0.041	0.000
0.000	-5.000	-0.000	-0.003	0.000
0.000	-5.000	-0.000	-0.003	0.000
0.000	-5.000	-0.000	-0.003	0.000
0.000	-5.000	0.001	0.041	0.000
0.000	-5.000	0.001	0.041	0.000
0.000	-5.000	0.001	0.041	0.000
0.000	-5.000	0.001	0.041	0.000
0.000	-5.000	-0.000	-0.003	0.000
0.000	-5.000	0.001	0.041	0.000
0.000	-5.000	0.001	0.041	0.000
0.000	-5.000	0.001	0.041	0.000
0.000	-5.000	-0.002	-0.048	0.000
0.000	-5.000	0.001	0.041	0.000
0.000	-5.000	-0.002	-0.048	0.000
0.000	-5.000	0.001	0.041	0.000
0.000	-5.000	0.001	0.041	0.000
0.000	-5.000	-0.000	-0.003	0.000
0.000	-5.000	0.001	0.041	0.000
0.000	-5.000	-0.000	-0.003	0.000
0.000	-5.000	0.001	0.041	0.000
0.000	-5.000	0.001	0.041	0.000
0.000	-5.000	0.001	0.041	0.000
0.000	-5.000	-0.000	-0.003	0.000
0.000	-5.000	0.001	0.041	0.000
0.000	-5.000	0.001	0.041	0.000
0.000	-5.000	-0.002	-0.048	0.000
0.000	-5.000	-0.002	-0.048	0.000
0.000	-5.000	0.001	0.041	0.000
0.000	-5.000	0.001	0.041	0.000
0.000	-5.000	0.001	0.041	0.000
0.000	-5.000	0.001	0.041	0.000
0.000	-5.000	0.001	0.041	0.000
0.000	-5.000	0.001	0.041	0.000
0.000	-5.000	0.001	0.041	0.000
0.000	-5.000	0.001	0.041	0.000
0.000	-5.000	0.001	0.041	0.000
0.000	-5.000	0.001	0.041	0.000
0.000	-5.000	0.001	0.041	0.000
0.000	-5.000	0.001	0.041	0.000
0.000	-5.000	0.001	0.041	0.000
0.000	-5.000	-0.002	-0.048	0.000
0.000	-5.000	0.001	0.041	0.000
