ref	v	theta	v	ball
0.000	-5.000	0.049	0.000	0.000
0.000	-5.000	0.047	0.000	0.000
0.000	-5.000	0.047	0.000	0.000
0.003	-5.000	0.047	-0.065	0.000
0.004	-5.000	0.049	-0.068	0.000
0.005	-5.000	0.047	-0.062	0.000
0.006	-5.000	0.049	-0.065	0.000
0.007	-5.000	0.049	-0.063	0.000
0.008	-5.000	0.049	-0.062	0.000
0.009	-5.000	0.049	-0.060	0.000
0.010	-5.000	0.049	-0.059	0.000
0.011	-5.000	0.049	-0.057	0.000
0.012	-5.000	0.049	-0.056	0.000
0.013	-5.000	0.047	-0.050	0.000
0.014	-5.000	0.049	-0.053	0.000
0.015	-5.000	0.049	-0.051	0.000
0.016	-5.000	0.051	-0.053	0.000
0.017	-5.000	0.049	-0.048	0.000
0.018	-5.000	0.051	-0.050	0.000
0.019	-5.000	0.049	-0.045	0.000
0.020	-5.000	0.049	-0.044	0.000
0.021	-5.000	0.051	-0.046	0.000
0.022	-5.000	0.047	-0.037	0.000
0.023	-5.000	0.049	-0.039	0.000
0.024	-5.000	0.054	-0.045	0.000
0.025	-5.000	0.049	-0.036	0.000
0.026	-5.000	0.044	-0.027	0.000
0.027	-5.000	0.049	-0.033	0.000
0.028	-5.000	0.049	-0.032	0.000
0.029	-5.000	0.051	-0.034	0.000
0.030	-5.000	0.049	-0.029	0.000
0.031	-5.000	0.049	-0.027	0.000
0.032	-5.000	0.047	-0.022	0.000
0.033	-5.000	0.049	-0.024	0.000
0.034	-5.000	0.049	-0.023	0.000
0.035	-5.000	0.049	-0.021	0.000
0.036	-5.000	0.049	-0.020	0.000
0.037	-5.000	0.049	-0.018	0.000
0.038	-5.000	0.047	-0.013	0.000
0.039	-5.000	0.049	-0.015	0.000
0.040	-5.000	0.049	-0.014	0.000
0.041	-5.000	0.047	-0.008	0.000
0.042	-5.000	0.049	-0.011	0.000
0.043	-5.000	0.049	-0.009	0.000
0.044	-5.000	0.047	-0.004	0.000
0.045	-5.000	0.049	-0.006	0.000
0.046	-5.000	0.049	-0.005	0.000
0.047	-5.000	0.049	-0.003	0.000
0.048	-5.000	0.049	-0.002	0.000
0.049	-5.000	0.049	0.000	0.000
0.050	-5.000	0.049	0.001	0.000
0.051	-5.000	0.049	0.003	0.000
0.052	-5.000	0.049	0.004	0.000
0.053	-5.000	0.049	0.006	0.000
0.054	-5.000	0.051	0.004	0.000
0.055	-5.000	0.047	0.013	0.000
0.056	-5.000	0.049	0.010	0.000
0.057	-5.000	0.049	0.012	0.000
0.058	-5.000	0.047	0.017	0.000
0.059	-5.000	0.049	0.015	0.000
0.060	-5.000	0.047	0.020	0.000
0.061	-5.000	0.051	0.014	0.000
0.062	-5.000	0.047	0.023	0.000
0.063	-5.000	0.049	0.021	0.000
0.064	-5.000	0.049	0.022	0.000
0.065	-5.000	0.049	0.024	0.000
0.066	-5.000	0.049	0.025	0.000
0.067	-5.000	0.049	0.027	0.000
0.068	-5.000	0.049	0.028	0.000
0.069	-5.000	0.049	0.030	0.000
0.070	-5.000	0.049	0.031	0.000
0.071	-5.000	0.049	0.033	0.000
0.072	-5.000	0.049	0.034	0.000
0.073	-5.000	0.051	0.032	0.000
0.074	-5.000	0.049	0.037	0.000
0.075	-5.000	0.049	0.039	0.000
0.076	-5.000	0.049	0.040	0.000
0.077	-5.000	0.049	0.042	0.000
0.078	-5.000	0.049	0.043	0.000
0.079	-5.000	0.049	0.045	0.000
0.080	-5.000	0.049	0.046	0.000
0.081	-5.000	0.049	0.048	0.000
0.082	-5.000	0.049	0.049	0.000
0.083	-5.000	0.049	0.051	0.000
0.084	-5.000	0.047	0.056	0.000
0.085	-5.000	0.049	0.054	0.000
0.086	-5.000	0.051	0.052	0.000
0.087	-5.000	0.049	0.057	0.000
0.088	-5.000	0.049	0.058	0.000
0.089	-5.000	0.049	0.060	0.000
0.090	-5.000	0.049	0.061	0.000
0.091	-5.000	0.051	0.059	0.000
0.092	-5.000	0.049	0.064	0.000
0.093	-5.000	0.047	0.070	0.000
0.094	-5.000	0.051	0.064	0.000
0.095	-5.000	0.044	0.076	0.000
0.096	-5.000	0.051	0.067	0.000
0.097	-5.000	0.051	0.068	0.000
0.098	-5.000	0.049	0.073	0.000
0.099	-5.000	0.049	0.075	0.000
0.100	-5.000	0.049	0.076	0.000
0.101	-5.000	0.049	0.078	0.000
0.102	-5.000	0.049	0.079	0.000
0.103	-5.000	0.049	0.081	0.000
0.104	-5.000	0.051	0.079	0.000
0.105	-5.000	0.049	0.084	0.000
0.106	-5.000	0.049	0.085	0.000
0.107	-5.000	0.049	0.087	0.000
0.108	-5.000	0.049	0.088	0.000
0.109	-5.000	0.049	0.090	0.000
0.110	-5.000	0.047	0.095	0.000
0.111	-5.000	0.049	0.093	0.000
0.112	-5.000	0.049	0.094	0.000
0.113	-5.000	0.047	0.100	0.000
0.114	-5.000	0.049	0.097	0.000
0.115	-5.000	0.049	0.099	0.000
0.116	-5.000	0.049	0.100	0.000
0.117	-5.000	0.049	0.102	0.000
0.118	-5.000	0.051	0.100	0.000
0.119	-5.000	0.049	0.105	0.000
0.120	-5.000	0.049	0.106	0.000
0.121	-5.000	0.049	0.108	0.000
0.122	-5.000	0.047	0.113	0.000
0.123	-5.000	0.049	0.111	0.000
0.124	-5.000	0.049	0.112	0.000
0.125	-5.000	0.049	0.114	0.000
0.126	-5.000	0.049	0.115	0.000
0.127	-5.000	0.049	0.117	0.000
0.128	-5.000	0.049	0.118	0.000
0.129	-5.000	0.049	0.120	0.000
0.130	-5.000	0.049	0.121	0.000
0.131	-5.000	0.044	0.130	0.000
0.132	-5.000	0.049	0.124	0.000
0.133	-5.000	0.051	0.122	0.000
0.134	-5.000	0.049	0.127	0.000
0.135	-5.000	0.049	0.129	0.000
0.136	-5.000	0.049	0.130	0.000
0.137	-5.000	0.049	0.132	0.000
0.138	-5.000	0.051	0.130	0.000
0.139	-5.000	0.049	0.135	0.000
0.140	-5.000	0.049	0.136	0.000
0.141	-5.000	0.049	0.138	0.000
0.142	-5.000	0.051	0.136	0.000
0.143	-5.000	0.051	0.137	0.000
0.144	-5.000	0.054	0.135	0.000
0.145	-5.000	0.051	0.140	0.000
0.146	-5.000	0.049	0.145	0.000
0.147	-5.000	0.054	0.140	0.000
0.148	-5.000	0.049	0.148	0.000
0.149	-5.000	0.049	0.150	0.000
0.150	-5.000	0.054	0.144	0.000
0.151	-5.000	0.049	0.153	0.000
0.152	-5.000	0.049	0.154	0.000
0.153	-5.000	0.054	0.149	0.000
0.154	-5.000	0.054	0.150	0.000
0.155	-5.000	0.049	0.159	0.000
0.156	-5.000	0.051	0.157	0.000
0.157	-5.000	0.054	0.155	0.000
0.158	-5.000	0.049	0.163	0.000
0.159	-5.000	0.051	0.161	0.000
0.160	-5.000	0.054	0.159	0.000
0.161	-5.000	0.051	0.164	0.000
0.162	-5.000	0.054	0.162	0.000
0.163	-5.000	0.054	0.164	0.000
0.164	-5.000	0.056	0.161	0.000
0.165	-5.000	0.056	0.163	0.000
0.166	-5.000	0.056	0.164	0.000
0.167	-5.000	0.054	0.170	0.000
0.168	-5.000	0.054	0.171	0.000
0.169	-5.000	0.056	0.169	0.000
0.170	-5.000	0.056	0.170	0.000
0.171	-5.000	0.056	0.172	0.000
0.172	-5.000	0.054	0.177	0.000
0.173	-5.000	0.054	0.179	0.000
0.174	-5.000	0.056	0.176	0.000
0.175	-5.000	0.054	0.182	0.000
0.176	-5.000	0.056	0.179	0.000
0.177	-5.000	0.059	0.177	0.000
0.178	-5.000	0.056	0.182	0.000
0.179	-5.000	0.056	0.184	0.000
0.180	-5.000	0.059	0.182	0.000
0.181	-5.000	0.059	0.183	0.000
0.182	-5.000	0.059	0.185	0.000
0.183	-5.000	0.059	0.186	0.000
0.184	-5.000	0.059	0.188	0.000
0.185	-5.000	0.056	0.193	0.000
0.186	-5.000	0.059	0.191	0.000
0.187	-5.000	0.059	0.192	0.000
0.188	-5.000	0.059	0.194	0.000
0.189	-5.000	0.061	0.192	0.000
0.190	-5.000	0.064	0.190	0.000
0.191	-5.000	0.059	0.198	0.000
0.192	-5.000	0.059	0.200	0.000
0.193	-5.000	0.061	0.198	0.000
0.194	-5.000	0.061	0.199	0.000
0.195	-5.000	0.064	0.197	0.000
0.196	-5.000	0.061	0.202	0.000
0.197	-5.000	0.061	0.204	0.000
0.198	-5.000	0.061	0.205	0.000
0.199	-5.000	0.064	0.203	0.000
0.200	-5.000	0.064	0.205	0.000
0.201	-5.000	0.066	0.202	0.000
0.202	-5.000	0.066	0.204	0.000
0.203	-5.000	0.064	0.209	0.000
0.204	-5.000	0.064	0.211	0.000
0.205	-5.000	0.066	0.208	0.000
0.206	-5.000	0.064	0.214	0.000
0.207	-5.000	0.066	0.211	0.000
0.208	-5.000	0.066	0.213	0.000
0.209	-5.000	0.064	0.218	0.000
0.210	-5.000	0.066	0.216	0.000
0.211	-5.000	0.069	0.214	0.000
0.212	-5.000	0.069	0.215	0.000
0.213	-5.000	0.064	0.224	0.000
0.214	-5.000	0.069	0.218	0.000
0.215	-5.000	0.069	0.220	0.000
0.216	-5.000	0.069	0.221	0.000
0.217	-5.000	0.069	0.223	0.000
0.218	-5.000	0.066	0.228	0.000
0.219	-5.000	0.071	0.222	0.000
0.220	-5.000	0.069	0.227	0.000
0.221	-5.000	0.069	0.229	0.000
0.222	-5.000	0.069	0.230	0.000
0.223	-5.000	0.069	0.232	0.000
0.224	-5.000	0.073	0.226	0.000
0.225	-5.000	0.069	0.235	0.000
0.226	-5.000	0.069	0.236	0.000
0.227	-5.000	0.076	0.227	0.000
0.228	-5.000	0.073	0.232	0.000
0.229	-5.000	0.073	0.233	0.000
0.230	-5.000	0.073	0.235	0.000
0.231	-5.000	0.073	0.236	0.000
0.232	-5.000	0.073	0.238	0.000
0.233	-5.000	0.078	0.232	0.000
0.234	-5.000	0.078	0.234	0.000
0.235	-5.000	0.078	0.235	0.000
0.236	-5.000	0.073	0.244	0.000
0.237	-5.000	0.078	0.238	0.000
0.238	-5.000	0.073	0.247	0.000
0.239	-5.000	0.078	0.241	0.000
0.240	-5.000	0.078	0.243	0.000
0.241	-5.000	0.076	0.248	0.000
0.242	-5.000	0.078	0.246	0.000
0.243	-5.000	0.081	0.243	0.000
0.244	-5.000	0.081	0.245	0.000
0.245	-5.000	0.078	0.250	0.000
0.246	-5.000	0.081	0.248	0.000
0.247	-5.000	0.081	0.249	0.000
0.248	-5.000	0.081	0.251	0.000
0.249	-5.000	0.083	0.249	0.000
0.250	-5.000	0.081	0.254	0.000
0.251	-5.000	0.081	0.255	0.000
0.252	-5.000	0.081	0.257	0.000
0.253	-5.000	0.083	0.255	0.000
0.254	-5.000	0.081	0.260	0.000
0.255	-5.000	0.083	0.258	0.000
0.256	-5.000	0.083	0.259	0.000
0.257	-5.000	0.083	0.261	0.000
0.258	-5.000	0.083	0.262	0.000
0.259	-5.000	0.083	0.264	0.000
0.260	-5.000	0.083	0.265	0.000
0.261	-5.000	0.083	0.267	0.000
0.262	-5.000	0.086	0.265	0.000
0.263	-5.000	0.088	0.262	0.000
0.264	-5.000	0.088	0.264	0.000
0.265	-5.000	0.086	0.269	0.000
0.266	-5.000	0.088	0.267	0.000
0.267	-5.000	0.088	0.268	0.000
0.268	-5.000	0.088	0.270	0.000
0.269	-5.000	0.088	0.271	0.000
0.270	-5.000	0.088	0.273	0.000
0.271	-5.000	0.088	0.274	0.000
0.272	-5.000	0.095	0.265	0.000
0.273	-5.000	0.093	0.270	0.000
0.274	-5.000	0.095	0.268	0.000
0.275	-5.000	0.098	0.266	0.000
0.276	-5.000	0.095	0.271	0.000
0.277	-5.000	0.098	0.269	0.000
0.278	-5.000	0.098	0.270	0.000
0.279	-5.000	0.100	0.268	0.000
0.280	-5.000	0.098	0.273	0.000
0.281	-5.000	0.098	0.275	0.000
0.282	-5.000	0.095	0.280	0.000
0.283	-5.000	0.098	0.278	0.000
0.284	-5.000	0.098	0.279	0.000
0.285	-5.000	0.098	0.281	0.000
0.286	-5.000	0.098	0.282	0.000
0.287	-5.000	0.095	0.287	0.000
0.288	-5.000	0.098	0.285	0.000
0.289	-5.000	0.098	0.287	0.000
0.290	-5.000	0.098	0.288	0.000
0.291	-5.000	0.098	0.290	0.000
0.292	-5.000	0.100	0.288	0.000
0.293	-5.000	0.098	0.293	0.000
0.294	-5.000	0.098	0.294	0.000
0.295	-5.000	0.100	0.292	0.000
0.296	-5.000	0.103	0.290	0.000
0.297	-5.000	0.103	0.291	0.000
0.298	-5.000	0.103	0.293	0.000
0.299	-5.000	0.105	0.291	0.000
0.300	-5.000	0.105	0.292	0.000
0.301	-5.000	0.105	0.294	0.000
0.302	-5.000	0.103	0.299	0.000
0.303	-5.000	0.108	0.293	0.000
0.304	-5.000	0.105	0.298	0.000
0.305	-5.000	0.103	0.303	0.000
0.306	-5.000	0.105	0.301	0.000
0.307	-5.000	0.108	0.299	0.000
0.308	-5.000	0.105	0.304	0.000
0.309	-5.000	0.108	0.302	0.000
0.310	-5.000	0.110	0.300	0.000
0.311	-5.000	0.108	0.305	0.000
0.312	-5.000	0.110	0.303	0.000
0.313	-5.000	0.110	0.304	0.000
0.314	-5.000	0.108	0.310	0.000
0.315	-5.000	0.112	0.304	0.000
0.316	-5.000	0.108	0.313	0.000
0.317	-5.000	0.110	0.310	0.000
0.318	-5.000	0.115	0.305	0.000
0.319	-5.000	0.115	0.306	0.000
0.320	-5.000	0.112	0.311	0.000
0.321	-5.000	0.112	0.313	0.000
0.322	-5.000	0.117	0.307	0.000
0.323	-5.000	0.112	0.316	0.000
0.324	-5.000	0.117	0.310	0.000
0.325	-5.000	0.117	0.311	0.000
0.326	-5.000	0.117	0.313	0.000
0.327	-5.000	0.117	0.314	0.000
0.328	-5.000	0.117	0.316	0.000
0.329	-5.000	0.120	0.314	0.000
0.330	-5.000	0.120	0.315	0.000
0.331	-5.000	0.122	0.313	0.000
0.332	-5.000	0.125	0.311	0.000
0.333	-5.000	0.122	0.316	0.000
0.334	-5.000	0.122	0.318	0.000
0.335	-5.000	0.122	0.319	0.000
0.336	-5.000	0.125	0.317	0.000
0.337	-5.000	0.125	0.318	0.000
0.338	-5.000	0.125	0.320	0.000
0.339	-5.000	0.127	0.318	0.000
0.340	-5.000	0.127	0.319	0.000
0.341	-5.000	0.125	0.324	0.000
0.342	-5.000	0.127	0.322	0.000
0.343	-5.000	0.127	0.324	0.000
0.344	-5.000	0.127	0.325	0.000
0.345	-5.000	0.130	0.323	0.000
0.346	-5.000	0.130	0.325	0.000
0.347	-5.000	0.132	0.322	0.000
0.348	-5.000	0.130	0.328	0.000
0.349	-5.000	0.134	0.322	0.000
0.350	-5.000	0.132	0.327	0.000
0.351	-5.000	0.132	0.328	0.000
0.352	-5.000	0.137	0.323	0.000
0.353	-5.000	0.134	0.328	0.000
0.354	-5.000	0.134	0.329	0.000
0.355	-5.000	0.134	0.331	0.000
0.356	-5.000	0.137	0.329	0.000
0.357	-5.000	0.134	0.334	0.000
0.358	-5.000	0.134	0.335	0.000
0.359	-5.000	0.137	0.333	0.000
0.360	-5.000	0.139	0.331	0.000
0.361	-5.000	0.139	0.332	0.000
0.362	-5.000	0.137	0.338	0.000
0.363	-5.000	0.139	0.335	0.000
0.364	-5.000	0.142	0.333	0.000
0.365	-5.000	0.142	0.335	0.000
0.366	-5.000	0.142	0.336	0.000
0.367	-5.000	0.142	0.338	0.000
0.368	-5.000	0.144	0.336	0.000
0.369	-5.000	0.144	0.337	0.000
0.370	-5.000	0.144	0.339	0.000
0.371	-5.000	0.147	0.336	0.000
0.372	-5.000	0.144	0.342	0.000
0.373	-5.000	0.147	0.339	0.000
0.374	-5.000	0.147	0.341	0.000
0.375	-5.000	0.147	0.342	0.000
0.376	-5.000	0.147	0.344	0.000
0.377	-5.000	0.147	0.345	0.000
0.378	-5.000	0.147	0.347	0.000
0.379	-5.000	0.149	0.345	0.000
0.380	-5.000	0.152	0.343	0.000
0.381	-5.000	0.147	0.351	0.000
0.382	-5.000	0.152	0.346	0.000
0.383	-5.000	0.154	0.344	0.000
0.384	-5.000	0.152	0.349	0.000
0.385	-5.000	0.156	0.343	0.000
0.386	-5.000	0.154	0.348	0.000
0.387	-5.000	0.156	0.346	0.000
0.388	-5.000	0.154	0.351	0.000
0.389	-5.000	0.154	0.353	0.000
0.390	-5.000	0.159	0.347	0.000
0.391	-5.000	0.159	0.348	0.000
0.392	-5.000	0.159	0.350	0.000
0.393	-5.000	0.159	0.351	0.000
0.394	-5.000	0.159	0.353	0.000
0.395	-5.000	0.164	0.347	0.000
0.396	-5.000	0.159	0.356	0.000
0.397	-5.000	0.161	0.354	0.000
0.398	-5.000	0.161	0.355	0.000
0.399	-5.000	0.164	0.353	0.000
0.400	-5.000	0.164	0.354	0.000
0.401	-5.000	0.166	0.352	0.000
0.402	-5.000	0.166	0.354	0.000
0.403	-5.000	0.169	0.352	0.000
0.404	-5.000	0.166	0.357	0.000
0.405	-5.000	0.166	0.358	0.000
0.406	-5.000	0.166	0.360	0.000
0.407	-5.000	0.169	0.358	0.000
0.408	-5.000	0.166	0.363	0.000
0.409	-5.000	0.174	0.353	0.000
0.410	-5.000	0.166	0.366	0.000
0.411	-5.000	0.174	0.356	0.000
0.412	-5.000	0.174	0.358	0.000
0.413	-5.000	0.171	0.363	0.000
0.414	-5.000	0.171	0.364	0.000
0.415	-5.000	0.174	0.362	0.000
0.416	-5.000	0.176	0.360	0.000
0.417	-5.000	0.176	0.362	0.000
0.418	-5.000	0.176	0.363	0.000
0.419	-5.000	0.178	0.361	0.000
0.420	-5.000	0.176	0.366	0.000
0.421	-5.000	0.178	0.364	0.000
0.422	-5.000	0.178	0.365	0.000
0.423	-5.000	0.181	0.363	0.000
0.424	-5.000	0.183	0.361	0.000
0.425	-5.000	0.178	0.370	0.000
0.426	-5.000	0.183	0.364	0.000
0.427	-5.000	0.181	0.369	0.000
0.428	-5.000	0.183	0.367	0.000
0.429	-5.000	0.183	0.369	0.000
0.430	-5.000	0.186	0.366	0.000
0.431	-5.000	0.186	0.368	0.000
0.432	-5.000	0.188	0.366	0.000
0.433	-5.000	0.186	0.371	0.000
0.434	-5.000	0.186	0.372	0.000
0.435	-5.000	0.191	0.367	0.000
0.436	-5.000	0.186	0.375	0.000
0.437	-5.000	0.188	0.373	0.000
0.438	-5.000	0.188	0.375	0.000
0.439	-5.000	0.186	0.380	0.000
0.440	-5.000	0.191	0.374	0.000
0.441	-5.000	0.193	0.372	0.000
0.442	-5.000	0.193	0.373	0.000
0.443	-5.000	0.191	0.379	0.000
0.444	-5.000	0.193	0.376	0.000
0.445	-5.000	0.193	0.378	0.000
0.446	-5.000	0.195	0.376	0.000
0.447	-5.000	0.198	0.374	0.000
0.448	-5.000	0.195	0.379	0.000
0.449	-5.000	0.198	0.377	0.000
0.450	-5.000	0.198	0.378	0.000
0.451	-5.000	0.200	0.376	0.000
0.452	-5.000	0.200	0.377	0.000
0.453	-5.000	0.200	0.379	0.000
0.454	-5.000	0.200	0.380	0.000
0.455	-5.000	0.203	0.378	0.000
0.456	-5.000	0.200	0.383	0.000
0.457	-5.000	0.200	0.385	0.000
0.458	-5.000	0.205	0.379	0.000
0.459	-5.000	0.205	0.381	0.000
0.460	-5.000	0.205	0.382	0.000
0.461	-5.000	0.205	0.384	0.000
0.462	-5.000	0.208	0.381	0.000
0.463	-5.000	0.205	0.387	0.000
0.464	-5.000	0.205	0.388	0.000
0.465	-5.000	0.208	0.386	0.000
0.466	-5.000	0.210	0.384	0.000
0.467	-5.000	0.208	0.389	0.000
0.468	-5.000	0.210	0.387	0.000
0.469	-5.000	0.213	0.385	0.000
0.470	-5.000	0.210	0.390	0.000
0.471	-5.000	0.210	0.391	0.000
0.472	-5.000	0.215	0.385	0.000
0.473	-5.000	0.213	0.391	0.000
0.474	-5.000	0.217	0.385	0.000
0.475	-5.000	0.215	0.390	0.000
0.476	-5.000	0.215	0.391	0.000
0.477	-5.000	0.215	0.393	0.000
0.478	-5.000	0.220	0.387	0.000
0.479	-5.000	0.220	0.389	0.000
0.480	-5.000	0.222	0.386	0.000
0.481	-5.000	0.220	0.392	0.000
0.482	-5.000	0.225	0.386	0.000
0.483	-5.000	0.222	0.391	0.000
0.484	-5.000	0.225	0.389	0.000
0.485	-5.000	0.227	0.387	0.000
0.486	-5.000	0.225	0.392	0.000
0.487	-5.000	0.222	0.397	0.000
0.488	-5.000	0.225	0.395	0.000
0.489	-5.000	0.225	0.396	0.000
0.490	-5.000	0.230	0.390	0.000
0.491	-5.000	0.230	0.392	0.000
0.492	-5.000	0.230	0.393	0.000
0.493	-5.000	0.227	0.399	0.000
0.494	-5.000	0.230	0.396	0.000
0.495	-5.000	0.235	0.391	0.000
0.496	-5.000	0.235	0.392	0.000
0.497	-5.000	0.232	0.397	0.000
0.498	-5.000	0.237	0.391	0.000
0.499	-5.000	0.235	0.397	0.000
0.500	-5.000	0.237	0.394	0.000
0.501	-5.000	0.237	0.396	0.000
0.502	-5.000	0.237	0.398	0.000
0.503	-5.000	0.237	0.399	0.000
0.504	-5.000	0.239	0.397	0.000
0.505	-5.000	0.239	0.398	0.000
0.506	-5.000	0.239	0.400	0.000
0.507	-5.000	0.242	0.398	0.000
0.508	-5.000	0.239	0.403	0.000
0.509	-5.000	0.242	0.401	0.000
0.510	-5.000	0.244	0.399	0.000
0.511	-5.000	0.244	0.400	0.000
0.512	-5.000	0.244	0.402	0.000
0.513	-5.000	0.247	0.399	0.000
0.514	-5.000	0.249	0.397	0.000
0.515	-5.000	0.244	0.406	0.000
0.516	-5.000	0.247	0.404	0.000
0.517	-5.000	0.244	0.409	0.000
0.518	-5.000	0.249	0.403	0.000
0.519	-5.000	0.249	0.405	0.000
0.520	-5.000	0.249	0.406	0.000
0.521	-5.000	0.252	0.404	0.000
0.522	-5.000	0.254	0.402	0.000
0.523	-5.000	0.254	0.403	0.000
0.524	-5.000	0.254	0.405	0.000
0.525	-5.000	0.254	0.406	0.000
0.526	-5.000	0.257	0.404	0.000
0.527	-5.000	0.259	0.402	0.000
0.528	-5.000	0.259	0.404	0.000
0.529	-5.000	0.259	0.405	0.000
0.530	-5.000	0.259	0.407	0.000
0.531	-5.000	0.261	0.404	0.000
0.532	-5.000	0.261	0.406	0.000
0.533	-5.000	0.264	0.404	0.000
0.534	-5.000	0.259	0.413	0.000
0.535	-5.000	0.266	0.403	0.000
0.536	-5.000	0.264	0.408	0.000
0.537	-5.000	0.264	0.410	0.000
0.538	-5.000	0.266	0.408	0.000
0.539	-5.000	0.266	0.409	0.000
0.540	-5.000	0.266	0.411	0.000
0.541	-5.000	0.266	0.412	0.000
0.542	-5.000	0.269	0.410	0.000
0.543	-5.000	0.271	0.408	0.000
0.544	-5.000	0.271	0.409	0.000
0.545	-5.000	0.271	0.411	0.000
0.546	-5.000	0.274	0.409	0.000
0.547	-5.000	0.274	0.410	0.000
0.548	-5.000	0.271	0.415	0.000
0.549	-5.000	0.276	0.409	0.000
0.550	-5.000	0.276	0.411	0.000
0.551	-5.000	0.279	0.409	0.000
0.552	-5.000	0.276	0.414	0.000
0.553	-5.000	0.279	0.412	0.000
0.554	-5.000	0.279	0.413	0.000
0.555	-5.000	0.279	0.415	0.000
0.556	-5.000	0.281	0.413	0.000
0.557	-5.000	0.283	0.410	0.000
0.558	-5.000	0.283	0.412	0.000
0.559	-5.000	0.283	0.413	0.000
0.560	-5.000	0.283	0.415	0.000
0.561	-5.000	0.283	0.416	0.000
0.562	-5.000	0.288	0.411	0.000
0.563	-5.000	0.286	0.416	0.000
0.564	-5.000	0.288	0.414	0.000
0.565	-5.000	0.288	0.415	0.000
0.566	-5.000	0.288	0.417	0.000
0.567	-5.000	0.291	0.414	0.000
0.568	-5.000	0.288	0.420	0.000
0.569	-5.000	0.296	0.410	0.000
0.570	-5.000	0.291	0.419	0.000
0.571	-5.000	0.293	0.417	0.000
0.572	-5.000	0.293	0.418	0.000
0.573	-5.000	0.296	0.416	0.000
0.574	-5.000	0.293	0.421	0.000
0.575	-5.000	0.293	0.423	0.000
0.576	-5.000	0.296	0.421	0.000
0.577	-5.000	0.298	0.418	0.000
0.578	-5.000	0.298	0.420	0.000
0.579	-5.000	0.298	0.421	0.000
0.580	-5.000	0.300	0.419	0.000
0.581	-5.000	0.305	0.413	0.000
0.582	-5.000	0.303	0.419	0.000
0.583	-5.000	0.305	0.416	0.000
0.584	-5.000	0.303	0.422	0.000
0.585	-5.000	0.303	0.423	0.000
0.586	-5.000	0.305	0.421	0.000
0.587	-5.000	0.303	0.426	0.000
0.588	-5.000	0.308	0.420	0.000
0.589	-5.000	0.308	0.422	0.000
0.590	-5.000	0.310	0.420	0.000
0.591	-5.000	0.308	0.425	0.000
0.592	-5.000	0.313	0.419	0.000
0.593	-5.000	0.313	0.420	0.000
0.594	-5.000	0.315	0.418	0.000
0.595	-5.000	0.313	0.423	0.000
0.596	-5.000	0.315	0.421	0.000
0.597	-5.000	0.318	0.419	0.000
0.598	-5.000	0.318	0.421	0.000
0.599	-5.000	0.318	0.422	0.000
0.600	-5.000	0.318	0.424	0.000
0.601	-5.000	0.320	0.421	0.000
0.602	-5.000	0.318	0.427	0.000
0.603	-5.000	0.320	0.424	0.000
0.604	-5.000	0.322	0.422	0.000
0.605	-5.000	0.322	0.424	0.000
0.606	-5.000	0.322	0.425	0.000
0.607	-5.000	0.322	0.427	0.000
0.608	-5.000	0.325	0.425	0.000
0.609	-5.000	0.327	0.423	0.000
0.610	-5.000	0.330	0.420	0.000
0.611	-5.000	0.330	0.422	0.000
0.612	-5.000	0.330	0.423	0.000
0.613	-5.000	0.330	0.425	0.000
0.614	-5.000	0.330	0.426	0.000
0.615	-5.000	0.332	0.424	0.000
0.616	-5.000	0.330	0.429	0.000
0.617	-5.000	0.332	0.427	0.000
0.618	-5.000	0.335	0.425	0.000
0.619	-5.000	0.335	0.427	0.000
0.620	-5.000	0.335	0.428	0.000
0.621	-5.000	0.335	0.430	0.000
0.622	-5.000	0.337	0.427	0.000
0.623	-5.000	0.337	0.429	0.000
0.624	-5.000	0.340	0.427	0.000
0.625	-5.000	0.337	0.432	0.000
0.626	-5.000	0.337	0.433	0.000
0.627	-5.000	0.342	0.428	0.000
0.628	-5.000	0.342	0.429	0.000
0.629	-5.000	0.344	0.427	0.000
0.630	-5.000	0.344	0.428	0.000
0.631	-5.000	0.347	0.426	0.000
0.632	-5.000	0.349	0.424	0.000
0.633	-5.000	0.347	0.429	0.000
0.634	-5.000	0.349	0.427	0.000
0.635	-5.000	0.349	0.429	0.000
0.636	-5.000	0.352	0.426	0.000
0.637	-5.000	0.352	0.428	0.000
0.638	-5.000	0.352	0.429	0.000
0.639	-5.000	0.354	0.427	0.000
0.640	-5.000	0.352	0.432	0.000
0.641	-5.000	0.354	0.430	0.000
0.642	-5.000	0.357	0.428	0.000
0.643	-5.000	0.354	0.433	0.000
0.644	-5.000	0.359	0.427	0.000
0.645	-5.000	0.357	0.433	0.000
0.646	-5.000	0.359	0.430	0.000
0.647	-5.000	0.362	0.428	0.000
0.648	-5.000	0.362	0.430	0.000
0.649	-5.000	0.364	0.428	0.000
0.650	-5.000	0.362	0.433	0.000
0.651	-5.000	0.364	0.431	0.000
0.652	-5.000	0.364	0.432	0.000
0.653	-5.000	0.362	0.437	0.000
0.654	-5.000	0.366	0.431	0.000
0.655	-5.000	0.366	0.433	0.000
0.656	-5.000	0.366	0.434	0.000
0.657	-5.000	0.371	0.429	0.000
0.658	-5.000	0.371	0.430	0.000
0.659	-5.000	0.371	0.432	0.000
0.660	-5.000	0.374	0.429	0.000
0.661	-5.000	0.371	0.435	0.000
0.662	-5.000	0.374	0.432	0.000
0.663	-5.000	0.374	0.434	0.000
0.664	-5.000	0.374	0.435	0.000
0.665	-5.000	0.379	0.430	0.000
0.666	-5.000	0.376	0.435	0.000
0.667	-5.000	0.376	0.436	0.000
0.668	-5.000	0.381	0.430	0.000
0.669	-5.000	0.379	0.436	0.000
0.670	-5.000	0.379	0.437	0.000
0.671	-5.000	0.381	0.435	0.000
0.672	-5.000	0.381	0.436	0.000
0.673	-5.000	0.383	0.434	0.000
0.674	-5.000	0.381	0.439	0.000
0.675	-5.000	0.386	0.434	0.000
0.676	-5.000	0.386	0.435	0.000
0.677	-5.000	0.386	0.437	0.000
0.678	-5.000	0.386	0.438	0.000
0.679	-5.000	0.386	0.440	0.000
0.680	-5.000	0.388	0.437	0.000
0.681	-5.000	0.391	0.435	0.000
0.682	-5.000	0.391	0.437	0.000
0.683	-5.000	0.391	0.438	0.000
0.684	-5.000	0.391	0.440	0.000
0.685	-5.000	0.393	0.438	0.000
0.686	-5.000	0.396	0.435	0.000
0.687	-5.000	0.393	0.441	0.000
0.688	-5.000	0.396	0.438	0.000
0.689	-5.000	0.398	0.436	0.000
0.690	-5.000	0.401	0.434	0.000
0.691	-5.000	0.401	0.436	0.000
0.692	-5.000	0.401	0.437	0.000
0.693	-5.000	0.403	0.435	0.000
0.694	-5.000	0.401	0.440	0.000
0.695	-5.000	0.403	0.438	0.000
0.696	-5.000	0.405	0.436	0.000
0.697	-5.000	0.401	0.445	0.000
0.698	-5.000	0.405	0.439	0.000
0.699	-5.000	0.405	0.440	0.000
0.700	-5.000	0.410	0.434	0.000
0.701	-5.000	0.405	0.443	0.000
0.702	-5.000	0.410	0.437	0.000
0.703	-5.000	0.410	0.439	0.000
0.704	-5.000	0.410	0.440	0.000
0.705	-5.000	0.413	0.438	0.000
0.706	-5.000	0.413	0.440	0.000
0.707	-5.000	0.415	0.438	0.000
0.708	-5.000	0.415	0.439	0.000
0.709	-5.000	0.415	0.441	0.000
0.710	-5.000	0.413	0.446	0.000
0.711	-5.000	0.418	0.440	0.000
0.712	-5.000	0.418	0.442	0.000
0.713	-5.000	0.418	0.443	0.000
0.714	-5.000	0.418	0.445	0.000
0.715	-5.000	0.420	0.442	0.000
0.716	-5.000	0.423	0.440	0.000
0.717	-5.000	0.423	0.442	0.000
0.718	-5.000	0.420	0.447	0.000
0.719	-5.000	0.423	0.445	0.000
0.720	-5.000	0.425	0.443	0.000
0.721	-5.000	0.425	0.444	0.000
0.722	-5.000	0.425	0.446	0.000
0.723	-5.000	0.430	0.440	0.000
0.724	-5.000	0.430	0.441	0.000
0.725	-5.000	0.427	0.446	0.000
0.726	-5.000	0.430	0.444	0.000
0.727	-5.000	0.430	0.446	0.000
0.728	-5.000	0.432	0.444	0.000
0.729	-5.000	0.435	0.441	0.000
0.730	-5.000	0.437	0.439	0.000
0.731	-5.000	0.435	0.444	0.000
0.732	-5.000	0.435	0.446	0.000
0.733	-5.000	0.435	0.447	0.000
0.734	-5.000	0.440	0.442	0.000
0.735	-5.000	0.437	0.447	0.000
0.736	-5.000	0.440	0.445	0.000
0.737	-5.000	0.440	0.446	0.000
0.738	-5.000	0.440	0.448	0.000
0.739	-5.000	0.440	0.449	0.000
0.740	-5.000	0.442	0.447	0.000
0.741	-5.000	0.445	0.445	0.000
0.742	-5.000	0.440	0.454	0.000
0.743	-5.000	0.442	0.451	0.000
0.744	-5.000	0.445	0.449	0.000
0.745	-5.000	0.445	0.451	0.000
0.746	-5.000	0.449	0.445	0.000
0.747	-5.000	0.447	0.450	0.000
0.748	-5.000	0.452	0.444	0.000
0.749	-5.000	0.449	0.449	0.000
0.750	-5.000	0.452	0.447	0.000
0.751	-5.000	0.452	0.449	0.000
0.752	-5.000	0.452	0.450	0.000
0.753	-5.000	0.457	0.444	0.000
0.754	-5.000	0.454	0.450	0.000
0.755	-5.000	0.457	0.447	0.000
0.756	-5.000	0.459	0.445	0.000
0.757	-5.000	0.457	0.450	0.000
0.758	-5.000	0.459	0.448	0.000
0.759	-5.000	0.459	0.450	0.000
0.760	-5.000	0.459	0.451	0.000
0.761	-5.000	0.459	0.453	0.000
0.762	-5.000	0.462	0.451	0.000
0.763	-5.000	0.464	0.448	0.000
0.764	-5.000	0.464	0.450	0.000
0.765	-5.000	0.464	0.451	0.000
0.766	-5.000	0.469	0.446	0.000
0.767	-5.000	0.469	0.447	0.000
0.768	-5.000	0.471	0.445	0.000
0.769	-5.000	0.469	0.450	0.000
0.770	-5.000	0.464	0.459	0.000
0.771	-5.000	0.471	0.449	0.000
0.772	-5.000	0.471	0.451	0.000
0.773	-5.000	0.471	0.452	0.000
0.774	-5.000	0.474	0.450	0.000
0.775	-5.000	0.474	0.452	0.000
0.776	-5.000	0.476	0.450	0.000
0.777	-5.000	0.479	0.447	0.000
0.778	-5.000	0.476	0.453	0.000
0.779	-5.000	0.476	0.454	0.000
0.780	-5.000	0.479	0.452	0.000
0.781	-5.000	0.479	0.453	0.000
0.782	-5.000	0.479	0.455	0.000
0.783	-5.000	0.481	0.453	0.000
0.784	-5.000	0.481	0.454	0.000
0.785	-5.000	0.479	0.459	0.000
0.786	-5.000	0.484	0.454	0.000
0.787	-5.000	0.484	0.455	0.000
0.788	-5.000	0.484	0.457	0.000
0.789	-5.000	0.488	0.451	0.000
0.790	-5.000	0.488	0.452	0.000
0.791	-5.000	0.488	0.454	0.000
0.792	-5.000	0.491	0.452	0.000
0.793	-5.000	0.493	0.449	0.000
0.794	-5.000	0.493	0.451	0.000
0.795	-5.000	0.493	0.452	0.000
0.796	-5.000	0.493	0.454	0.000
0.797	-5.000	0.493	0.455	0.000
0.798	-5.000	0.493	0.457	0.000
0.799	-5.000	0.496	0.455	0.000
0.800	-5.000	0.498	0.453	0.000
0.801	-5.000	0.498	0.454	0.000
0.802	-5.000	0.498	0.456	0.000
0.803	-5.000	0.498	0.457	0.000
0.804	-5.000	0.498	0.459	0.000
0.805	-5.000	0.501	0.456	0.000
0.806	-5.000	0.503	0.454	0.000
0.807	-5.000	0.503	0.456	0.000
0.808	-5.000	0.503	0.457	0.000
0.809	-5.000	0.508	0.452	0.000
0.810	-5.000	0.508	0.453	0.000
0.811	-5.000	0.506	0.458	0.000
0.812	-5.000	0.508	0.456	0.000
0.813	-5.000	0.508	0.458	0.000
0.814	-5.000	0.510	0.455	0.000
0.815	-5.000	0.510	0.457	0.000
0.816	-5.000	0.513	0.455	0.000
0.817	-5.000	0.513	0.456	0.000
0.818	-5.000	0.510	0.461	0.000
0.819	-5.000	0.513	0.459	0.000
0.820	-5.000	0.513	0.461	0.000
0.821	-5.000	0.518	0.455	0.000
0.822	-5.000	0.515	0.460	0.000
0.823	-5.000	0.520	0.454	0.000
0.824	-5.000	0.518	0.459	0.000
0.825	-5.000	0.518	0.461	0.000
0.826	-5.000	0.525	0.451	0.000
0.827	-5.000	0.523	0.457	0.000
0.828	-5.000	0.523	0.458	0.000
0.829	-5.000	0.525	0.456	0.000
0.830	-5.000	0.525	0.457	0.000
0.831	-5.000	0.528	0.455	0.000
0.832	-5.000	0.528	0.457	0.000
0.833	-5.000	0.528	0.458	0.000
0.834	-5.000	0.530	0.456	0.000
0.835	-5.000	0.530	0.458	0.000
0.836	-5.000	0.532	0.455	0.000
0.837	-5.000	0.530	0.461	0.000
0.838	-5.000	0.535	0.455	0.000
0.839	-5.000	0.535	0.456	0.000
0.840	-5.000	0.532	0.461	0.000
0.841	-5.000	0.535	0.459	0.000
0.842	-5.000	0.537	0.457	0.000
0.843	-5.000	0.537	0.459	0.000
0.844	-5.000	0.537	0.460	0.000
0.845	-5.000	0.540	0.458	0.000
0.846	-5.000	0.537	0.463	0.000
0.847	-5.000	0.537	0.465	0.000
0.848	-5.000	0.545	0.455	0.000
0.849	-5.000	0.542	0.460	0.000
0.850	-5.000	0.545	0.458	0.000
0.851	-5.000	0.545	0.460	0.000
0.852	-5.000	0.547	0.457	0.000
0.853	-5.000	0.549	0.455	0.000
0.854	-5.000	0.549	0.457	0.000
0.855	-5.000	0.552	0.455	0.000
0.856	-5.000	0.554	0.452	0.000
0.857	-5.000	0.552	0.458	0.000
0.858	-5.000	0.552	0.459	0.000
0.859	-5.000	0.552	0.461	0.000
0.860	-5.000	0.557	0.455	0.000
0.861	-5.000	0.557	0.456	0.000
0.862	-5.000	0.557	0.458	0.000
0.863	-5.000	0.559	0.456	0.000
0.864	-5.000	0.557	0.461	0.000
0.865	-5.000	0.559	0.459	0.000
0.866	-5.000	0.559	0.460	0.000
0.867	-5.000	0.562	0.458	0.000
0.868	-5.000	0.562	0.459	0.000
0.869	-5.000	0.567	0.454	0.000
0.870	-5.000	0.564	0.459	0.000
0.871	-5.000	0.567	0.457	0.000
0.872	-5.000	0.567	0.458	0.000
0.873	-5.000	0.567	0.460	0.000
0.874	-5.000	0.571	0.454	0.000
0.875	-5.000	0.569	0.459	0.000
0.876	-5.000	0.569	0.460	0.000
0.877	-5.000	0.571	0.458	0.000
0.878	-5.000	0.571	0.460	0.000
0.879	-5.000	0.574	0.458	0.000
0.880	-5.000	0.574	0.459	0.000
0.881	-5.000	0.576	0.457	0.000
0.882	-5.000	0.579	0.455	0.000
0.883	-5.000	0.576	0.460	0.000
0.884	-5.000	0.581	0.454	0.000
0.885	-5.000	0.576	0.463	0.000
0.886	-5.000	0.576	0.464	0.000
0.887	-5.000	0.584	0.455	0.000
0.888	-5.000	0.586	0.453	0.000
0.889	-5.000	0.584	0.458	0.000
0.890	-5.000	0.584	0.459	0.000
0.891	-5.000	0.586	0.457	0.000
0.892	-5.000	0.586	0.459	0.000
0.893	-5.000	0.586	0.460	0.000
0.894	-5.000	0.589	0.458	0.000
0.895	-5.000	0.591	0.456	0.000
0.896	-5.000	0.591	0.457	0.000
0.897	-5.000	0.593	0.455	0.000
0.898	-5.000	0.591	0.460	0.000
0.899	-5.000	0.596	0.455	0.000
0.900	-5.000	0.593	0.460	0.000
0.901	-5.000	0.596	0.458	0.000
0.902	-5.000	0.598	0.456	0.000
0.903	-5.000	0.598	0.457	0.000
0.904	-5.000	0.603	0.451	0.000
0.905	-5.000	0.601	0.456	0.000
0.906	-5.000	0.603	0.454	0.000
0.907	-5.000	0.603	0.456	0.000
0.908	-5.000	0.603	0.457	0.000
0.909	-5.000	0.603	0.459	0.000
0.910	-5.000	0.606	0.457	0.000
0.911	-5.000	0.606	0.458	0.000
0.912	-5.000	0.606	0.460	0.000
0.913	-5.000	0.608	0.457	0.000
0.914	-5.000	0.611	0.455	0.000
0.915	-5.000	0.611	0.457	0.000
0.916	-5.000	0.611	0.458	0.000
0.917	-5.000	0.611	0.460	0.000
0.918	-5.000	0.611	0.461	0.000
0.919	-5.000	0.615	0.455	0.000
0.920	-5.000	0.618	0.453	0.000
0.921	-5.000	0.615	0.458	0.000
0.922	-5.000	0.618	0.456	0.000
0.923	-5.000	0.615	0.461	0.000
0.924	-5.000	0.615	0.463	0.000
0.925	-5.000	0.618	0.461	0.000
0.926	-5.000	0.623	0.455	0.000
0.927	-5.000	0.623	0.456	0.000
0.928	-5.000	0.623	0.458	0.000
0.929	-5.000	0.620	0.463	0.000
0.930	-5.000	0.625	0.457	0.000
0.931	-5.000	0.625	0.459	0.000
0.932	-5.000	0.628	0.457	0.000
0.933	-5.000	0.625	0.462	0.000
0.934	-5.000	0.633	0.452	0.000
0.935	-5.000	0.630	0.457	0.000
0.936	-5.000	0.630	0.459	0.000
0.937	-5.000	0.630	0.460	0.000
0.938	-5.000	0.633	0.458	0.000
0.939	-5.000	0.635	0.456	0.000
0.940	-5.000	0.635	0.458	0.000
0.941	-5.000	0.635	0.459	0.000
0.942	-5.000	0.635	0.461	0.000
0.943	-5.000	0.635	0.462	0.000
0.944	-5.000	0.640	0.456	0.000
0.945	-5.000	0.637	0.461	0.000
0.946	-5.000	0.640	0.459	0.000
0.947	-5.000	0.640	0.461	0.000
0.948	-5.000	0.642	0.459	0.000
0.949	-5.000	0.645	0.456	0.000
0.950	-5.000	0.645	0.458	0.000
0.951	-5.000	0.645	0.459	0.000
0.952	-5.000	0.645	0.461	0.000
0.953	-5.000	0.647	0.459	0.000
0.954	-5.000	0.647	0.460	0.000
0.955	-5.000	0.647	0.462	0.000
0.956	-5.000	0.647	0.463	0.000
0.957	-5.000	0.647	0.465	0.000
0.958	-5.000	0.652	0.459	0.000
0.959	-5.000	0.652	0.460	0.000
0.960	-5.000	0.652	0.462	0.000
0.961	-5.000	0.654	0.460	0.000
0.962	-5.000	0.652	0.465	0.000
0.963	-5.000	0.654	0.463	0.000
0.964	-5.000	0.654	0.464	0.000
0.965	-5.000	0.654	0.466	0.000
0.966	-5.000	0.659	0.460	0.000
0.967	-5.000	0.659	0.461	0.000
0.968	-5.000	0.659	0.463	0.000
0.969	-5.000	0.664	0.457	0.000
0.970	-5.000	0.659	0.466	0.000
0.971	-5.000	0.667	0.456	0.000
0.972	-5.000	0.662	0.465	0.000
0.973	-5.000	0.664	0.463	0.000
0.974	-5.000	0.664	0.465	0.000
0.975	-5.000	0.669	0.459	0.000
0.976	-5.000	0.669	0.460	0.000
0.977	-5.000	0.669	0.462	0.000
0.978	-5.000	0.669	0.463	0.000
0.979	-5.000	0.669	0.465	0.000
0.980	-5.000	0.672	0.463	0.000
0.981	-5.000	0.672	0.464	0.000
0.982	-5.000	0.674	0.462	0.000
0.983	-5.000	0.674	0.463	0.000
0.984	-5.000	0.674	0.465	0.000
0.985	-5.000	0.676	0.463	0.000
0.986	-5.000	0.676	0.464	0.000
0.987	-5.000	0.679	0.462	0.000
0.988	-5.000	0.681	0.460	0.000
0.989	-5.000	0.679	0.465	0.000
0.990	-5.000	0.681	0.463	0.000
0.991	-5.000	0.684	0.461	0.000
0.992	-5.000	0.681	0.466	0.000
0.993	-5.000	0.684	0.464	0.000
0.994	-5.000	0.684	0.465	0.000
0.995	-5.000	0.686	0.463	0.000
0.996	-5.000	0.686	0.465	0.000
0.997	-5.000	0.689	0.463	0.000
0.998	-5.000	0.691	0.460	0.000
0.999	-5.000	0.689	0.466	0.000
1.000	-5.000	0.686	0.471	0.000
1.001	-5.000	0.691	0.465	0.000
1.002	-5.000	0.694	0.463	0.000
1.003	-5.000	0.691	0.468	0.000
1.004	-5.000	0.694	0.466	0.000
1.005	-5.000	0.696	0.464	0.000
1.006	-5.000	0.696	0.465	0.000
1.007	-5.000	0.696	0.467	0.000
1.008	-5.000	0.694	0.472	0.000
1.009	-5.000	0.701	0.462	0.000
1.010	-5.000	0.698	0.467	0.000
1.011	-5.000	0.701	0.465	0.000
1.012	-5.000	0.701	0.467	0.000
1.013	-5.000	0.706	0.461	0.000
1.014	-5.000	0.706	0.462	0.000
1.015	-5.000	0.706	0.464	0.000
1.016	-5.000	0.706	0.465	0.000
1.017	-5.000	0.703	0.471	0.000
1.018	-5.000	0.708	0.465	0.000
1.019	-5.000	0.708	0.466	0.000
1.020	-5.000	0.708	0.468	0.000
1.021	-5.000	0.711	0.466	0.000
1.022	-5.000	0.711	0.467	0.000
1.023	-5.000	0.713	0.465	0.000
1.024	-5.000	0.713	0.466	0.000
1.025	-5.000	0.713	0.468	0.000
1.026	-5.000	0.713	0.469	0.000
1.027	-5.000	0.713	0.471	0.000
1.028	-5.000	0.713	0.472	0.000
1.029	-5.000	0.718	0.467	0.000
1.030	-5.000	0.718	0.468	0.000
1.031	-5.000	0.718	0.470	0.000
1.032	-5.000	0.720	0.467	0.000
1.033	-5.000	0.720	0.469	0.000
1.034	-5.000	0.723	0.467	0.000
1.035	-5.000	0.723	0.468	0.000
1.036	-5.000	0.723	0.470	0.000
1.037	-5.000	0.725	0.468	0.000
1.038	-5.000	0.725	0.469	0.000
1.039	-5.000	0.728	0.467	0.000
1.040	-5.000	0.730	0.465	0.000
1.041	-5.000	0.730	0.466	0.000
1.042	-5.000	0.733	0.464	0.000
1.043	-5.000	0.733	0.466	0.000
1.044	-5.000	0.733	0.467	0.000
1.045	-5.000	0.735	0.465	0.000
1.046	-5.000	0.735	0.466	0.000
1.047	-5.000	0.733	0.472	0.000
1.048	-5.000	0.735	0.469	0.000
1.049	-5.000	0.737	0.467	0.000
1.050	-5.000	0.737	0.469	0.000
1.051	-5.000	0.740	0.467	0.000
1.052	-5.000	0.740	0.468	0.000
1.053	-5.000	0.740	0.470	0.000
1.054	-5.000	0.740	0.471	0.000
1.055	-5.000	0.740	0.473	0.000
1.056	-5.000	0.742	0.470	0.000
1.057	-5.000	0.742	0.472	0.000
1.058	-5.000	0.750	0.462	0.000
1.059	-5.000	0.747	0.468	0.000
1.060	-5.000	0.747	0.469	0.000
1.061	-5.000	0.745	0.474	0.000
1.062	-5.000	0.747	0.472	0.000
1.063	-5.000	0.750	0.470	0.000
1.064	-5.000	0.752	0.468	0.000
1.065	-5.000	0.752	0.469	0.000
1.066	-5.000	0.752	0.471	0.000
1.067	-5.000	0.752	0.472	0.000
1.068	-5.000	0.752	0.474	0.000
1.069	-5.000	0.757	0.468	0.000
1.070	-5.000	0.759	0.466	0.000
1.071	-5.000	0.757	0.471	0.000
1.072	-5.000	0.762	0.465	0.000
1.073	-5.000	0.757	0.474	0.000
1.074	-5.000	0.762	0.468	0.000
1.075	-5.000	0.762	0.470	0.000
1.076	-5.000	0.762	0.471	0.000
1.077	-5.000	0.764	0.469	0.000
1.078	-5.000	0.762	0.474	0.000
1.079	-5.000	0.764	0.472	0.000
1.080	-5.000	0.767	0.470	0.000
1.081	-5.000	0.767	0.471	0.000
1.082	-5.000	0.769	0.469	0.000
1.083	-5.000	0.767	0.474	0.000
1.084	-5.000	0.767	0.476	0.000
1.085	-5.000	0.772	0.470	0.000
1.086	-5.000	0.772	0.471	0.000
1.087	-5.000	0.772	0.473	0.000
1.088	-5.000	0.774	0.471	0.000
1.089	-5.000	0.772	0.476	0.000
1.090	-5.000	0.774	0.474	0.000
1.091	-5.000	0.772	0.479	0.000
1.092	-5.000	0.777	0.473	0.000
1.093	-5.000	0.779	0.471	0.000
1.094	-5.000	0.779	0.473	0.000
1.095	-5.000	0.784	0.467	0.000
1.096	-5.000	0.779	0.476	0.000
1.097	-5.000	0.781	0.473	0.000
1.098	-5.000	0.784	0.471	0.000
1.099	-5.000	0.786	0.469	0.000
1.100	-5.000	0.786	0.471	0.000
1.101	-5.000	0.786	0.472	0.000
1.102	-5.000	0.786	0.474	0.000
1.103	-5.000	0.789	0.471	0.000
1.104	-5.000	0.789	0.473	0.000
1.105	-5.000	0.789	0.474	0.000
1.106	-5.000	0.791	0.472	0.000
1.107	-5.000	0.791	0.474	0.000
1.108	-5.000	0.791	0.475	0.000
1.109	-5.000	0.799	0.466	0.000
1.110	-5.000	0.791	0.478	0.000
1.111	-5.000	0.796	0.472	0.000
1.112	-5.000	0.799	0.470	0.000
1.113	-5.000	0.799	0.472	0.000
1.114	-5.000	0.796	0.477	0.000
1.115	-5.000	0.799	0.475	0.000
1.116	-5.000	0.801	0.473	0.000
1.117	-5.000	0.801	0.474	0.000
1.118	-5.000	0.806	0.468	0.000
1.119	-5.000	0.803	0.473	0.000
1.120	-5.000	0.806	0.471	0.000
1.121	-5.000	0.806	0.473	0.000
1.122	-5.000	0.806	0.474	0.000
1.123	-5.000	0.808	0.472	0.000
1.124	-5.000	0.806	0.477	0.000
1.125	-5.000	0.811	0.471	0.000
1.126	-5.000	0.811	0.473	0.000
1.127	-5.000	0.813	0.471	0.000
1.128	-5.000	0.813	0.472	0.000
1.129	-5.000	0.813	0.474	0.000
1.130	-5.000	0.813	0.475	0.000
1.131	-5.000	0.811	0.480	0.000
1.132	-5.000	0.816	0.475	0.000
1.133	-5.000	0.816	0.476	0.000
1.134	-5.000	0.816	0.478	0.000
1.135	-5.000	0.820	0.472	0.000
1.136	-5.000	0.820	0.473	0.000
1.137	-5.000	0.823	0.471	0.000
1.138	-5.000	0.823	0.473	0.000
1.139	-5.000	0.823	0.474	0.000
1.140	-5.000	0.828	0.468	0.000
1.141	-5.000	0.823	0.477	0.000
1.142	-5.000	0.828	0.471	0.000
1.143	-5.000	0.825	0.476	0.000
1.144	-5.000	0.828	0.474	0.000
1.145	-5.000	0.828	0.476	0.000
1.146	-5.000	0.828	0.477	0.000
1.147	-5.000	0.830	0.475	0.000
1.148	-5.000	0.830	0.477	0.000
1.149	-5.000	0.833	0.474	0.000
1.150	-5.000	0.830	0.480	0.000
1.151	-5.000	0.835	0.474	0.000
1.152	-5.000	0.835	0.475	0.000
1.153	-5.000	0.838	0.473	0.000
1.154	-5.000	0.838	0.475	0.000
1.155	-5.000	0.838	0.476	0.000
1.156	-5.000	0.838	0.478	0.000
1.157	-5.000	0.840	0.475	0.000
1.158	-5.000	0.840	0.477	0.000
1.159	-5.000	0.842	0.475	0.000
1.160	-5.000	0.842	0.476	0.000
1.161	-5.000	0.845	0.474	0.000
1.162	-5.000	0.847	0.472	0.000
1.163	-5.000	0.847	0.473	0.000
1.164	-5.000	0.845	0.479	0.000
1.165	-5.000	0.850	0.473	0.000
1.166	-5.000	0.850	0.474	0.000
1.167	-5.000	0.850	0.476	0.000
1.168	-5.000	0.852	0.474	0.000
1.169	-5.000	0.850	0.479	0.000
1.170	-5.000	0.855	0.473	0.000
1.171	-5.000	0.852	0.478	0.000
1.172	-5.000	0.855	0.476	0.000
1.173	-5.000	0.855	0.477	0.000
1.174	-5.000	0.857	0.475	0.000
1.175	-5.000	0.855	0.480	0.000
1.176	-5.000	0.857	0.478	0.000
1.177	-5.000	0.862	0.472	0.000
1.178	-5.000	0.862	0.474	0.000
1.179	-5.000	0.862	0.475	0.000
1.180	-5.000	0.864	0.473	0.000
1.181	-5.000	0.864	0.475	0.000
1.182	-5.000	0.864	0.476	0.000
1.183	-5.000	0.867	0.474	0.000
1.184	-5.000	0.869	0.472	0.000
1.185	-5.000	0.867	0.477	0.000
1.186	-5.000	0.869	0.475	0.000
1.187	-5.000	0.869	0.477	0.000
1.188	-5.000	0.869	0.478	0.000
1.189	-5.000	0.869	0.480	0.000
1.190	-5.000	0.877	0.470	0.000
1.191	-5.000	0.874	0.475	0.000
1.192	-5.000	0.874	0.477	0.000
1.193	-5.000	0.874	0.478	0.000
1.194	-5.000	0.877	0.476	0.000
1.195	-5.000	0.877	0.478	0.000
1.196	-5.000	0.877	0.479	0.000
1.197	-5.000	0.877	0.481	0.000
1.198	-5.000	0.877	0.482	0.000
1.199	-5.000	0.879	0.480	0.000
1.200	-5.000	0.882	0.478	0.000
1.201	-5.000	0.884	0.476	0.000
1.202	-5.000	0.884	0.477	0.000
1.203	-5.000	0.884	0.479	0.000
1.204	-5.000	0.884	0.480	0.000
1.205	-5.000	0.886	0.478	0.000
1.206	-5.000	0.889	0.476	0.000
1.207	-5.000	0.889	0.477	0.000
1.208	-5.000	0.889	0.479	0.000
1.209	-5.000	0.889	0.480	0.000
1.210	-5.000	0.896	0.471	0.000
1.211	-5.000	0.894	0.476	0.000
1.212	-5.000	0.891	0.481	0.000
1.213	-5.000	0.896	0.475	0.000
1.214	-5.000	0.894	0.480	0.000
1.215	-5.000	0.896	0.478	0.000
1.216	-5.000	0.894	0.483	0.000
1.217	-5.000	0.899	0.478	0.000
1.218	-5.000	0.899	0.479	0.000
1.219	-5.000	0.899	0.481	0.000
1.220	-5.000	0.901	0.478	0.000
1.221	-5.000	0.899	0.484	0.000
1.222	-5.000	0.904	0.478	0.000
1.223	-5.000	0.906	0.476	0.000
1.224	-5.000	0.904	0.481	0.000
1.225	-5.000	0.904	0.482	0.000
1.226	-5.000	0.906	0.480	0.000
1.227	-5.000	0.908	0.478	0.000
1.228	-5.000	0.911	0.476	0.000
1.229	-5.000	0.911	0.477	0.000
1.230	-5.000	0.913	0.475	0.000
1.231	-5.000	0.911	0.480	0.000
1.232	-5.000	0.913	0.478	0.000
1.233	-5.000	0.916	0.476	0.000
1.234	-5.000	0.913	0.481	0.000
1.235	-5.000	0.916	0.479	0.000
1.236	-5.000	0.913	0.484	0.000
1.237	-5.000	0.921	0.475	0.000
1.238	-5.000	0.921	0.476	0.000
1.239	-5.000	0.918	0.481	0.000
1.240	-5.000	0.918	0.483	0.000
1.241	-5.000	0.921	0.481	0.000
1.242	-5.000	0.923	0.478	0.000
1.243	-5.000	0.923	0.480	0.000
1.244	-5.000	0.923	0.481	0.000
1.245	-5.000	0.923	0.483	0.000
1.246	-5.000	0.928	0.477	0.000
1.247	-5.000	0.925	0.482	0.000
1.248	-5.000	0.925	0.484	0.000
1.249	-5.000	0.930	0.478	0.000
1.250	-5.000	0.928	0.483	0.000
1.251	-5.000	0.930	0.481	0.000
1.252	-5.000	0.933	0.479	0.000
1.253	-5.000	0.933	0.480	0.000
1.254	-5.000	0.933	0.482	0.000
1.255	-5.000	0.933	0.483	0.000
1.256	-5.000	0.935	0.481	0.000
1.257	-5.000	0.933	0.486	0.000
1.258	-5.000	0.940	0.477	0.000
1.259	-5.000	0.943	0.475	0.000
1.260	-5.000	0.940	0.480	0.000
1.261	-5.000	0.943	0.478	0.000
1.262	-5.000	0.943	0.479	0.000
1.263	-5.000	0.943	0.481	0.000
1.264	-5.000	0.945	0.478	0.000
1.265	-5.000	0.945	0.480	0.000
1.266	-5.000	0.945	0.481	0.000
1.267	-5.000	0.947	0.479	0.000
1.268	-5.000	0.947	0.481	0.000
1.269	-5.000	0.952	0.475	0.000
1.270	-5.000	0.950	0.480	0.000
1.271	-5.000	0.952	0.478	0.000
1.272	-5.000	0.952	0.480	0.000
1.273	-5.000	0.952	0.481	0.000
1.274	-5.000	0.955	0.479	0.000
1.275	-5.000	0.957	0.477	0.000
1.276	-5.000	0.957	0.478	0.000
1.277	-5.000	0.957	0.480	0.000
1.278	-5.000	0.960	0.478	0.000
1.279	-5.000	0.962	0.475	0.000
1.280	-5.000	0.962	0.477	0.000
1.281	-5.000	0.965	0.475	0.000
1.282	-5.000	0.962	0.480	0.000
1.283	-5.000	0.965	0.478	0.000
1.284	-5.000	0.967	0.476	0.000
1.285	-5.000	0.967	0.477	0.000
1.286	-5.000	0.969	0.475	0.000
1.287	-5.000	0.967	0.480	0.000
1.288	-5.000	0.967	0.482	0.000
1.289	-5.000	0.969	0.479	0.000
1.290	-5.000	0.969	0.481	0.000
1.291	-5.000	0.972	0.479	0.000
1.292	-5.000	0.974	0.477	0.000
1.293	-5.000	0.974	0.478	0.000
1.294	-5.000	0.972	0.483	0.000
1.295	-5.000	0.977	0.477	0.000
1.296	-5.000	0.974	0.483	0.000
1.297	-5.000	0.979	0.477	0.000
1.298	-5.000	0.979	0.478	0.000
1.299	-5.000	0.984	0.472	0.000
1.300	-5.000	0.982	0.478	0.000
1.301	-5.000	0.982	0.479	0.000
1.302	-5.000	0.984	0.477	0.000
1.303	-5.000	0.982	0.482	0.000
1.304	-5.000	0.982	0.484	0.000
1.305	-5.000	0.987	0.478	0.000
1.306	-5.000	0.989	0.476	0.000
1.307	-5.000	0.989	0.477	0.000
1.308	-5.000	0.989	0.479	0.000
1.309	-5.000	0.994	0.473	0.000
1.310	-5.000	0.994	0.474	0.000
1.311	-5.000	0.994	0.476	0.000
1.312	-5.000	0.991	0.481	0.000
1.313	-5.000	0.996	0.475	0.000
1.314	-5.000	0.996	0.477	0.000
1.315	-5.000	0.996	0.478	0.000
1.316	-5.000	0.996	0.480	0.000
1.317	-5.000	0.999	0.477	0.000
1.318	-5.000	1.001	0.475	0.000
1.319	-5.000	1.001	0.477	0.000
1.320	-5.000	1.004	0.475	0.000
1.321	-5.000	1.004	0.476	0.000
1.322	-5.000	1.004	0.478	0.000
1.323	-5.000	1.006	0.475	0.000
1.324	-5.000	1.004	0.481	0.000
1.325	-5.000	1.006	0.478	0.000
1.326	-5.000	1.006	0.480	0.000
1.327	-5.000	1.006	0.481	0.000
1.328	-5.000	1.011	0.476	0.000
1.329	-5.000	1.011	0.477	0.000
1.330	-5.000	1.013	0.475	0.000
1.331	-5.000	1.013	0.476	0.000
1.332	-5.000	1.013	0.478	0.000
1.333	-5.000	1.013	0.479	0.000
1.334	-5.000	1.018	0.474	0.000
1.335	-5.000	1.018	0.475	0.000
1.336	-5.000	1.018	0.477	0.000
1.337	-5.000	1.018	0.478	0.000
1.338	-5.000	1.018	0.480	0.000
1.339	-5.000	1.021	0.477	0.000
1.340	-5.000	1.023	0.475	0.000
1.341	-5.000	1.023	0.477	0.000
1.342	-5.000	1.026	0.475	0.000
1.343	-5.000	1.026	0.476	0.000
1.344	-5.000	1.026	0.478	0.000
1.345	-5.000	1.028	0.475	0.000
1.346	-5.000	1.026	0.481	0.000
1.347	-5.000	1.028	0.478	0.000
1.348	-5.000	1.028	0.480	0.000
1.349	-5.000	1.026	0.485	0.000
1.350	-5.000	1.030	0.479	0.000
1.351	-5.000	1.030	0.481	0.000
1.352	-5.000	1.033	0.479	0.000
1.353	-5.000	1.033	0.480	0.000
1.354	-5.000	1.035	0.478	0.000
1.355	-5.000	1.035	0.479	0.000
1.356	-5.000	1.035	0.481	0.000
1.357	-5.000	1.035	0.482	0.000
1.358	-5.000	1.038	0.480	0.000
1.359	-5.000	1.040	0.478	0.000
1.360	-5.000	1.040	0.480	0.000
1.361	-5.000	1.043	0.478	0.000
1.362	-5.000	1.040	0.483	0.000
1.363	-5.000	1.045	0.477	0.000
1.364	-5.000	1.045	0.478	0.000
1.365	-5.000	1.045	0.480	0.000
1.366	-5.000	1.045	0.481	0.000
1.367	-5.000	1.045	0.483	0.000
1.368	-5.000	1.045	0.484	0.000
1.369	-5.000	1.045	0.486	0.000
1.370	-5.000	1.050	0.480	0.000
1.371	-5.000	1.052	0.478	0.000
1.372	-5.000	1.052	0.479	0.000
1.373	-5.000	1.052	0.481	0.000
1.374	-5.000	1.050	0.486	0.000
1.375	-5.000	1.055	0.480	0.000
1.376	-5.000	1.055	0.482	0.000
1.377	-5.000	1.057	0.480	0.000
1.378	-5.000	1.057	0.481	0.000
1.379	-5.000	1.060	0.479	0.000
1.380	-5.000	1.060	0.480	0.000
1.381	-5.000	1.060	0.482	0.000
1.382	-5.000	1.060	0.483	0.000
1.383	-5.000	1.060	0.485	0.000
1.384	-5.000	1.065	0.479	0.000
1.385	-5.000	1.065	0.481	0.000
1.386	-5.000	1.065	0.482	0.000
1.387	-5.000	1.067	0.480	0.000
1.388	-5.000	1.065	0.485	0.000
1.389	-5.000	1.065	0.487	0.000
1.390	-5.000	1.070	0.481	0.000
1.391	-5.000	1.067	0.486	0.000
1.392	-5.000	1.072	0.480	0.000
1.393	-5.000	1.072	0.482	0.000
1.394	-5.000	1.074	0.479	0.000
1.395	-5.000	1.074	0.481	0.000
1.396	-5.000	1.074	0.482	0.000
1.397	-5.000	1.074	0.484	0.000
1.398	-5.000	1.077	0.482	0.000
1.399	-5.000	1.079	0.480	0.000
1.400	-5.000	1.074	0.488	0.000
1.401	-5.000	1.079	0.483	0.000
1.402	-5.000	1.079	0.484	0.000
1.403	-5.000	1.082	0.482	0.000
1.404	-5.000	1.084	0.480	0.000
1.405	-5.000	1.079	0.489	0.000
1.406	-5.000	1.084	0.483	0.000
1.407	-5.000	1.084	0.484	0.000
1.408	-5.000	1.087	0.482	0.000
1.409	-5.000	1.084	0.487	0.000
1.410	-5.000	1.087	0.485	0.000
1.411	-5.000	1.089	0.483	0.000
1.412	-5.000	1.091	0.481	0.000
1.413	-5.000	1.089	0.486	0.000
1.414	-5.000	1.091	0.484	0.000
1.415	-5.000	1.089	0.489	0.000
1.416	-5.000	1.091	0.487	0.000
1.417	-5.000	1.096	0.481	0.000
1.418	-5.000	1.096	0.482	0.000
1.419	-5.000	1.096	0.484	0.000
1.420	-5.000	1.099	0.482	0.000
1.421	-5.000	1.099	0.483	0.000
1.422	-5.000	1.099	0.485	0.000
1.423	-5.000	1.099	0.486	0.000
1.424	-5.000	1.099	0.488	0.000
1.425	-5.000	1.101	0.486	0.000
1.426	-5.000	1.104	0.483	0.000
1.427	-5.000	1.104	0.485	0.000
1.428	-5.000	1.104	0.486	0.000
1.429	-5.000	1.106	0.484	0.000
1.430	-5.000	1.109	0.482	0.000
1.431	-5.000	1.111	0.480	0.000
1.432	-5.000	1.106	0.489	0.000
1.433	-5.000	1.111	0.483	0.000
1.434	-5.000	1.111	0.484	0.000
1.435	-5.000	1.111	0.486	0.000
1.436	-5.000	1.113	0.484	0.000
1.437	-5.000	1.113	0.485	0.000
1.438	-5.000	1.116	0.483	0.000
1.439	-5.000	1.118	0.481	0.000
1.440	-5.000	1.118	0.482	0.000
1.441	-5.000	1.118	0.484	0.000
1.442	-5.000	1.118	0.485	0.000
1.443	-5.000	1.121	0.483	0.000
1.444	-5.000	1.121	0.485	0.000
1.445	-5.000	1.121	0.486	0.000
1.446	-5.000	1.123	0.484	0.000
1.447	-5.000	1.123	0.486	0.000
1.448	-5.000	1.123	0.487	0.000
1.449	-5.000	1.128	0.481	0.000
1.450	-5.000	1.128	0.483	0.000
1.451	-5.000	1.128	0.484	0.000
1.452	-5.000	1.128	0.486	0.000
1.453	-5.000	1.128	0.487	0.000
1.454	-5.000	1.128	0.489	0.000
1.455	-5.000	1.131	0.487	0.000
1.456	-5.000	1.133	0.485	0.000
1.457	-5.000	1.133	0.486	0.000
1.458	-5.000	1.133	0.488	0.000
1.459	-5.000	1.138	0.482	0.000
1.460	-5.000	1.138	0.483	0.000
1.461	-5.000	1.138	0.485	0.000
1.462	-5.000	1.143	0.479	0.000
1.463	-5.000	1.138	0.488	0.000
1.464	-5.000	1.143	0.482	0.000
1.465	-5.000	1.143	0.483	0.000
1.466	-5.000	1.145	0.481	0.000
1.467	-5.000	1.143	0.486	0.000
1.468	-5.000	1.145	0.484	0.000
1.469	-5.000	1.148	0.482	0.000
1.470	-5.000	1.148	0.484	0.000
1.471	-5.000	1.148	0.485	0.000
1.472	-5.000	1.148	0.487	0.000
1.473	-5.000	1.150	0.484	0.000
1.474	-5.000	1.148	0.490	0.000
1.475	-5.000	1.153	0.484	0.000
1.476	-5.000	1.153	0.485	0.000
1.477	-5.000	1.153	0.487	0.000
1.478	-5.000	1.155	0.485	0.000
1.479	-5.000	1.155	0.486	0.000
1.480	-5.000	1.157	0.484	0.000
1.481	-5.000	1.157	0.485	0.000
1.482	-5.000	1.160	0.483	0.000
1.483	-5.000	1.160	0.485	0.000
1.484	-5.000	1.162	0.483	0.000
1.485	-5.000	1.162	0.484	0.000
1.486	-5.000	1.167	0.478	0.000
1.487	-5.000	1.162	0.487	0.000
1.488	-5.000	1.165	0.485	0.000
1.489	-5.000	1.162	0.490	0.000
1.490	-5.000	1.167	0.484	0.000
1.491	-5.000	1.167	0.486	0.000
1.492	-5.000	1.170	0.484	0.000
1.493	-5.000	1.172	0.481	0.000
1.494	-5.000	1.170	0.487	0.000
1.495	-5.000	1.172	0.484	0.000
1.496	-5.000	1.174	0.482	0.000
1.497	-5.000	1.177	0.480	0.000
1.498	-5.000	1.174	0.485	0.000
1.499	-5.000	1.177	0.483	0.000
1.500	-5.000	1.177	0.485	0.000
1.501	-5.000	1.174	0.490	0.000
1.502	-5.000	1.182	0.480	0.000
1.503	-5.000	1.182	0.482	0.000
1.504	-5.000	1.182	0.483	0.000
1.505	-5.000	1.182	0.485	0.000
1.506	-5.000	1.182	0.486	0.000
1.507	-5.000	1.187	0.480	0.000
1.508	-5.000	1.182	0.489	0.000
1.509	-5.000	1.187	0.483	0.000
1.510	-5.000	1.189	0.481	0.000
1.511	-5.000	1.187	0.486	0.000
1.512	-5.000	1.189	0.484	0.000
1.513	-5.000	1.194	0.478	0.000
1.514	-5.000	1.192	0.484	0.000
1.515	-5.000	1.192	0.485	0.000
1.516	-5.000	1.192	0.487	0.000
1.517	-5.000	1.196	0.481	0.000
1.518	-5.000	1.194	0.486	0.000
1.519	-5.000	1.196	0.484	0.000
1.520	-5.000	1.196	0.485	0.000
1.521	-5.000	1.199	0.483	0.000
1.522	-5.000	1.201	0.481	0.000
1.523	-5.000	1.201	0.482	0.000
1.524	-5.000	1.201	0.484	0.000
1.525	-5.000	1.201	0.485	0.000
1.526	-5.000	1.204	0.483	0.000
1.527	-5.000	1.206	0.481	0.000
1.528	-5.000	1.206	0.483	0.000
1.529	-5.000	1.204	0.488	0.000
1.530	-5.000	1.206	0.486	0.000
1.531	-5.000	1.211	0.480	0.000
1.532	-5.000	1.211	0.481	0.000
1.533	-5.000	1.211	0.483	0.000
1.534	-5.000	1.211	0.484	0.000
1.535	-5.000	1.214	0.482	0.000
1.536	-5.000	1.216	0.480	0.000
1.537	-5.000	1.218	0.478	0.000
1.538	-5.000	1.214	0.487	0.000
1.539	-5.000	1.216	0.484	0.000
1.540	-5.000	1.218	0.482	0.000
1.541	-5.000	1.221	0.480	0.000
1.542	-5.000	1.223	0.478	0.000
1.543	-5.000	1.221	0.483	0.000
1.544	-5.000	1.221	0.485	0.000
1.545	-5.000	1.221	0.486	0.000
1.546	-5.000	1.221	0.488	0.000
1.547	-5.000	1.226	0.482	0.000
1.548	-5.000	1.223	0.487	0.000
1.549	-5.000	1.226	0.485	0.000
1.550	-5.000	1.228	0.483	0.000
1.551	-5.000	1.231	0.481	0.000
1.552	-5.000	1.231	0.482	0.000
1.553	-5.000	1.233	0.480	0.000
1.554	-5.000	1.233	0.481	0.000
1.555	-5.000	1.233	0.483	0.000
1.556	-5.000	1.236	0.481	0.000
1.557	-5.000	1.236	0.482	0.000
1.558	-5.000	1.238	0.480	0.000
1.559	-5.000	1.238	0.482	0.000
1.560	-5.000	1.238	0.483	0.000
1.561	-5.000	1.240	0.481	0.000
1.562	-5.000	1.243	0.479	0.000
1.563	-5.000	1.240	0.484	0.000
1.564	-5.000	1.240	0.485	0.000
1.565	-5.000	1.240	0.487	0.000
1.566	-5.000	1.243	0.485	0.000
1.567	-5.000	1.248	0.479	0.000
1.568	-5.000	1.248	0.480	0.000
1.569	-5.000	1.248	0.482	0.000
1.570	-5.000	1.250	0.480	0.000
1.571	-5.000	1.248	0.485	0.000
1.572	-5.000	1.253	0.479	0.000
1.573	-5.000	1.253	0.481	0.000
1.574	-5.000	1.253	0.482	0.000
1.575	-5.000	1.255	0.480	0.000
1.576	-5.000	1.255	0.481	0.000
1.577	-5.000	1.260	0.476	0.000
1.578	-5.000	1.258	0.481	0.000
1.579	-5.000	1.255	0.486	0.000
1.580	-5.000	1.258	0.484	0.000
1.581	-5.000	1.260	0.482	0.000
1.582	-5.000	1.260	0.483	0.000
1.583	-5.000	1.265	0.477	0.000
1.584	-5.000	1.265	0.479	0.000
1.585	-5.000	1.262	0.484	0.000
1.586	-5.000	1.265	0.482	0.000
1.587	-5.000	1.265	0.483	0.000
1.588	-5.000	1.265	0.485	0.000
1.589	-5.000	1.270	0.479	0.000
1.590	-5.000	1.270	0.480	0.000
1.591	-5.000	1.272	0.478	0.000
1.592	-5.000	1.270	0.483	0.000
1.593	-5.000	1.272	0.481	0.000
1.594	-5.000	1.272	0.483	0.000
1.595	-5.000	1.277	0.477	0.000
1.596	-5.000	1.275	0.482	0.000
1.597	-5.000	1.279	0.476	0.000
1.598	-5.000	1.277	0.481	0.000
1.599	-5.000	1.277	0.483	0.000
1.600	-5.000	1.282	0.477	0.000
1.601	-5.000	1.279	0.482	0.000
1.602	-5.000	1.282	0.480	0.000
1.603	-5.000	1.284	0.478	0.000
1.604	-5.000	1.284	0.479	0.000
1.605	-5.000	1.284	0.481	0.000
1.606	-5.000	1.284	0.482	0.000
1.607	-5.000	1.287	0.480	0.000
1.608	-5.000	1.287	0.482	0.000
1.609	-5.000	1.287	0.483	0.000
1.610	-5.000	1.287	0.485	0.000
1.611	-5.000	1.289	0.483	0.000
1.612	-5.000	1.292	0.480	0.000
1.613	-5.000	1.294	0.478	0.000
1.614	-5.000	1.294	0.480	0.000
1.615	-5.000	1.294	0.481	0.000
1.616	-5.000	1.297	0.479	0.000
1.617	-5.000	1.299	0.477	0.000
1.618	-5.000	1.297	0.482	0.000
1.619	-5.000	1.299	0.480	0.000
1.620	-5.000	1.299	0.481	0.000
1.621	-5.000	1.301	0.479	0.000
1.622	-5.000	1.299	0.484	0.000
1.623	-5.000	1.306	0.475	0.000
1.624	-5.000	1.304	0.480	0.000
1.625	-5.000	1.304	0.482	0.000
1.626	-5.000	1.309	0.476	0.000
1.627	-5.000	1.309	0.477	0.000
1.628	-5.000	1.311	0.475	0.000
1.629	-5.000	1.309	0.480	0.000
1.630	-5.000	1.311	0.478	0.000
1.631	-5.000	1.311	0.480	0.000
1.632	-5.000	1.314	0.478	0.000
1.633	-5.000	1.314	0.479	0.000
1.634	-5.000	1.314	0.481	0.000
1.635	-5.000	1.316	0.478	0.000
1.636	-5.000	1.316	0.480	0.000
1.637	-5.000	1.319	0.478	0.000
1.638	-5.000	1.321	0.476	0.000
1.639	-5.000	1.319	0.481	0.000
1.640	-5.000	1.319	0.482	0.000
1.641	-5.000	1.323	0.476	0.000
1.642	-5.000	1.319	0.485	0.000
1.643	-5.000	1.323	0.479	0.000
1.644	-5.000	1.323	0.481	0.000
1.645	-5.000	1.326	0.479	0.000
1.646	-5.000	1.326	0.480	0.000
1.647	-5.000	1.326	0.482	0.000
1.648	-5.000	1.328	0.480	0.000
1.649	-5.000	1.331	0.477	0.000
1.650	-5.000	1.331	0.479	0.000
1.651	-5.000	1.333	0.477	0.000
1.652	-5.000	1.333	0.478	0.000
1.653	-5.000	1.333	0.480	0.000
1.654	-5.000	1.333	0.481	0.000
1.655	-5.000	1.336	0.479	0.000
1.656	-5.000	1.336	0.481	0.000
1.657	-5.000	1.336	0.482	0.000
1.658	-5.000	1.341	0.476	0.000
1.659	-5.000	1.338	0.481	0.000
1.660	-5.000	1.338	0.483	0.000
1.661	-5.000	1.341	0.481	0.000
1.662	-5.000	1.341	0.482	0.000
1.663	-5.000	1.343	0.480	0.000
1.664	-5.000	1.345	0.478	0.000
1.665	-5.000	1.345	0.479	0.000
1.666	-5.000	1.345	0.481	0.000
1.667	-5.000	1.345	0.482	0.000
1.668	-5.000	1.350	0.477	0.000
1.669	-5.000	1.350	0.478	0.000
1.670	-5.000	1.350	0.480	0.000
1.671	-5.000	1.353	0.477	0.000
1.672	-5.000	1.350	0.483	0.000
1.673	-5.000	1.353	0.480	0.000
1.674	-5.000	1.355	0.478	0.000
1.675	-5.000	1.353	0.483	0.000
1.676	-5.000	1.353	0.485	0.000
1.677	-5.000	1.360	0.475	0.000
1.678	-5.000	1.360	0.477	0.000
1.679	-5.000	1.360	0.478	0.000
1.680	-5.000	1.362	0.476	0.000
1.681	-5.000	1.365	0.474	0.000
1.682	-5.000	1.362	0.479	0.000
1.683	-5.000	1.362	0.481	0.000
1.684	-5.000	1.365	0.479	0.000
1.685	-5.000	1.362	0.484	0.000
1.686	-5.000	1.365	0.482	0.000
1.687	-5.000	1.365	0.483	0.000
1.688	-5.000	1.367	0.481	0.000
1.689	-5.000	1.367	0.482	0.000
1.690	-5.000	1.370	0.480	0.000
1.691	-5.000	1.372	0.478	0.000
1.692	-5.000	1.370	0.483	0.000
1.693	-5.000	1.372	0.481	0.000
1.694	-5.000	1.375	0.479	0.000
1.695	-5.000	1.377	0.477	0.000
1.696	-5.000	1.377	0.478	0.000
1.697	-5.000	1.377	0.480	0.000
1.698	-5.000	1.377	0.481	0.000
1.699	-5.000	1.377	0.483	0.000
1.700	-5.000	1.377	0.484	0.000
1.701	-5.000	1.377	0.486	0.000
1.702	-5.000	1.382	0.480	0.000
1.703	-5.000	1.382	0.481	0.000
1.704	-5.000	1.382	0.483	0.000
1.705	-5.000	1.382	0.484	0.000
1.706	-5.000	1.387	0.479	0.000
1.707	-5.000	1.387	0.480	0.000
1.708	-5.000	1.387	0.482	0.000
1.709	-5.000	1.389	0.479	0.000
1.710	-5.000	1.392	0.477	0.000
1.711	-5.000	1.392	0.479	0.000
1.712	-5.000	1.392	0.480	0.000
1.713	-5.000	1.392	0.482	0.000
1.714	-5.000	1.392	0.483	0.000
1.715	-5.000	1.394	0.481	0.000
1.716	-5.000	1.397	0.479	0.000
1.717	-5.000	1.397	0.480	0.000
1.718	-5.000	1.399	0.478	0.000
1.719	-5.000	1.397	0.483	0.000
1.720	-5.000	1.399	0.481	0.000
1.721	-5.000	1.404	0.476	0.000
1.722	-5.000	1.402	0.481	0.000
1.723	-5.000	1.404	0.479	0.000
1.724	-5.000	1.406	0.476	0.000
1.725	-5.000	1.404	0.482	0.000
1.726	-5.000	1.406	0.479	0.000
1.727	-5.000	1.409	0.477	0.000
1.728	-5.000	1.409	0.479	0.000
1.729	-5.000	1.409	0.480	0.000
1.730	-5.000	1.409	0.482	0.000
1.731	-5.000	1.409	0.483	0.000
1.732	-5.000	1.411	0.481	0.000
1.733	-5.000	1.411	0.483	0.000
1.734	-5.000	1.414	0.480	0.000
1.735	-5.000	1.414	0.482	0.000
1.736	-5.000	1.416	0.480	0.000
1.737	-5.000	1.414	0.485	0.000
1.738	-5.000	1.419	0.479	0.000
1.739	-5.000	1.419	0.481	0.000
1.740	-5.000	1.421	0.478	0.000
1.741	-5.000	1.416	0.487	0.000
1.742	-5.000	1.416	0.489	0.000
1.743	-5.000	1.424	0.479	0.000
1.744	-5.000	1.421	0.484	0.000
1.745	-5.000	1.424	0.482	0.000
1.746	-5.000	1.428	0.476	0.000
1.747	-5.000	1.426	0.482	0.000
1.748	-5.000	1.428	0.479	0.000
1.749	-5.000	1.426	0.485	0.000
1.750	-5.000	1.431	0.479	0.000
1.751	-5.000	1.431	0.480	0.000
1.752	-5.000	1.433	0.478	0.000
1.753	-5.000	1.433	0.480	0.000
1.754	-5.000	1.436	0.477	0.000
1.755	-5.000	1.436	0.479	0.000
1.756	-5.000	1.433	0.484	0.000
1.757	-5.000	1.436	0.482	0.000
1.758	-5.000	1.436	0.483	0.000
1.759	-5.000	1.438	0.481	0.000
1.760	-5.000	1.443	0.475	0.000
1.761	-5.000	1.438	0.484	0.000
1.762	-5.000	1.445	0.475	0.000
1.763	-5.000	1.441	0.484	0.000
1.764	-5.000	1.441	0.485	0.000
1.765	-5.000	1.445	0.479	0.000
1.766	-5.000	1.445	0.481	0.000
1.767	-5.000	1.448	0.479	0.000
1.768	-5.000	1.445	0.484	0.000
1.769	-5.000	1.448	0.482	0.000
1.770	-5.000	1.448	0.483	0.000
1.771	-5.000	1.448	0.485	0.000
1.772	-5.000	1.453	0.479	0.000
1.773	-5.000	1.450	0.484	0.000
1.774	-5.000	1.455	0.478	0.000
1.775	-5.000	1.453	0.483	0.000
1.776	-5.000	1.455	0.481	0.000
1.777	-5.000	1.458	0.479	0.000
1.778	-5.000	1.455	0.484	0.000
1.779	-5.000	1.455	0.486	0.000
1.780	-5.000	1.460	0.480	0.000
1.781	-5.000	1.460	0.481	0.000
1.782	-5.000	1.463	0.479	0.000
1.783	-5.000	1.463	0.481	0.000
1.784	-5.000	1.460	0.486	0.000
1.785	-5.000	1.463	0.484	0.000
1.786	-5.000	1.467	0.478	0.000
1.787	-5.000	1.465	0.483	0.000
1.788	-5.000	1.467	0.481	0.000
1.789	-5.000	1.467	0.482	0.000
1.790	-5.000	1.470	0.480	0.000
1.791	-5.000	1.470	0.482	0.000
1.792	-5.000	1.472	0.479	0.000
1.793	-5.000	1.472	0.481	0.000
1.794	-5.000	1.472	0.482	0.000
1.795	-5.000	1.472	0.484	0.000
1.796	-5.000	1.475	0.482	0.000
1.797	-5.000	1.475	0.483	0.000
1.798	-5.000	1.477	0.481	0.000
1.799	-5.000	1.477	0.483	0.000
1.800	-5.000	1.482	0.477	0.000
1.801	-5.000	1.480	0.482	0.000
1.802	-5.000	1.482	0.480	0.000
1.803	-5.000	1.482	0.481	0.000
1.804	-5.000	1.480	0.486	0.000
1.805	-5.000	1.482	0.484	0.000
1.806	-5.000	1.482	0.486	0.000
1.807	-5.000	1.485	0.484	0.000
1.808	-5.000	1.485	0.485	0.000
1.809	-5.000	1.489	0.479	0.000
1.810	-5.000	1.489	0.481	0.000
1.811	-5.000	1.487	0.486	0.000
1.812	-5.000	1.492	0.480	0.000
1.813	-5.000	1.492	0.482	0.000
1.814	-5.000	1.494	0.480	0.000
1.815	-5.000	1.494	0.481	0.000
1.816	-5.000	1.494	0.483	0.000
1.817	-5.000	1.494	0.484	0.000
1.818	-5.000	1.497	0.482	0.000
1.819	-5.000	1.497	0.483	0.000
1.820	-5.000	1.499	0.481	0.000
1.821	-5.000	1.499	0.483	0.000
1.822	-5.000	1.502	0.481	0.000
1.823	-5.000	1.502	0.482	0.000
1.824	-5.000	1.504	0.480	0.000
1.825	-5.000	1.504	0.481	0.000
1.826	-5.000	1.504	0.483	0.000
1.827	-5.000	1.504	0.484	0.000
1.828	-5.000	1.507	0.482	0.000
1.829	-5.000	1.507	0.484	0.000
1.830	-5.000	1.509	0.482	0.000
1.831	-5.000	1.511	0.479	0.000
1.832	-5.000	1.511	0.481	0.000
1.833	-5.000	1.511	0.482	0.000
1.834	-5.000	1.514	0.480	0.000
1.835	-5.000	1.514	0.482	0.000
1.836	-5.000	1.514	0.483	0.000
1.837	-5.000	1.516	0.481	0.000
1.838	-5.000	1.521	0.475	0.000
1.839	-5.000	1.514	0.488	0.000
1.840	-5.000	1.516	0.486	0.000
1.841	-5.000	1.521	0.480	0.000
1.842	-5.000	1.519	0.485	0.000
1.843	-5.000	1.521	0.483	0.000
1.844	-5.000	1.521	0.484	0.000
1.845	-5.000	1.526	0.478	0.000
1.846	-5.000	1.524	0.484	0.000
1.847	-5.000	1.524	0.485	0.000
1.848	-5.000	1.529	0.479	0.000
1.849	-5.000	1.531	0.477	0.000
1.850	-5.000	1.529	0.482	0.000
1.851	-5.000	1.529	0.484	0.000
1.852	-5.000	1.531	0.482	0.000
1.853	-5.000	1.533	0.479	0.000
1.854	-5.000	1.533	0.481	0.000
1.855	-5.000	1.533	0.482	0.000
1.856	-5.000	1.533	0.484	0.000
1.857	-5.000	1.536	0.482	0.000
1.858	-5.000	1.536	0.483	0.000
1.859	-5.000	1.538	0.481	0.000
1.860	-5.000	1.541	0.479	0.000
1.861	-5.000	1.538	0.484	0.000
1.862	-5.000	1.541	0.482	0.000
1.863	-5.000	1.538	0.487	0.000
1.864	-5.000	1.543	0.481	0.000
1.865	-5.000	1.543	0.483	0.000
1.866	-5.000	1.543	0.484	0.000
1.867	-5.000	1.543	0.486	0.000
1.868	-5.000	1.548	0.480	0.000
1.869	-5.000	1.548	0.481	0.000
1.870	-5.000	1.546	0.487	0.000
1.871	-5.000	1.548	0.484	0.000
1.872	-5.000	1.553	0.479	0.000
1.873	-5.000	1.553	0.480	0.000
1.874	-5.000	1.550	0.485	0.000
1.875	-5.000	1.553	0.483	0.000
1.876	-5.000	1.558	0.477	0.000
1.877	-5.000	1.553	0.486	0.000
1.878	-5.000	1.558	0.480	0.000
1.879	-5.000	1.560	0.478	0.000
1.880	-5.000	1.558	0.483	0.000
1.881	-5.000	1.560	0.481	0.000
1.882	-5.000	1.560	0.483	0.000
1.883	-5.000	1.560	0.484	0.000
1.884	-5.000	1.563	0.482	0.000
1.885	-5.000	1.565	0.480	0.000
1.886	-5.000	1.565	0.481	0.000
1.887	-5.000	1.570	0.475	0.000
1.888	-5.000	1.570	0.477	0.000
1.889	-5.000	1.570	0.478	0.000
1.890	-5.000	1.570	0.480	0.000
1.891	-5.000	1.570	0.481	0.000
1.892	-5.000	1.570	0.483	0.000
1.893	-5.000	1.572	0.481	0.000
1.894	-5.000	1.575	0.479	0.000
1.895	-5.000	1.572	0.484	0.000
1.896	-5.000	1.572	0.485	0.000
1.897	-5.000	1.577	0.480	0.000
1.898	-5.000	1.577	0.481	0.000
1.899	-5.000	1.577	0.483	0.000
1.900	-5.000	1.577	0.484	0.000
1.901	-5.000	1.580	0.482	0.000
1.902	-5.000	1.580	0.483	0.000
1.903	-5.000	1.580	0.485	0.000
1.904	-5.000	1.580	0.486	0.000
1.905	-5.000	1.582	0.484	0.000
1.906	-5.000	1.587	0.478	0.000
1.907	-5.000	1.585	0.484	0.000
1.908	-5.000	1.587	0.481	0.000
1.909	-5.000	1.587	0.483	0.000
1.910	-5.000	1.587	0.484	0.000
1.911	-5.000	1.587	0.486	0.000
1.912	-5.000	1.590	0.484	0.000
1.913	-5.000	1.592	0.482	0.000
1.914	-5.000	1.592	0.483	0.000
1.915	-5.000	1.592	0.485	0.000
1.916	-5.000	1.592	0.486	0.000
1.917	-5.000	1.594	0.484	0.000
1.918	-5.000	1.597	0.482	0.000
1.919	-5.000	1.597	0.483	0.000
1.920	-5.000	1.599	0.481	0.000
1.921	-5.000	1.599	0.483	0.000
1.922	-5.000	1.602	0.480	0.000
1.923	-5.000	1.599	0.486	0.000
1.924	-5.000	1.602	0.483	0.000
1.925	-5.000	1.602	0.485	0.000
1.926	-5.000	1.602	0.486	0.000
1.927	-5.000	1.607	0.481	0.000
1.928	-5.000	1.607	0.482	0.000
1.929	-5.000	1.607	0.484	0.000
1.930	-5.000	1.609	0.481	0.000
1.931	-5.000	1.609	0.483	0.000
1.932	-5.000	1.609	0.484	0.000
1.933	-5.000	1.612	0.482	0.000
1.934	-5.000	1.612	0.484	0.000
1.935	-5.000	1.612	0.485	0.000
1.936	-5.000	1.616	0.479	0.000
1.937	-5.000	1.612	0.488	0.000
1.938	-5.000	1.614	0.486	0.000
1.939	-5.000	1.616	0.484	0.000
1.940	-5.000	1.619	0.482	0.000
1.941	-5.000	1.621	0.480	0.000
1.942	-5.000	1.621	0.481	0.000
1.943	-5.000	1.621	0.483	0.000
1.944	-5.000	1.624	0.480	0.000
1.945	-5.000	1.621	0.486	0.000
1.946	-5.000	1.624	0.483	0.000
1.947	-5.000	1.624	0.485	0.000
1.948	-5.000	1.629	0.479	0.000
1.949	-5.000	1.631	0.477	0.000
1.950	-5.000	1.629	0.482	0.000
1.951	-5.000	1.633	0.476	0.000
1.952	-5.000	1.629	0.485	0.000
1.953	-5.000	1.631	0.483	0.000
1.954	-5.000	1.631	0.484	0.000
1.955	-5.000	1.631	0.486	0.000
1.956	-5.000	1.631	0.487	0.000
1.957	-5.000	1.633	0.485	0.000
1.958	-5.000	1.636	0.483	0.000
1.959	-5.000	1.641	0.477	0.000
1.960	-5.000	1.641	0.479	0.000
1.961	-5.000	1.638	0.484	0.000
1.962	-5.000	1.643	0.478	0.000
1.963	-5.000	1.643	0.480	0.000
1.964	-5.000	1.643	0.481	0.000
1.965	-5.000	1.646	0.479	0.000
1.966	-5.000	1.646	0.480	0.000
1.967	-5.000	1.646	0.482	0.000
1.968	-5.000	1.643	0.487	0.000
1.969	-5.000	1.646	0.485	0.000
1.970	-5.000	1.651	0.479	0.000
1.971	-5.000	1.646	0.488	0.000
1.972	-5.000	1.648	0.486	0.000
1.973	-5.000	1.653	0.480	0.000
1.974	-5.000	1.651	0.485	0.000
1.975	-5.000	1.653	0.483	0.000
1.976	-5.000	1.651	0.488	0.000
1.977	-5.000	1.655	0.482	0.000
1.978	-5.000	1.655	0.484	0.000
1.979	-5.000	1.655	0.485	0.000
1.980	-5.000	1.655	0.487	0.000
1.981	-5.000	1.658	0.485	0.000
1.982	-5.000	1.658	0.486	0.000
1.983	-5.000	1.660	0.484	0.000
1.984	-5.000	1.663	0.482	0.000
1.985	-5.000	1.665	0.480	0.000
1.986	-5.000	1.665	0.481	0.000
1.987	-5.000	1.670	0.475	0.000
1.988	-5.000	1.668	0.481	0.000
1.989	-5.000	1.668	0.482	0.000
1.990	-5.000	1.673	0.476	0.000
1.991	-5.000	1.670	0.481	0.000
1.992	-5.000	1.673	0.479	0.000
1.993	-5.000	1.670	0.484	0.000
1.994	-5.000	1.673	0.482	0.000
1.995	-5.000	1.675	0.480	0.000
1.996	-5.000	1.675	0.482	0.000
1.997	-5.000	1.675	0.483	0.000
1.998	-5.000	1.675	0.485	0.000
1.999	-5.000	1.677	0.482	0.000
2.000	-5.000	1.677	0.484	0.000
