ref	v	theta	v	ball
0.000	-5.000	0.043	0.000	0.000
0.000	-5.000	0.044	0.000	0.000
0.000	-5.000	0.044	0.000	0.000
0.003	-5.000	0.044	0.103	0.000
0.004	-5.000	0.043	0.097	0.000
0.005	-5.000	0.044	0.098	0.000
0.006	-5.000	0.044	0.096	0.000
0.007	-5.000	0.046	0.097	0.000
0.008	-5.000	0.043	0.087	0.000
0.009	-5.000	0.044	0.088	0.000
0.010	-5.000	0.043	0.082	0.000
0.011	-5.000	0.043	0.079	0.000
0.012	-5.000	0.046	0.084	0.000
0.013	-5.000	0.043	0.074	0.000
0.014	-5.000	0.043	0.072	0.000
0.015	-5.000	0.043	0.069	0.000
0.016	-5.000	0.044	0.071	0.000
0.017	-5.000	0.044	0.068	0.000
0.018	-5.000	0.044	0.066	0.000
0.019	-5.000	0.044	0.063	0.000
0.020	-5.000	0.044	0.061	0.000
0.021	-5.000	0.044	0.058	0.000
0.022	-5.000	0.044	0.056	0.000
0.023	-5.000	0.044	0.053	0.000
0.024	-5.000	0.044	0.051	0.000
0.025	-5.000	0.043	0.044	0.000
0.026	-5.000	0.044	0.046	0.000
0.027	-5.000	0.044	0.043	0.000
0.028	-5.000	0.044	0.041	0.000
0.029	-5.000	0.043	0.034	0.000
0.030	-5.000	0.044	0.036	0.000
0.031	-5.000	0.044	0.033	0.000
0.032	-5.000	0.043	0.027	0.000
0.033	-5.000	0.043	0.024	0.000
0.034	-5.000	0.044	0.026	0.000
0.035	-5.000	0.044	0.023	0.000
0.036	-5.000	0.044	0.021	0.000
0.037	-5.000	0.044	0.018	0.000
0.038	-5.000	0.044	0.016	0.000
0.039	-5.000	0.046	0.017	0.000
0.040	-5.000	0.044	0.011	0.000
0.041	-5.000	0.043	0.004	0.000
0.042	-5.000	0.044	0.006	0.000
0.043	-5.000	0.044	0.003	0.000
0.044	-5.000	0.044	0.001	0.000
0.045	-5.000	0.046	0.002	0.000
0.046	-5.000	0.044	-0.004	0.000
0.047	-5.000	0.044	-0.007	0.000
0.048	-5.000	0.043	-0.013	0.000
0.049	-5.000	0.044	-0.012	0.000
0.050	-5.000	0.046	-0.011	0.000
0.051	-5.000	0.043	-0.021	0.000
0.052	-5.000	0.043	-0.023	0.000
0.053	-5.000	0.046	-0.018	0.000
0.054	-5.000	0.044	-0.024	0.000
0.055	-5.000	0.043	-0.031	0.000
0.056	-5.000	0.044	-0.029	0.000
0.057	-5.000	0.043	-0.036	0.000
0.058	-5.000	0.043	-0.038	0.000
0.059	-5.000	0.044	-0.037	0.000
0.060	-5.000	0.046	-0.036	0.000
0.061	-5.000	0.044	-0.042	0.000
0.062	-5.000	0.044	-0.044	0.000
0.063	-5.000	0.044	-0.047	0.000
0.064	-5.000	0.046	-0.046	0.000
0.065	-5.000	0.044	-0.052	0.000
0.066	-5.000	0.044	-0.054	0.000
0.067	-5.000	0.044	-0.057	0.000
0.068	-5.000	0.044	-0.059	0.000
0.069	-5.000	0.043	-0.066	0.000
0.070	-5.000	0.044	-0.064	0.000
0.071	-5.000	0.044	-0.067	0.000
0.072	-5.000	0.046	-0.066	0.000
0.073	-5.000	0.043	-0.076	0.000
0.074	-5.000	0.044	-0.074	0.000
0.075	-5.000	0.043	-0.081	0.000
0.076	-5.000	0.046	-0.076	0.000
0.077	-5.000	0.043	-0.086	0.000
0.078	-5.000	0.044	-0.084	0.000
0.079	-5.000	0.044	-0.087	0.000
0.080	-5.000	0.044	-0.089	0.000
0.081	-5.000	0.044	-0.092	0.000
0.082	-5.000	0.044	-0.094	0.000
0.083	-5.000	0.043	-0.101	0.000
0.084	-5.000	0.044	-0.099	0.000
0.085	-5.000	0.041	-0.109	0.000
0.086	-5.000	0.044	-0.104	0.000
0.087	-5.000	0.046	-0.103	0.000
0.088	-5.000	0.043	-0.113	0.000
0.089	-5.000	0.046	-0.108	0.000
0.090	-5.000	0.044	-0.114	0.000
0.091	-5.000	0.044	-0.117	0.000
0.092	-5.000	0.044	-0.119	0.000
0.093	-5.000	0.044	-0.122	0.000
0.094	-5.000	0.044	-0.124	0.000
0.095	-5.000	0.044	-0.127	0.000
0.096	-5.000	0.043	-0.133	0.000
0.097	-5.000	0.044	-0.132	0.000
0.098	-5.000	0.046	-0.131	0.000
0.099	-5.000	0.043	-0.141	0.000
0.100	-5.000	0.044	-0.139	0.000
0.101	-5.000	0.044	-0.142	0.000
0.102	-5.000	0.046	-0.141	0.000
0.103	-5.000	0.046	-0.143	0.000
0.104	-5.000	0.044	-0.149	0.000
0.105	-5.000	0.044	-0.152	0.000
0.106	-5.000	0.044	-0.154	0.000
0.107	-5.000	0.044	-0.157	0.000
0.108	-5.000	0.044	-0.159	0.000
0.109	-5.000	0.046	-0.158	0.000
0.110	-5.000	0.044	-0.164	0.000
0.111	-5.000	0.044	-0.167	0.000
0.112	-5.000	0.046	-0.166	0.000
0.113	-5.000	0.046	-0.168	0.000
0.114	-5.000	0.044	-0.174	0.000
0.115	-5.000	0.046	-0.173	0.000
0.116	-5.000	0.047	-0.172	0.000
0.117	-5.000	0.046	-0.178	0.000
0.118	-5.000	0.046	-0.181	0.000
0.119	-5.000	0.046	-0.183	0.000
0.120	-5.000	0.046	-0.186	0.000
0.121	-5.000	0.046	-0.188	0.000
0.122	-5.000	0.046	-0.191	0.000
0.123	-5.000	0.046	-0.193	0.000
0.124	-5.000	0.046	-0.196	0.000
0.125	-5.000	0.049	-0.191	0.000
0.126	-5.000	0.049	-0.193	0.000
0.127	-5.000	0.047	-0.200	0.000
0.128	-5.000	0.046	-0.206	0.000
0.129	-5.000	0.046	-0.208	0.000
0.130	-5.000	0.047	-0.207	0.000
0.131	-5.000	0.046	-0.213	0.000
0.132	-5.000	0.049	-0.208	0.000
0.133	-5.000	0.047	-0.215	0.000
0.134	-5.000	0.046	-0.221	0.000
0.135	-5.000	0.049	-0.216	0.000
0.136	-5.000	0.049	-0.218	0.000
0.137	-5.000	0.049	-0.221	0.000
0.138	-5.000	0.049	-0.223	0.000
0.139	-5.000	0.050	-0.222	0.000
0.140	-5.000	0.050	-0.225	0.000
0.141	-5.000	0.050	-0.227	0.000
0.142	-5.000	0.050	-0.230	0.000
0.143	-5.000	0.050	-0.232	0.000
0.144	-5.000	0.050	-0.235	0.000
0.145	-5.000	0.050	-0.237	0.000
0.146	-5.000	0.050	-0.240	0.000
0.147	-5.000	0.050	-0.242	0.000
0.148	-5.000	0.052	-0.241	0.000
0.149	-5.000	0.052	-0.243	0.000
0.150	-5.000	0.050	-0.250	0.000
0.151	-5.000	0.050	-0.252	0.000
0.152	-5.000	0.053	-0.247	0.000
0.153	-5.000	0.052	-0.253	0.000
0.154	-5.000	0.052	-0.256	0.000
0.155	-5.000	0.053	-0.255	0.000
0.156	-5.000	0.052	-0.261	0.000
0.157	-5.000	0.053	-0.260	0.000
0.158	-5.000	0.053	-0.262	0.000
0.159	-5.000	0.052	-0.268	0.000
0.160	-5.000	0.053	-0.267	0.000
0.161	-5.000	0.053	-0.270	0.000
0.162	-5.000	0.053	-0.272	0.000
0.163	-5.000	0.053	-0.275	0.000
0.164	-5.000	0.055	-0.274	0.000
0.165	-5.000	0.055	-0.276	0.000
0.166	-5.000	0.053	-0.282	0.000
0.167	-5.000	0.056	-0.277	0.000
0.168	-5.000	0.056	-0.280	0.000
0.169	-5.000	0.056	-0.282	0.000
0.170	-5.000	0.056	-0.285	0.000
0.171	-5.000	0.056	-0.287	0.000
0.172	-5.000	0.056	-0.290	0.000
0.173	-5.000	0.056	-0.292	0.000
0.174	-5.000	0.058	-0.291	0.000
0.175	-5.000	0.056	-0.297	0.000
0.176	-5.000	0.059	-0.292	0.000
0.177	-5.000	0.056	-0.302	0.000
0.178	-5.000	0.058	-0.301	0.000
0.179	-5.000	0.059	-0.300	0.000
0.180	-5.000	0.058	-0.306	0.000
0.181	-5.000	0.059	-0.305	0.000
0.182	-5.000	0.059	-0.307	0.000
0.183	-5.000	0.059	-0.310	0.000
0.184	-5.000	0.061	-0.309	0.000
0.185	-5.000	0.061	-0.311	0.000
0.186	-5.000	0.061	-0.314	0.000
0.187	-5.000	0.061	-0.316	0.000
0.188	-5.000	0.061	-0.319	0.000
0.189	-5.000	0.062	-0.318	0.000
0.190	-5.000	0.062	-0.320	0.000
0.191	-5.000	0.063	-0.319	0.000
0.192	-5.000	0.062	-0.325	0.000
0.193	-5.000	0.062	-0.328	0.000
0.194	-5.000	0.062	-0.330	0.000
0.195	-5.000	0.063	-0.329	0.000
0.196	-5.000	0.063	-0.331	0.000
0.197	-5.000	0.063	-0.334	0.000
0.198	-5.000	0.063	-0.336	0.000
0.199	-5.000	0.063	-0.339	0.000
0.200	-5.000	0.063	-0.341	0.000
0.201	-5.000	0.068	-0.333	0.000
0.202	-5.000	0.071	-0.328	0.000
0.203	-5.000	0.069	-0.334	0.000
0.204	-5.000	0.069	-0.337	0.000
0.205	-5.000	0.069	-0.339	0.000
0.206	-5.000	0.069	-0.342	0.000
0.207	-5.000	0.071	-0.340	0.000
0.208	-5.000	0.071	-0.343	0.000
0.209	-5.000	0.069	-0.349	0.000
0.210	-5.000	0.069	-0.352	0.000
0.211	-5.000	0.071	-0.350	0.000
0.212	-5.000	0.071	-0.353	0.000
0.213	-5.000	0.069	-0.359	0.000
0.214	-5.000	0.072	-0.354	0.000
0.215	-5.000	0.071	-0.360	0.000
0.216	-5.000	0.071	-0.363	0.000
0.217	-5.000	0.072	-0.362	0.000
0.218	-5.000	0.071	-0.368	0.000
0.219	-5.000	0.071	-0.370	0.000
0.220	-5.000	0.074	-0.365	0.000
0.221	-5.000	0.072	-0.372	0.000
0.222	-5.000	0.075	-0.367	0.000
0.223	-5.000	0.075	-0.369	0.000
0.224	-5.000	0.074	-0.375	0.000
0.225	-5.000	0.075	-0.374	0.000
0.226	-5.000	0.075	-0.377	0.000
0.227	-5.000	0.074	-0.383	0.000
0.228	-5.000	0.075	-0.382	0.000
0.229	-5.000	0.077	-0.381	0.000
0.230	-5.000	0.075	-0.387	0.000
0.231	-5.000	0.077	-0.386	0.000
0.232	-5.000	0.078	-0.384	0.000
0.233	-5.000	0.077	-0.391	0.000
0.234	-5.000	0.080	-0.386	0.000
0.235	-5.000	0.077	-0.396	0.000
0.236	-5.000	0.078	-0.394	0.000
0.237	-5.000	0.080	-0.393	0.000
0.238	-5.000	0.080	-0.396	0.000
0.239	-5.000	0.080	-0.398	0.000
0.240	-5.000	0.081	-0.397	0.000
0.241	-5.000	0.081	-0.399	0.000
0.242	-5.000	0.081	-0.402	0.000
0.243	-5.000	0.084	-0.397	0.000
0.244	-5.000	0.083	-0.403	0.000
0.245	-5.000	0.083	-0.406	0.000
0.246	-5.000	0.084	-0.405	0.000
0.247	-5.000	0.084	-0.407	0.000
0.248	-5.000	0.084	-0.410	0.000
0.249	-5.000	0.086	-0.408	0.000
0.250	-5.000	0.086	-0.411	0.000
0.251	-5.000	0.089	-0.406	0.000
0.252	-5.000	0.089	-0.409	0.000
0.253	-5.000	0.089	-0.411	0.000
0.254	-5.000	0.089	-0.414	0.000
0.255	-5.000	0.089	-0.416	0.000
0.256	-5.000	0.090	-0.415	0.000
0.257	-5.000	0.087	-0.425	0.000
0.258	-5.000	0.090	-0.420	0.000
0.259	-5.000	0.090	-0.422	0.000
0.260	-5.000	0.092	-0.421	0.000
0.261	-5.000	0.092	-0.424	0.000
0.262	-5.000	0.092	-0.426	0.000
0.263	-5.000	0.092	-0.429	0.000
0.264	-5.000	0.093	-0.427	0.000
0.265	-5.000	0.093	-0.430	0.000
0.266	-5.000	0.093	-0.432	0.000
0.267	-5.000	0.093	-0.435	0.000
0.268	-5.000	0.095	-0.434	0.000
0.269	-5.000	0.097	-0.429	0.000
0.270	-5.000	0.095	-0.439	0.000
0.271	-5.000	0.097	-0.434	0.000
0.272	-5.000	0.100	-0.429	0.000
0.273	-5.000	0.099	-0.435	0.000
0.274	-5.000	0.099	-0.438	0.000
0.275	-5.000	0.100	-0.436	0.000
0.276	-5.000	0.100	-0.439	0.000
0.277	-5.000	0.100	-0.441	0.000
0.278	-5.000	0.102	-0.440	0.000
0.279	-5.000	0.102	-0.443	0.000
0.280	-5.000	0.102	-0.445	0.000
0.281	-5.000	0.102	-0.448	0.000
0.282	-5.000	0.105	-0.443	0.000
0.283	-5.000	0.103	-0.449	0.000
0.284	-5.000	0.103	-0.452	0.000
0.285	-5.000	0.105	-0.450	0.000
0.286	-5.000	0.106	-0.449	0.000
0.287	-5.000	0.106	-0.452	0.000
0.288	-5.000	0.106	-0.454	0.000
0.289	-5.000	0.108	-0.453	0.000
0.290	-5.000	0.108	-0.455	0.000
0.291	-5.000	0.109	-0.454	0.000
0.292	-5.000	0.109	-0.457	0.000
0.293	-5.000	0.109	-0.459	0.000
0.294	-5.000	0.112	-0.454	0.000
0.295	-5.000	0.111	-0.461	0.000
0.296	-5.000	0.112	-0.459	0.000
0.297	-5.000	0.112	-0.462	0.000
0.298	-5.000	0.114	-0.461	0.000
0.299	-5.000	0.114	-0.463	0.000
0.300	-5.000	0.115	-0.462	0.000
0.301	-5.000	0.115	-0.464	0.000
0.302	-5.000	0.115	-0.467	0.000
0.303	-5.000	0.115	-0.469	0.000
0.304	-5.000	0.114	-0.476	0.000
0.305	-5.000	0.118	-0.467	0.000
0.306	-5.000	0.117	-0.473	0.000
0.307	-5.000	0.118	-0.472	0.000
0.308	-5.000	0.120	-0.471	0.000
0.309	-5.000	0.120	-0.473	0.000
0.310	-5.000	0.121	-0.472	0.000
0.311	-5.000	0.120	-0.478	0.000
0.312	-5.000	0.124	-0.470	0.000
0.313	-5.000	0.121	-0.480	0.000
0.314	-5.000	0.123	-0.479	0.000
0.315	-5.000	0.124	-0.477	0.000
0.316	-5.000	0.124	-0.480	0.000
0.317	-5.000	0.126	-0.479	0.000
0.318	-5.000	0.126	-0.481	0.000
0.319	-5.000	0.127	-0.480	0.000
0.320	-5.000	0.127	-0.482	0.000
0.321	-5.000	0.127	-0.485	0.000
0.322	-5.000	0.129	-0.484	0.000
0.323	-5.000	0.130	-0.483	0.000
0.324	-5.000	0.129	-0.489	0.000
0.325	-5.000	0.130	-0.488	0.000
0.326	-5.000	0.130	-0.490	0.000
0.327	-5.000	0.130	-0.493	0.000
0.328	-5.000	0.131	-0.491	0.000
0.329	-5.000	0.131	-0.494	0.000
0.330	-5.000	0.131	-0.496	0.000
0.331	-5.000	0.133	-0.495	0.000
0.332	-5.000	0.136	-0.490	0.000
0.333	-5.000	0.136	-0.493	0.000
0.334	-5.000	0.136	-0.495	0.000
0.335	-5.000	0.134	-0.501	0.000
0.336	-5.000	0.137	-0.497	0.000
0.337	-5.000	0.137	-0.499	0.000
0.338	-5.000	0.139	-0.498	0.000
0.339	-5.000	0.139	-0.500	0.000
0.340	-5.000	0.139	-0.503	0.000
0.341	-5.000	0.140	-0.502	0.000
0.342	-5.000	0.140	-0.504	0.000
0.343	-5.000	0.142	-0.503	0.000
0.344	-5.000	0.142	-0.505	0.000
0.345	-5.000	0.143	-0.504	0.000
0.346	-5.000	0.142	-0.510	0.000
0.347	-5.000	0.143	-0.509	0.000
0.348	-5.000	0.145	-0.508	0.000
0.349	-5.000	0.146	-0.507	0.000
0.350	-5.000	0.146	-0.509	0.000
0.351	-5.000	0.146	-0.512	0.000
0.352	-5.000	0.145	-0.518	0.000
0.353	-5.000	0.148	-0.513	0.000
0.354	-5.000	0.149	-0.512	0.000
0.355	-5.000	0.149	-0.514	0.000
0.356	-5.000	0.151	-0.513	0.000
0.357	-5.000	0.151	-0.516	0.000
0.358	-5.000	0.152	-0.515	0.000
0.359	-5.000	0.154	-0.513	0.000
0.360	-5.000	0.152	-0.520	0.000
0.361	-5.000	0.155	-0.515	0.000
0.362	-5.000	0.154	-0.521	0.000
0.363	-5.000	0.155	-0.520	0.000
0.364	-5.000	0.155	-0.522	0.000
0.365	-5.000	0.157	-0.521	0.000
0.366	-5.000	0.157	-0.524	0.000
0.367	-5.000	0.160	-0.519	0.000
0.368	-5.000	0.160	-0.521	0.000
0.369	-5.000	0.158	-0.527	0.000
0.370	-5.000	0.160	-0.526	0.000
0.371	-5.000	0.160	-0.529	0.000
0.372	-5.000	0.163	-0.524	0.000
0.373	-5.000	0.163	-0.526	0.000
0.374	-5.000	0.163	-0.529	0.000
0.375	-5.000	0.164	-0.528	0.000
0.376	-5.000	0.163	-0.534	0.000
0.377	-5.000	0.164	-0.533	0.000
0.378	-5.000	0.165	-0.531	0.000
0.379	-5.000	0.167	-0.530	0.000
0.380	-5.000	0.167	-0.533	0.000
0.381	-5.000	0.168	-0.531	0.000
0.382	-5.000	0.168	-0.534	0.000
0.383	-5.000	0.167	-0.540	0.000
0.384	-5.000	0.170	-0.535	0.000
0.385	-5.000	0.170	-0.538	0.000
0.386	-5.000	0.171	-0.537	0.000
0.387	-5.000	0.171	-0.539	0.000
0.388	-5.000	0.171	-0.542	0.000
0.389	-5.000	0.174	-0.537	0.000
0.390	-5.000	0.173	-0.543	0.000
0.391	-5.000	0.174	-0.542	0.000
0.392	-5.000	0.176	-0.540	0.000
0.393	-5.000	0.176	-0.543	0.000
0.394	-5.000	0.176	-0.545	0.000
0.395	-5.000	0.177	-0.544	0.000
0.396	-5.000	0.179	-0.543	0.000
0.397	-5.000	0.179	-0.546	0.000
0.398	-5.000	0.182	-0.541	0.000
0.399	-5.000	0.180	-0.547	0.000
0.400	-5.000	0.182	-0.546	0.000
0.401	-5.000	0.183	-0.544	0.000
0.402	-5.000	0.185	-0.543	0.000
0.403	-5.000	0.185	-0.546	0.000
0.404	-5.000	0.186	-0.545	0.000
0.405	-5.000	0.186	-0.547	0.000
0.406	-5.000	0.186	-0.550	0.000
0.407	-5.000	0.186	-0.552	0.000
0.408	-5.000	0.188	-0.551	0.000
0.409	-5.000	0.189	-0.550	0.000
0.410	-5.000	0.189	-0.552	0.000
0.411	-5.000	0.189	-0.555	0.000
0.412	-5.000	0.192	-0.550	0.000
0.413	-5.000	0.195	-0.545	0.000
0.414	-5.000	0.192	-0.555	0.000
0.415	-5.000	0.195	-0.550	0.000
0.416	-5.000	0.194	-0.556	0.000
0.417	-5.000	0.197	-0.551	0.000
0.418	-5.000	0.195	-0.557	0.000
0.419	-5.000	0.197	-0.556	0.000
0.420	-5.000	0.198	-0.555	0.000
0.421	-5.000	0.198	-0.558	0.000
0.422	-5.000	0.199	-0.556	0.000
0.423	-5.000	0.199	-0.559	0.000
0.424	-5.000	0.199	-0.561	0.000
0.425	-5.000	0.202	-0.556	0.000
0.426	-5.000	0.204	-0.555	0.000
0.427	-5.000	0.202	-0.561	0.000
0.428	-5.000	0.204	-0.560	0.000
0.429	-5.000	0.204	-0.563	0.000
0.430	-5.000	0.207	-0.558	0.000
0.431	-5.000	0.207	-0.560	0.000
0.432	-5.000	0.207	-0.563	0.000
0.433	-5.000	0.207	-0.565	0.000
0.434	-5.000	0.208	-0.564	0.000
0.435	-5.000	0.208	-0.567	0.000
0.436	-5.000	0.208	-0.569	0.000
0.437	-5.000	0.211	-0.564	0.000
0.438	-5.000	0.213	-0.563	0.000
0.439	-5.000	0.211	-0.569	0.000
0.440	-5.000	0.213	-0.568	0.000
0.441	-5.000	0.214	-0.567	0.000
0.442	-5.000	0.216	-0.566	0.000
0.443	-5.000	0.216	-0.568	0.000
0.444	-5.000	0.217	-0.567	0.000
0.445	-5.000	0.219	-0.566	0.000
0.446	-5.000	0.217	-0.572	0.000
0.447	-5.000	0.220	-0.567	0.000
0.448	-5.000	0.220	-0.570	0.000
0.449	-5.000	0.220	-0.572	0.000
0.450	-5.000	0.222	-0.571	0.000
0.451	-5.000	0.222	-0.573	0.000
0.452	-5.000	0.220	-0.580	0.000
0.453	-5.000	0.222	-0.578	0.000
0.454	-5.000	0.222	-0.581	0.000
0.455	-5.000	0.225	-0.576	0.000
0.456	-5.000	0.225	-0.578	0.000
0.457	-5.000	0.228	-0.574	0.000
0.458	-5.000	0.228	-0.576	0.000
0.459	-5.000	0.231	-0.571	0.000
0.460	-5.000	0.231	-0.574	0.000
0.461	-5.000	0.231	-0.576	0.000
0.462	-5.000	0.231	-0.579	0.000
0.463	-5.000	0.231	-0.581	0.000
0.464	-5.000	0.232	-0.580	0.000
0.465	-5.000	0.233	-0.579	0.000
0.466	-5.000	0.232	-0.585	0.000
0.467	-5.000	0.235	-0.580	0.000
0.468	-5.000	0.235	-0.583	0.000
0.469	-5.000	0.236	-0.581	0.000
0.470	-5.000	0.238	-0.580	0.000
0.471	-5.000	0.235	-0.590	0.000
0.472	-5.000	0.239	-0.582	0.000
0.473	-5.000	0.238	-0.588	0.000
0.474	-5.000	0.242	-0.579	0.000
0.475	-5.000	0.242	-0.582	0.000
0.476	-5.000	0.244	-0.580	0.000
0.477	-5.000	0.244	-0.583	0.000
0.478	-5.000	0.245	-0.582	0.000
0.479	-5.000	0.245	-0.584	0.000
0.480	-5.000	0.245	-0.587	0.000
0.481	-5.000	0.245	-0.589	0.000
0.482	-5.000	0.247	-0.588	0.000
0.483	-5.000	0.248	-0.587	0.000
0.484	-5.000	0.248	-0.589	0.000
0.485	-5.000	0.250	-0.588	0.000
0.486	-5.000	0.250	-0.591	0.000
0.487	-5.000	0.251	-0.589	0.000
0.488	-5.000	0.251	-0.592	0.000
0.489	-5.000	0.253	-0.591	0.000
0.490	-5.000	0.254	-0.590	0.000
0.491	-5.000	0.256	-0.588	0.000
0.492	-5.000	0.256	-0.591	0.000
0.493	-5.000	0.256	-0.593	0.000
0.494	-5.000	0.257	-0.592	0.000
0.495	-5.000	0.257	-0.595	0.000
0.496	-5.000	0.260	-0.590	0.000
0.497	-5.000	0.260	-0.592	0.000
0.498	-5.000	0.260	-0.595	0.000
0.499	-5.000	0.262	-0.594	0.000
0.500	-5.000	0.262	-0.596	0.000
0.501	-5.000	0.263	-0.595	0.000
0.502	-5.000	0.265	-0.594	0.000
0.503	-5.000	0.263	-0.600	0.000
0.504	-5.000	0.265	-0.599	0.000
0.505	-5.000	0.266	-0.598	0.000
0.506	-5.000	0.267	-0.596	0.000
0.507	-5.000	0.269	-0.595	0.000
0.508	-5.000	0.269	-0.598	0.000
0.509	-5.000	0.270	-0.596	0.000
0.510	-5.000	0.270	-0.599	0.000
0.511	-5.000	0.272	-0.598	0.000
0.512	-5.000	0.273	-0.597	0.000
0.513	-5.000	0.275	-0.595	0.000
0.514	-5.000	0.275	-0.598	0.000
0.515	-5.000	0.276	-0.597	0.000
0.516	-5.000	0.278	-0.595	0.000
0.517	-5.000	0.278	-0.598	0.000
0.518	-5.000	0.278	-0.600	0.000
0.519	-5.000	0.278	-0.603	0.000
0.520	-5.000	0.279	-0.602	0.000
0.521	-5.000	0.281	-0.601	0.000
0.522	-5.000	0.282	-0.599	0.000
0.523	-5.000	0.282	-0.602	0.000
0.524	-5.000	0.282	-0.604	0.000
0.525	-5.000	0.284	-0.603	0.000
0.526	-5.000	0.285	-0.602	0.000
0.527	-5.000	0.285	-0.604	0.000
0.528	-5.000	0.288	-0.600	0.000
0.529	-5.000	0.288	-0.602	0.000
0.530	-5.000	0.290	-0.601	0.000
0.531	-5.000	0.288	-0.607	0.000
0.532	-5.000	0.291	-0.602	0.000
0.533	-5.000	0.290	-0.608	0.000
0.534	-5.000	0.291	-0.607	0.000
0.535	-5.000	0.293	-0.606	0.000
0.536	-5.000	0.294	-0.605	0.000
0.537	-5.000	0.296	-0.604	0.000
0.538	-5.000	0.296	-0.606	0.000
0.539	-5.000	0.299	-0.601	0.000
0.540	-5.000	0.299	-0.604	0.000
0.541	-5.000	0.299	-0.606	0.000
0.542	-5.000	0.299	-0.609	0.000
0.543	-5.000	0.301	-0.604	0.000
0.544	-5.000	0.301	-0.606	0.000
0.545	-5.000	0.301	-0.609	0.000
0.546	-5.000	0.303	-0.608	0.000
0.547	-5.000	0.303	-0.610	0.000
0.548	-5.000	0.304	-0.609	0.000
0.549	-5.000	0.304	-0.611	0.000
0.550	-5.000	0.304	-0.614	0.000
0.551	-5.000	0.307	-0.609	0.000
0.552	-5.000	0.307	-0.612	0.000
0.553	-5.000	0.307	-0.614	0.000
0.554	-5.000	0.310	-0.609	0.000
0.555	-5.000	0.310	-0.612	0.000
0.556	-5.000	0.312	-0.610	0.000
0.557	-5.000	0.313	-0.609	0.000
0.558	-5.000	0.313	-0.612	0.000
0.559	-5.000	0.313	-0.614	0.000
0.560	-5.000	0.316	-0.609	0.000
0.561	-5.000	0.315	-0.616	0.000
0.562	-5.000	0.316	-0.614	0.000
0.563	-5.000	0.315	-0.621	0.000
0.564	-5.000	0.318	-0.616	0.000
0.565	-5.000	0.319	-0.614	0.000
0.566	-5.000	0.319	-0.617	0.000
0.567	-5.000	0.319	-0.619	0.000
0.568	-5.000	0.321	-0.618	0.000
0.569	-5.000	0.321	-0.621	0.000
0.570	-5.000	0.324	-0.616	0.000
0.571	-5.000	0.325	-0.615	0.000
0.572	-5.000	0.324	-0.621	0.000
0.573	-5.000	0.325	-0.620	0.000
0.574	-5.000	0.327	-0.618	0.000
0.575	-5.000	0.327	-0.621	0.000
0.576	-5.000	0.328	-0.620	0.000
0.577	-5.000	0.328	-0.622	0.000
0.578	-5.000	0.330	-0.621	0.000
0.579	-5.000	0.330	-0.624	0.000
0.580	-5.000	0.331	-0.622	0.000
0.581	-5.000	0.331	-0.625	0.000
0.582	-5.000	0.334	-0.620	0.000
0.583	-5.000	0.334	-0.622	0.000
0.584	-5.000	0.334	-0.625	0.000
0.585	-5.000	0.334	-0.627	0.000
0.586	-5.000	0.337	-0.623	0.000
0.587	-5.000	0.337	-0.625	0.000
0.588	-5.000	0.338	-0.624	0.000
0.589	-5.000	0.340	-0.623	0.000
0.590	-5.000	0.340	-0.625	0.000
0.591	-5.000	0.340	-0.628	0.000
0.592	-5.000	0.341	-0.627	0.000
0.593	-5.000	0.343	-0.625	0.000
0.594	-5.000	0.344	-0.624	0.000
0.595	-5.000	0.344	-0.627	0.000
0.596	-5.000	0.344	-0.629	0.000
0.597	-5.000	0.346	-0.628	0.000
0.598	-5.000	0.349	-0.623	0.000
0.599	-5.000	0.349	-0.626	0.000
0.600	-5.000	0.349	-0.628	0.000
0.601	-5.000	0.350	-0.627	0.000
0.602	-5.000	0.352	-0.626	0.000
0.603	-5.000	0.353	-0.624	0.000
0.604	-5.000	0.353	-0.627	0.000
0.605	-5.000	0.353	-0.629	0.000
0.606	-5.000	0.355	-0.628	0.000
0.607	-5.000	0.355	-0.631	0.000
0.608	-5.000	0.356	-0.630	0.000
0.609	-5.000	0.358	-0.628	0.000
0.610	-5.000	0.361	-0.623	0.000
0.611	-5.000	0.361	-0.626	0.000
0.612	-5.000	0.361	-0.628	0.000
0.613	-5.000	0.362	-0.627	0.000
0.614	-5.000	0.361	-0.633	0.000
0.615	-5.000	0.362	-0.632	0.000
0.616	-5.000	0.364	-0.631	0.000
0.617	-5.000	0.365	-0.630	0.000
0.618	-5.000	0.365	-0.632	0.000
0.619	-5.000	0.367	-0.631	0.000
0.620	-5.000	0.367	-0.634	0.000
0.621	-5.000	0.368	-0.632	0.000
0.622	-5.000	0.369	-0.631	0.000
0.623	-5.000	0.372	-0.626	0.000
0.624	-5.000	0.372	-0.629	0.000
0.625	-5.000	0.372	-0.631	0.000
0.626	-5.000	0.372	-0.634	0.000
0.627	-5.000	0.375	-0.629	0.000
0.628	-5.000	0.375	-0.631	0.000
0.629	-5.000	0.377	-0.630	0.000
0.630	-5.000	0.377	-0.633	0.000
0.631	-5.000	0.378	-0.632	0.000
0.632	-5.000	0.378	-0.634	0.000
0.633	-5.000	0.380	-0.633	0.000
0.634	-5.000	0.381	-0.632	0.000
0.635	-5.000	0.381	-0.634	0.000
0.636	-5.000	0.383	-0.633	0.000
0.637	-5.000	0.383	-0.636	0.000
0.638	-5.000	0.384	-0.634	0.000
0.639	-5.000	0.384	-0.637	0.000
0.640	-5.000	0.387	-0.632	0.000
0.641	-5.000	0.387	-0.634	0.000
0.642	-5.000	0.387	-0.637	0.000
0.643	-5.000	0.389	-0.636	0.000
0.644	-5.000	0.390	-0.635	0.000
0.645	-5.000	0.390	-0.637	0.000
0.646	-5.000	0.392	-0.636	0.000
0.647	-5.000	0.393	-0.635	0.000
0.648	-5.000	0.396	-0.630	0.000
0.649	-5.000	0.396	-0.632	0.000
0.650	-5.000	0.398	-0.631	0.000
0.651	-5.000	0.399	-0.630	0.000
0.652	-5.000	0.399	-0.632	0.000
0.653	-5.000	0.399	-0.635	0.000
0.654	-5.000	0.402	-0.630	0.000
0.655	-5.000	0.401	-0.636	0.000
0.656	-5.000	0.402	-0.635	0.000
0.657	-5.000	0.402	-0.637	0.000
0.658	-5.000	0.405	-0.633	0.000
0.659	-5.000	0.405	-0.635	0.000
0.660	-5.000	0.406	-0.634	0.000
0.661	-5.000	0.408	-0.633	0.000
0.662	-5.000	0.408	-0.635	0.000
0.663	-5.000	0.411	-0.630	0.000
0.664	-5.000	0.411	-0.633	0.000
0.665	-5.000	0.411	-0.635	0.000
0.666	-5.000	0.411	-0.638	0.000
0.667	-5.000	0.415	-0.629	0.000
0.668	-5.000	0.414	-0.635	0.000
0.669	-5.000	0.415	-0.634	0.000
0.670	-5.000	0.417	-0.633	0.000
0.671	-5.000	0.415	-0.639	0.000
0.672	-5.000	0.417	-0.638	0.000
0.673	-5.000	0.420	-0.633	0.000
0.674	-5.000	0.420	-0.636	0.000
0.675	-5.000	0.420	-0.638	0.000
0.676	-5.000	0.421	-0.637	0.000
0.677	-5.000	0.424	-0.632	0.000
0.678	-5.000	0.423	-0.638	0.000
0.679	-5.000	0.423	-0.641	0.000
0.680	-5.000	0.424	-0.640	0.000
0.681	-5.000	0.424	-0.642	0.000
0.682	-5.000	0.427	-0.637	0.000
0.683	-5.000	0.429	-0.636	0.000
0.684	-5.000	0.429	-0.638	0.000
0.685	-5.000	0.432	-0.634	0.000
0.686	-5.000	0.430	-0.640	0.000
0.687	-5.000	0.433	-0.635	0.000
0.688	-5.000	0.432	-0.641	0.000
0.689	-5.000	0.435	-0.636	0.000
0.690	-5.000	0.435	-0.639	0.000
0.691	-5.000	0.436	-0.637	0.000
0.692	-5.000	0.437	-0.636	0.000
0.693	-5.000	0.439	-0.635	0.000
0.694	-5.000	0.437	-0.641	0.000
0.695	-5.000	0.439	-0.640	0.000
0.696	-5.000	0.440	-0.639	0.000
0.697	-5.000	0.440	-0.641	0.000
0.698	-5.000	0.443	-0.636	0.000
0.699	-5.000	0.443	-0.639	0.000
0.700	-5.000	0.445	-0.638	0.000
0.700	-5.000	0.445	-0.638	0.000
0.700	-5.000	0.445	-0.638	0.000
0.700	-5.000	0.445	-0.638	0.000
0.700	-5.000	0.449	-0.627	0.000
0.700	-5.000	0.449	-0.627	0.000
0.700	-5.000	0.451	-0.623	0.000
0.700	-5.000	0.449	-0.627	0.000
0.700	-5.000	0.452	-0.619	0.000
0.700	-5.000	0.454	-0.616	0.000
0.700	-5.000	0.452	-0.619	0.000
0.700	-5.000	0.454	-0.616	0.000
0.700	-5.000	0.454	-0.616	0.000
0.700	-5.000	0.457	-0.608	0.000
0.700	-5.000	0.458	-0.605	0.000
0.700	-5.000	0.458	-0.605	0.000
0.700	-5.000	0.460	-0.601	0.000
0.700	-5.000	0.460	-0.601	0.000
0.700	-5.000	0.461	-0.597	0.000
0.700	-5.000	0.461	-0.597	0.000
0.700	-5.000	0.464	-0.590	0.000
0.700	-5.000	0.466	-0.586	0.000
0.700	-5.000	0.466	-0.586	0.000
0.700	-5.000	0.467	-0.582	0.000
0.700	-5.000	0.466	-0.586	0.000
0.700	-5.000	0.469	-0.579	0.000
0.700	-5.000	0.469	-0.579	0.000
0.700	-5.000	0.469	-0.579	0.000
0.700	-5.000	0.471	-0.571	0.000
0.700	-5.000	0.471	-0.571	0.000
0.700	-5.000	0.474	-0.564	0.000
0.700	-5.000	0.474	-0.564	0.000
0.700	-5.000	0.473	-0.568	0.000
0.700	-5.000	0.476	-0.560	0.000
0.700	-5.000	0.479	-0.553	0.000
0.700	-5.000	0.479	-0.553	0.000
0.700	-5.000	0.479	-0.553	0.000
0.700	-5.000	0.479	-0.553	0.000
0.700	-5.000	0.480	-0.549	0.000
0.700	-5.000	0.482	-0.545	0.000
0.700	-5.000	0.482	-0.545	0.000
0.700	-5.000	0.482	-0.545	0.000
0.700	-5.000	0.483	-0.542	0.000
0.700	-5.000	0.483	-0.542	0.000
0.700	-5.000	0.485	-0.538	0.000
0.700	-5.000	0.485	-0.538	0.000
0.700	-5.000	0.486	-0.534	0.000
0.700	-5.000	0.486	-0.534	0.000
0.700	-5.000	0.489	-0.527	0.000
0.700	-5.000	0.489	-0.527	0.000
0.700	-5.000	0.491	-0.523	0.000
0.700	-5.000	0.492	-0.520	0.000
0.700	-5.000	0.492	-0.520	0.000
0.700	-5.000	0.494	-0.516	0.000
0.700	-5.000	0.494	-0.516	0.000
0.700	-5.000	0.494	-0.516	0.000
0.700	-5.000	0.494	-0.516	0.000
0.700	-5.000	0.497	-0.508	0.000
0.700	-5.000	0.498	-0.505	0.000
0.700	-5.000	0.497	-0.508	0.000
0.700	-5.000	0.498	-0.505	0.000
0.700	-5.000	0.500	-0.501	0.000
0.700	-5.000	0.500	-0.501	0.000
0.700	-5.000	0.503	-0.494	0.000
0.700	-5.000	0.503	-0.494	0.000
0.700	-5.000	0.503	-0.494	0.000
0.700	-5.000	0.503	-0.494	0.000
0.700	-5.000	0.503	-0.494	0.000
0.700	-5.000	0.507	-0.483	0.000
0.700	-5.000	0.505	-0.486	0.000
0.700	-5.000	0.505	-0.486	0.000
0.700	-5.000	0.507	-0.483	0.000
0.700	-5.000	0.508	-0.479	0.000
0.700	-5.000	0.508	-0.479	0.000
0.700	-5.000	0.511	-0.471	0.000
0.700	-5.000	0.510	-0.475	0.000
0.700	-5.000	0.510	-0.475	0.000
0.700	-5.000	0.510	-0.475	0.000
0.700	-5.000	0.513	-0.468	0.000
0.700	-5.000	0.513	-0.468	0.000
0.700	-5.000	0.513	-0.468	0.000
0.700	-5.000	0.514	-0.464	0.000
0.700	-5.000	0.516	-0.460	0.000
0.700	-5.000	0.516	-0.460	0.000
0.700	-5.000	0.517	-0.457	0.000
0.700	-5.000	0.517	-0.457	0.000
0.700	-5.000	0.519	-0.453	0.000
0.700	-5.000	0.517	-0.457	0.000
0.700	-5.000	0.519	-0.453	0.000
0.700	-5.000	0.520	-0.449	0.000
0.700	-5.000	0.519	-0.453	0.000
0.700	-5.000	0.520	-0.449	0.000
0.700	-5.000	0.523	-0.442	0.000
0.700	-5.000	0.523	-0.442	0.000
0.700	-5.000	0.525	-0.438	0.000
0.700	-5.000	0.526	-0.435	0.000
0.700	-5.000	0.526	-0.435	0.000
0.700	-5.000	0.525	-0.438	0.000
0.700	-5.000	0.526	-0.435	0.000
0.700	-5.000	0.528	-0.431	0.000
0.700	-5.000	0.529	-0.427	0.000
0.700	-5.000	0.529	-0.427	0.000
0.700	-5.000	0.529	-0.427	0.000
0.700	-5.000	0.529	-0.427	0.000
0.700	-5.000	0.531	-0.423	0.000
0.700	-5.000	0.532	-0.420	0.000
0.700	-5.000	0.531	-0.423	0.000
0.700	-5.000	0.534	-0.416	0.000
0.700	-5.000	0.532	-0.420	0.000
0.700	-5.000	0.535	-0.412	0.000
0.700	-5.000	0.534	-0.416	0.000
0.700	-5.000	0.534	-0.416	0.000
0.700	-5.000	0.535	-0.412	0.000
0.700	-5.000	0.535	-0.412	0.000
0.700	-5.000	0.538	-0.405	0.000
0.700	-5.000	0.538	-0.405	0.000
0.700	-5.000	0.538	-0.405	0.000
0.700	-5.000	0.540	-0.401	0.000
0.700	-5.000	0.540	-0.401	0.000
0.700	-5.000	0.541	-0.398	0.000
0.700	-5.000	0.541	-0.398	0.000
0.700	-5.000	0.541	-0.398	0.000
0.700	-5.000	0.541	-0.398	0.000
0.700	-5.000	0.544	-0.390	0.000
0.700	-5.000	0.542	-0.394	0.000
0.700	-5.000	0.544	-0.390	0.000
0.700	-5.000	0.544	-0.390	0.000
0.700	-5.000	0.547	-0.383	0.000
0.700	-5.000	0.545	-0.386	0.000
0.700	-5.000	0.545	-0.386	0.000
0.700	-5.000	0.547	-0.383	0.000
0.700	-5.000	0.547	-0.383	0.000
0.700	-5.000	0.548	-0.379	0.000
0.700	-5.000	0.550	-0.375	0.000
0.700	-5.000	0.548	-0.379	0.000
0.700	-5.000	0.550	-0.375	0.000
0.700	-5.000	0.550	-0.375	0.000
0.700	-5.000	0.551	-0.372	0.000
0.700	-5.000	0.553	-0.368	0.000
0.700	-5.000	0.553	-0.368	0.000
0.700	-5.000	0.553	-0.368	0.000
0.700	-5.000	0.553	-0.368	0.000
0.700	-5.000	0.554	-0.364	0.000
0.700	-5.000	0.551	-0.372	0.000
0.700	-5.000	0.554	-0.364	0.000
0.700	-5.000	0.556	-0.361	0.000
0.700	-5.000	0.556	-0.361	0.000
0.700	-5.000	0.556	-0.361	0.000
0.700	-5.000	0.556	-0.361	0.000
0.700	-5.000	0.557	-0.357	0.000
0.700	-5.000	0.557	-0.357	0.000
0.700	-5.000	0.559	-0.353	0.000
0.700	-5.000	0.557	-0.357	0.000
0.700	-5.000	0.562	-0.346	0.000
0.700	-5.000	0.562	-0.346	0.000
0.700	-5.000	0.562	-0.346	0.000
0.700	-5.000	0.563	-0.342	0.000
0.700	-5.000	0.563	-0.342	0.000
0.700	-5.000	0.563	-0.342	0.000
0.700	-5.000	0.563	-0.342	0.000
0.700	-5.000	0.563	-0.342	0.000
0.700	-5.000	0.565	-0.338	0.000
0.700	-5.000	0.565	-0.338	0.000
0.700	-5.000	0.565	-0.338	0.000
0.700	-5.000	0.566	-0.335	0.000
0.700	-5.000	0.566	-0.335	0.000
0.700	-5.000	0.565	-0.338	0.000
0.700	-5.000	0.568	-0.331	0.000
0.700	-5.000	0.566	-0.335	0.000
0.700	-5.000	0.568	-0.331	0.000
0.700	-5.000	0.569	-0.327	0.000
0.700	-5.000	0.571	-0.324	0.000
0.700	-5.000	0.568	-0.331	0.000
0.700	-5.000	0.569	-0.327	0.000
0.700	-5.000	0.572	-0.320	0.000
0.700	-5.000	0.571	-0.324	0.000
0.700	-5.000	0.571	-0.324	0.000
0.700	-5.000	0.572	-0.320	0.000
0.700	-5.000	0.572	-0.320	0.000
0.700	-5.000	0.572	-0.320	0.000
0.700	-5.000	0.572	-0.320	0.000
0.700	-5.000	0.575	-0.313	0.000
0.700	-5.000	0.575	-0.313	0.000
0.700	-5.000	0.575	-0.313	0.000
0.700	-5.000	0.576	-0.309	0.000
0.700	-5.000	0.575	-0.313	0.000
0.700	-5.000	0.576	-0.309	0.000
0.700	-5.000	0.578	-0.305	0.000
0.700	-5.000	0.578	-0.305	0.000
0.700	-5.000	0.578	-0.305	0.000
0.700	-5.000	0.579	-0.301	0.000
0.700	-5.000	0.579	-0.301	0.000
0.700	-5.000	0.579	-0.301	0.000
0.700	-5.000	0.579	-0.301	0.000
0.700	-5.000	0.579	-0.301	0.000
0.700	-5.000	0.581	-0.298	0.000
0.700	-5.000	0.582	-0.294	0.000
0.700	-5.000	0.582	-0.294	0.000
0.700	-5.000	0.582	-0.294	0.000
0.700	-5.000	0.582	-0.294	0.000
0.700	-5.000	0.581	-0.298	0.000
0.700	-5.000	0.582	-0.294	0.000
0.700	-5.000	0.584	-0.290	0.000
0.700	-5.000	0.585	-0.287	0.000
0.700	-5.000	0.584	-0.290	0.000
0.700	-5.000	0.585	-0.287	0.000
0.700	-5.000	0.585	-0.287	0.000
0.700	-5.000	0.587	-0.283	0.000
0.700	-5.000	0.585	-0.287	0.000
0.700	-5.000	0.585	-0.287	0.000
0.700	-5.000	0.587	-0.283	0.000
0.700	-5.000	0.587	-0.283	0.000
0.700	-5.000	0.587	-0.283	0.000
0.700	-5.000	0.587	-0.283	0.000
0.700	-5.000	0.588	-0.279	0.000
0.700	-5.000	0.588	-0.279	0.000
0.700	-5.000	0.590	-0.276	0.000
0.700	-5.000	0.590	-0.276	0.000
0.700	-5.000	0.588	-0.279	0.000
0.700	-5.000	0.590	-0.276	0.000
0.700	-5.000	0.593	-0.268	0.000
0.700	-5.000	0.591	-0.272	0.000
0.700	-5.000	0.591	-0.272	0.000
0.700	-5.000	0.591	-0.272	0.000
0.700	-5.000	0.593	-0.268	0.000
0.700	-5.000	0.591	-0.272	0.000
0.700	-5.000	0.591	-0.272	0.000
0.700	-5.000	0.594	-0.264	0.000
0.700	-5.000	0.594	-0.264	0.000
0.700	-5.000	0.593	-0.268	0.000
0.700	-5.000	0.594	-0.264	0.000
0.700	-5.000	0.594	-0.264	0.000
0.700	-5.000	0.596	-0.261	0.000
0.700	-5.000	0.596	-0.261	0.000
0.700	-5.000	0.596	-0.261	0.000
0.700	-5.000	0.597	-0.257	0.000
0.700	-5.000	0.597	-0.257	0.000
0.700	-5.000	0.597	-0.257	0.000
0.700	-5.000	0.597	-0.257	0.000
0.700	-5.000	0.597	-0.257	0.000
0.700	-5.000	0.597	-0.257	0.000
0.700	-5.000	0.599	-0.253	0.000
0.700	-5.000	0.600	-0.250	0.000
0.700	-5.000	0.599	-0.253	0.000
0.700	-5.000	0.599	-0.253	0.000
0.700	-5.000	0.600	-0.250	0.000
0.700	-5.000	0.599	-0.253	0.000
0.700	-5.000	0.599	-0.253	0.000
0.700	-5.000	0.600	-0.250	0.000
0.700	-5.000	0.600	-0.250	0.000
0.700	-5.000	0.600	-0.250	0.000
0.700	-5.000	0.602	-0.246	0.000
0.700	-5.000	0.602	-0.246	0.000
0.700	-5.000	0.602	-0.246	0.000
0.700	-5.000	0.602	-0.246	0.000
0.700	-5.000	0.603	-0.242	0.000
0.700	-5.000	0.605	-0.239	0.000
0.700	-5.000	0.605	-0.239	0.000
0.700	-5.000	0.603	-0.242	0.000
0.700	-5.000	0.605	-0.239	0.000
0.700	-5.000	0.606	-0.235	0.000
0.700	-5.000	0.603	-0.242	0.000
0.700	-5.000	0.606	-0.235	0.000
0.700	-5.000	0.605	-0.239	0.000
0.700	-5.000	0.605	-0.239	0.000
0.700	-5.000	0.606	-0.235	0.000
0.700	-5.000	0.606	-0.235	0.000
0.700	-5.000	0.608	-0.231	0.000
0.700	-5.000	0.609	-0.228	0.000
0.700	-5.000	0.609	-0.228	0.000
0.700	-5.000	0.609	-0.228	0.000
0.700	-5.000	0.608	-0.231	0.000
0.700	-5.000	0.609	-0.228	0.000
0.700	-5.000	0.609	-0.228	0.000
0.700	-5.000	0.608	-0.231	0.000
0.700	-5.000	0.610	-0.224	0.000
0.700	-5.000	0.609	-0.228	0.000
0.700	-5.000	0.610	-0.224	0.000
0.700	-5.000	0.609	-0.228	0.000
0.700	-5.000	0.609	-0.228	0.000
0.700	-5.000	0.612	-0.220	0.000
0.700	-5.000	0.609	-0.228	0.000
0.700	-5.000	0.612	-0.220	0.000
0.700	-5.000	0.612	-0.220	0.000
0.700	-5.000	0.612	-0.220	0.000
0.700	-5.000	0.612	-0.220	0.000
0.700	-5.000	0.612	-0.220	0.000
0.700	-5.000	0.613	-0.216	0.000
0.700	-5.000	0.610	-0.224	0.000
0.700	-5.000	0.613	-0.216	0.000
0.700	-5.000	0.615	-0.213	0.000
0.700	-5.000	0.615	-0.213	0.000
0.700	-5.000	0.613	-0.216	0.000
0.700	-5.000	0.612	-0.220	0.000
0.700	-5.000	0.613	-0.216	0.000
0.700	-5.000	0.613	-0.216	0.000
0.700	-5.000	0.615	-0.213	0.000
0.700	-5.000	0.615	-0.213	0.000
0.700	-5.000	0.615	-0.213	0.000
0.700	-5.000	0.615	-0.213	0.000
0.700	-5.000	0.616	-0.209	0.000
0.700	-5.000	0.616	-0.209	0.000
0.700	-5.000	0.616	-0.209	0.000
0.700	-5.000	0.618	-0.205	0.000
0.700	-5.000	0.616	-0.209	0.000
0.700	-5.000	0.618	-0.205	0.000
0.700	-5.000	0.618	-0.205	0.000
0.700	-5.000	0.618	-0.205	0.000
0.700	-5.000	0.618	-0.205	0.000
0.700	-5.000	0.621	-0.198	0.000
0.700	-5.000	0.618	-0.205	0.000
0.700	-5.000	0.618	-0.205	0.000
0.700	-5.000	0.619	-0.202	0.000
0.700	-5.000	0.621	-0.198	0.000
0.700	-5.000	0.621	-0.198	0.000
0.700	-5.000	0.619	-0.202	0.000
0.700	-5.000	0.619	-0.202	0.000
0.700	-5.000	0.621	-0.198	0.000
0.700	-5.000	0.621	-0.198	0.000
0.700	-5.000	0.622	-0.194	0.000
0.700	-5.000	0.621	-0.198	0.000
0.700	-5.000	0.619	-0.202	0.000
0.700	-5.000	0.622	-0.194	0.000
0.700	-5.000	0.622	-0.194	0.000
0.700	-5.000	0.622	-0.194	0.000
0.700	-5.000	0.624	-0.191	0.000
0.700	-5.000	0.622	-0.194	0.000
0.700	-5.000	0.625	-0.187	0.000
0.700	-5.000	0.624	-0.191	0.000
0.700	-5.000	0.624	-0.191	0.000
0.700	-5.000	0.624	-0.191	0.000
0.700	-5.000	0.625	-0.187	0.000
0.700	-5.000	0.624	-0.191	0.000
0.700	-5.000	0.625	-0.187	0.000
0.700	-5.000	0.625	-0.187	0.000
0.700	-5.000	0.625	-0.187	0.000
0.700	-5.000	0.625	-0.187	0.000
0.700	-5.000	0.625	-0.187	0.000
0.700	-5.000	0.625	-0.187	0.000
0.700	-5.000	0.624	-0.191	0.000
0.700	-5.000	0.624	-0.191	0.000
0.700	-5.000	0.627	-0.183	0.000
0.700	-5.000	0.627	-0.183	0.000
0.700	-5.000	0.627	-0.183	0.000
0.700	-5.000	0.628	-0.179	0.000
0.700	-5.000	0.625	-0.187	0.000
0.700	-5.000	0.628	-0.179	0.000
0.700	-5.000	0.627	-0.183	0.000
0.700	-5.000	0.630	-0.176	0.000
0.700	-5.000	0.628	-0.179	0.000
0.700	-5.000	0.630	-0.176	0.000
0.700	-5.000	0.628	-0.179	0.000
0.700	-5.000	0.630	-0.176	0.000
0.700	-5.000	0.630	-0.176	0.000
0.700	-5.000	0.630	-0.176	0.000
0.700	-5.000	0.630	-0.176	0.000
0.700	-5.000	0.630	-0.176	0.000
0.700	-5.000	0.630	-0.176	0.000
0.700	-5.000	0.630	-0.176	0.000
0.700	-5.000	0.630	-0.176	0.000
0.700	-5.000	0.631	-0.172	0.000
0.700	-5.000	0.633	-0.168	0.000
0.700	-5.000	0.630	-0.176	0.000
0.700	-5.000	0.628	-0.179	0.000
0.700	-5.000	0.631	-0.172	0.000
0.700	-5.000	0.633	-0.168	0.000
0.700	-5.000	0.633	-0.168	0.000
0.700	-5.000	0.631	-0.172	0.000
0.700	-5.000	0.633	-0.168	0.000
0.700	-5.000	0.631	-0.172	0.000
0.700	-5.000	0.633	-0.168	0.000
0.700	-5.000	0.633	-0.168	0.000
0.700	-5.000	0.633	-0.168	0.000
0.700	-5.000	0.634	-0.165	0.000
0.700	-5.000	0.634	-0.165	0.000
0.700	-5.000	0.634	-0.165	0.000
0.700	-5.000	0.634	-0.165	0.000
0.700	-5.000	0.633	-0.168	0.000
0.700	-5.000	0.634	-0.165	0.000
0.700	-5.000	0.633	-0.168	0.000
0.700	-5.000	0.636	-0.161	0.000
0.700	-5.000	0.634	-0.165	0.000
0.700	-5.000	0.636	-0.161	0.000
0.700	-5.000	0.636	-0.161	0.000
0.700	-5.000	0.636	-0.161	0.000
0.700	-5.000	0.636	-0.161	0.000
0.700	-5.000	0.636	-0.161	0.000
0.700	-5.000	0.637	-0.157	0.000
0.700	-5.000	0.636	-0.161	0.000
0.700	-5.000	0.636	-0.161	0.000
0.700	-5.000	0.636	-0.161	0.000
0.700	-5.000	0.637	-0.157	0.000
0.700	-5.000	0.639	-0.154	0.000
0.700	-5.000	0.637	-0.157	0.000
0.700	-5.000	0.637	-0.157	0.000
0.700	-5.000	0.639	-0.154	0.000
0.700	-5.000	0.639	-0.154	0.000
0.700	-5.000	0.639	-0.154	0.000
0.700	-5.000	0.639	-0.154	0.000
0.700	-5.000	0.639	-0.154	0.000
0.700	-5.000	0.639	-0.154	0.000
0.700	-5.000	0.637	-0.157	0.000
0.700	-5.000	0.640	-0.150	0.000
0.700	-5.000	0.639	-0.154	0.000
0.700	-5.000	0.639	-0.154	0.000
0.700	-5.000	0.639	-0.154	0.000
0.700	-5.000	0.640	-0.150	0.000
0.700	-5.000	0.639	-0.154	0.000
0.700	-5.000	0.640	-0.150	0.000
0.700	-5.000	0.640	-0.150	0.000
0.700	-5.000	0.642	-0.146	0.000
0.700	-5.000	0.642	-0.146	0.000
0.700	-5.000	0.640	-0.150	0.000
0.700	-5.000	0.642	-0.146	0.000
0.700	-5.000	0.643	-0.143	0.000
0.700	-5.000	0.640	-0.150	0.000
0.700	-5.000	0.642	-0.146	0.000
0.700	-5.000	0.642	-0.146	0.000
0.700	-5.000	0.642	-0.146	0.000
0.700	-5.000	0.642	-0.146	0.000
0.700	-5.000	0.642	-0.146	0.000
0.700	-5.000	0.640	-0.150	0.000
0.700	-5.000	0.643	-0.143	0.000
0.700	-5.000	0.644	-0.139	0.000
0.700	-5.000	0.643	-0.143	0.000
0.700	-5.000	0.642	-0.146	0.000
0.700	-5.000	0.643	-0.143	0.000
0.700	-5.000	0.644	-0.139	0.000
0.700	-5.000	0.644	-0.139	0.000
0.700	-5.000	0.644	-0.139	0.000
0.700	-5.000	0.644	-0.139	0.000
0.700	-5.000	0.644	-0.139	0.000
0.700	-5.000	0.644	-0.139	0.000
0.700	-5.000	0.644	-0.139	0.000
0.700	-5.000	0.644	-0.139	0.000
0.700	-5.000	0.643	-0.143	0.000
0.700	-5.000	0.644	-0.139	0.000
0.700	-5.000	0.643	-0.143	0.000
0.700	-5.000	0.646	-0.135	0.000
0.700	-5.000	0.647	-0.131	0.000
0.700	-5.000	0.644	-0.139	0.000
0.700	-5.000	0.644	-0.139	0.000
0.700	-5.000	0.646	-0.135	0.000
0.700	-5.000	0.644	-0.139	0.000
0.700	-5.000	0.647	-0.131	0.000
0.700	-5.000	0.646	-0.135	0.000
0.700	-5.000	0.646	-0.135	0.000
0.700	-5.000	0.646	-0.135	0.000
0.700	-5.000	0.646	-0.135	0.000
0.700	-5.000	0.647	-0.131	0.000
0.700	-5.000	0.646	-0.135	0.000
0.700	-5.000	0.647	-0.131	0.000
0.700	-5.000	0.649	-0.128	0.000
0.700	-5.000	0.646	-0.135	0.000
0.700	-5.000	0.646	-0.135	0.000
0.700	-5.000	0.649	-0.128	0.000
0.700	-5.000	0.649	-0.128	0.000
0.700	-5.000	0.649	-0.128	0.000
0.700	-5.000	0.647	-0.131	0.000
0.700	-5.000	0.649	-0.128	0.000
0.700	-5.000	0.649	-0.128	0.000
0.700	-5.000	0.649	-0.128	0.000
0.700	-5.000	0.649	-0.128	0.000
0.700	-5.000	0.649	-0.128	0.000
0.700	-5.000	0.650	-0.124	0.000
0.700	-5.000	0.649	-0.128	0.000
0.700	-5.000	0.649	-0.128	0.000
0.700	-5.000	0.649	-0.128	0.000
0.700	-5.000	0.649	-0.128	0.000
0.700	-5.000	0.649	-0.128	0.000
0.700	-5.000	0.650	-0.124	0.000
0.700	-5.000	0.649	-0.128	0.000
0.700	-5.000	0.650	-0.124	0.000
0.700	-5.000	0.650	-0.124	0.000
0.700	-5.000	0.650	-0.124	0.000
0.700	-5.000	0.650	-0.124	0.000
0.700	-5.000	0.650	-0.124	0.000
0.700	-5.000	0.652	-0.120	0.000
0.700	-5.000	0.652	-0.120	0.000
0.700	-5.000	0.652	-0.120	0.000
0.700	-5.000	0.652	-0.120	0.000
0.700	-5.000	0.652	-0.120	0.000
0.700	-5.000	0.650	-0.124	0.000
0.700	-5.000	0.650	-0.124	0.000
0.700	-5.000	0.652	-0.120	0.000
0.700	-5.000	0.650	-0.124	0.000
0.700	-5.000	0.650	-0.124	0.000
0.700	-5.000	0.652	-0.120	0.000
0.700	-5.000	0.653	-0.117	0.000
0.700	-5.000	0.652	-0.120	0.000
0.700	-5.000	0.653	-0.117	0.000
0.700	-5.000	0.653	-0.117	0.000
0.700	-5.000	0.653	-0.117	0.000
0.700	-5.000	0.652	-0.120	0.000
0.700	-5.000	0.655	-0.113	0.000
0.700	-5.000	0.652	-0.120	0.000
0.700	-5.000	0.652	-0.120	0.000
0.700	-5.000	0.652	-0.120	0.000
0.700	-5.000	0.653	-0.117	0.000
0.700	-5.000	0.653	-0.117	0.000
0.700	-5.000	0.655	-0.113	0.000
0.700	-5.000	0.653	-0.117	0.000
0.700	-5.000	0.655	-0.113	0.000
0.700	-5.000	0.652	-0.120	0.000
0.700	-5.000	0.655	-0.113	0.000
0.700	-5.000	0.653	-0.117	0.000
0.700	-5.000	0.653	-0.117	0.000
0.700	-5.000	0.655	-0.113	0.000
0.700	-5.000	0.655	-0.113	0.000
0.700	-5.000	0.658	-0.106	0.000
0.700	-5.000	0.656	-0.109	0.000
0.700	-5.000	0.653	-0.117	0.000
0.700	-5.000	0.656	-0.109	0.000
0.700	-5.000	0.656	-0.109	0.000
0.700	-5.000	0.656	-0.109	0.000
0.700	-5.000	0.656	-0.109	0.000
0.700	-5.000	0.655	-0.113	0.000
0.700	-5.000	0.656	-0.109	0.000
0.700	-5.000	0.655	-0.113	0.000
0.700	-5.000	0.656	-0.109	0.000
0.700	-5.000	0.658	-0.106	0.000
0.700	-5.000	0.655	-0.113	0.000
0.700	-5.000	0.656	-0.109	0.000
0.700	-5.000	0.656	-0.109	0.000
0.700	-5.000	0.655	-0.113	0.000
0.700	-5.000	0.656	-0.109	0.000
0.700	-5.000	0.656	-0.109	0.000
0.700	-5.000	0.655	-0.113	0.000
0.700	-5.000	0.655	-0.113	0.000
0.700	-5.000	0.656	-0.109	0.000
0.700	-5.000	0.655	-0.113	0.000
0.700	-5.000	0.658	-0.106	0.000
0.700	-5.000	0.658	-0.106	0.000
0.700	-5.000	0.658	-0.106	0.000
0.700	-5.000	0.656	-0.109	0.000
0.700	-5.000	0.658	-0.106	0.000
0.700	-5.000	0.656	-0.109	0.000
0.700	-5.000	0.658	-0.106	0.000
0.700	-5.000	0.658	-0.106	0.000
0.700	-5.000	0.658	-0.106	0.000
0.700	-5.000	0.659	-0.102	0.000
0.700	-5.000	0.656	-0.109	0.000
0.700	-5.000	0.658	-0.106	0.000
0.700	-5.000	0.659	-0.102	0.000
0.700	-5.000	0.658	-0.106	0.000
0.700	-5.000	0.656	-0.109	0.000
0.700	-5.000	0.658	-0.106	0.000
0.700	-5.000	0.659	-0.102	0.000
0.700	-5.000	0.658	-0.106	0.000
0.700	-5.000	0.658	-0.106	0.000
0.700	-5.000	0.658	-0.106	0.000
0.700	-5.000	0.659	-0.102	0.000
0.700	-5.000	0.659	-0.102	0.000
0.700	-5.000	0.658	-0.106	0.000
0.700	-5.000	0.661	-0.098	0.000
0.700	-5.000	0.659	-0.102	0.000
0.700	-5.000	0.659	-0.102	0.000
0.700	-5.000	0.658	-0.106	0.000
0.700	-5.000	0.658	-0.106	0.000
0.700	-5.000	0.658	-0.106	0.000
0.700	-5.000	0.659	-0.102	0.000
0.700	-5.000	0.661	-0.098	0.000
0.700	-5.000	0.658	-0.106	0.000
0.700	-5.000	0.658	-0.106	0.000
0.700	-5.000	0.659	-0.102	0.000
0.700	-5.000	0.661	-0.098	0.000
0.700	-5.000	0.659	-0.102	0.000
0.700	-5.000	0.661	-0.098	0.000
0.700	-5.000	0.661	-0.098	0.000
0.700	-5.000	0.659	-0.102	0.000
0.700	-5.000	0.659	-0.102	0.000
0.700	-5.000	0.659	-0.102	0.000
0.700	-5.000	0.661	-0.098	0.000
0.700	-5.000	0.661	-0.098	0.000
0.700	-5.000	0.661	-0.098	0.000
0.700	-5.000	0.659	-0.102	0.000
0.700	-5.000	0.661	-0.098	0.000
0.700	-5.000	0.661	-0.098	0.000
0.700	-5.000	0.659	-0.102	0.000
0.700	-5.000	0.661	-0.098	0.000
0.700	-5.000	0.659	-0.102	0.000
0.700	-5.000	0.661	-0.098	0.000
0.700	-5.000	0.661	-0.098	0.000
0.700	-5.000	0.661	-0.098	0.000
0.700	-5.000	0.662	-0.094	0.000
0.700	-5.000	0.662	-0.094	0.000
0.700	-5.000	0.662	-0.094	0.000
0.700	-5.000	0.659	-0.102	0.000
0.700	-5.000	0.661	-0.098	0.000
0.700	-5.000	0.661	-0.098	0.000
0.700	-5.000	0.661	-0.098	0.000
0.700	-5.000	0.661	-0.098	0.000
0.700	-5.000	0.661	-0.098	0.000
0.700	-5.000	0.661	-0.098	0.000
0.700	-5.000	0.661	-0.098	0.000
0.700	-5.000	0.662	-0.094	0.000
0.700	-5.000	0.662	-0.094	0.000
0.700	-5.000	0.661	-0.098	0.000
0.700	-5.000	0.661	-0.098	0.000
0.700	-5.000	0.661	-0.098	0.000
0.700	-5.000	0.662	-0.094	0.000
0.700	-5.000	0.664	-0.091	0.000
0.700	-5.000	0.662	-0.094	0.000
0.700	-5.000	0.662	-0.094	0.000
0.700	-5.000	0.661	-0.098	0.000
0.700	-5.000	0.661	-0.098	0.000
0.700	-5.000	0.661	-0.098	0.000
0.700	-5.000	0.664	-0.091	0.000
0.700	-5.000	0.661	-0.098	0.000
0.700	-5.000	0.662	-0.094	0.000
0.700	-5.000	0.662	-0.094	0.000
0.700	-5.000	0.664	-0.091	0.000
0.700	-5.000	0.664	-0.091	0.000
0.700	-5.000	0.661	-0.098	0.000
0.700	-5.000	0.662	-0.094	0.000
0.700	-5.000	0.664	-0.091	0.000
0.700	-5.000	0.662	-0.094	0.000
0.700	-5.000	0.664	-0.091	0.000
0.700	-5.000	0.664	-0.091	0.000
0.700	-5.000	0.665	-0.087	0.000
0.700	-5.000	0.662	-0.094	0.000
0.700	-5.000	0.664	-0.091	0.000
0.700	-5.000	0.665	-0.087	0.000
0.700	-5.000	0.662	-0.094	0.000
0.700	-5.000	0.664	-0.091	0.000
0.700	-5.000	0.662	-0.094	0.000
0.700	-5.000	0.662	-0.094	0.000
0.700	-5.000	0.664	-0.091	0.000
0.700	-5.000	0.662	-0.094	0.000
0.700	-5.000	0.662	-0.094	0.000
0.700	-5.000	0.664	-0.091	0.000
0.700	-5.000	0.665	-0.087	0.000
0.700	-5.000	0.662	-0.094	0.000
0.700	-5.000	0.664	-0.091	0.000
0.700	-5.000	0.665	-0.087	0.000
0.700	-5.000	0.664	-0.091	0.000
0.700	-5.000	0.664	-0.091	0.000
0.700	-5.000	0.664	-0.091	0.000
0.700	-5.000	0.664	-0.091	0.000
0.700	-5.000	0.662	-0.094	0.000
0.700	-5.000	0.667	-0.083	0.000
0.700	-5.000	0.665	-0.087	0.000
0.700	-5.000	0.664	-0.091	0.000
0.700	-5.000	0.664	-0.091	0.000
0.700	-5.000	0.662	-0.094	0.000
0.700	-5.000	0.665	-0.087	0.000
0.700	-5.000	0.664	-0.091	0.000
0.700	-5.000	0.662	-0.094	0.000
0.700	-5.000	0.664	-0.091	0.000
0.700	-5.000	0.665	-0.087	0.000
0.700	-5.000	0.665	-0.087	0.000
0.700	-5.000	0.664	-0.091	0.000
0.700	-5.000	0.665	-0.087	0.000
0.700	-5.000	0.665	-0.087	0.000
0.700	-5.000	0.665	-0.087	0.000
0.700	-5.000	0.665	-0.087	0.000
0.700	-5.000	0.665	-0.087	0.000
0.700	-5.000	0.665	-0.087	0.000
0.700	-5.000	0.665	-0.087	0.000
0.700	-5.000	0.665	-0.087	0.000
0.700	-5.000	0.664	-0.091	0.000
0.700	-5.000	0.665	-0.087	0.000
0.700	-5.000	0.665	-0.087	0.000
0.700	-5.000	0.664	-0.091	0.000
0.700	-5.000	0.665	-0.087	0.000
0.700	-5.000	0.665	-0.087	0.000
0.700	-5.000	0.668	-0.080	0.000
0.700	-5.000	0.664	-0.091	0.000
0.700	-5.000	0.665	-0.087	0.000
0.700	-5.000	0.664	-0.091	0.000
0.700	-5.000	0.664	-0.091	0.000
0.700	-5.000	0.665	-0.087	0.000
0.700	-5.000	0.668	-0.080	0.000
0.700	-5.000	0.664	-0.091	0.000
0.700	-5.000	0.668	-0.080	0.000
0.700	-5.000	0.665	-0.087	0.000
0.700	-5.000	0.667	-0.083	0.000
0.700	-5.000	0.665	-0.087	0.000
0.700	-5.000	0.665	-0.087	0.000
0.700	-5.000	0.667	-0.083	0.000
0.700	-5.000	0.665	-0.087	0.000
0.700	-5.000	0.665	-0.087	0.000
0.700	-5.000	0.667	-0.083	0.000
0.700	-5.000	0.665	-0.087	0.000
0.700	-5.000	0.668	-0.080	0.000
0.700	-5.000	0.667	-0.083	0.000
0.700	-5.000	0.665	-0.087	0.000
0.700	-5.000	0.665	-0.087	0.000
0.700	-5.000	0.668	-0.080	0.000
0.700	-5.000	0.665	-0.087	0.000
0.700	-5.000	0.664	-0.091	0.000
0.700	-5.000	0.665	-0.087	0.000
0.700	-5.000	0.665	-0.087	0.000
0.700	-5.000	0.668	-0.080	0.000
0.700	-5.000	0.664	-0.091	0.000
0.700	-5.000	0.667	-0.083	0.000
0.700	-5.000	0.668	-0.080	0.000
0.700	-5.000	0.665	-0.087	0.000
0.700	-5.000	0.665	-0.087	0.000
0.700	-5.000	0.667	-0.083	0.000
0.700	-5.000	0.664	-0.091	0.000
0.700	-5.000	0.667	-0.083	0.000
0.700	-5.000	0.665	-0.087	0.000
0.700	-5.000	0.668	-0.080	0.000
0.700	-5.000	0.667	-0.083	0.000
0.700	-5.000	0.668	-0.080	0.000
0.700	-5.000	0.668	-0.080	0.000
0.700	-5.000	0.668	-0.080	0.000
0.700	-5.000	0.667	-0.083	0.000
0.700	-5.000	0.667	-0.083	0.000
0.700	-5.000	0.668	-0.080	0.000
0.700	-5.000	0.665	-0.087	0.000
0.700	-5.000	0.665	-0.087	0.000
0.700	-5.000	0.665	-0.087	0.000
0.700	-5.000	0.667	-0.083	0.000
0.700	-5.000	0.668	-0.080	0.000
0.700	-5.000	0.668	-0.080	0.000
0.700	-5.000	0.667	-0.083	0.000
0.700	-5.000	0.668	-0.080	0.000
0.700	-5.000	0.668	-0.080	0.000
0.700	-5.000	0.668	-0.080	0.000
0.700	-5.000	0.668	-0.080	0.000
0.700	-5.000	0.668	-0.080	0.000
0.700	-5.000	0.668	-0.080	0.000
0.700	-5.000	0.668	-0.080	0.000
0.700	-5.000	0.668	-0.080	0.000
0.700	-5.000	0.667	-0.083	0.000
0.700	-5.000	0.668	-0.080	0.000
0.700	-5.000	0.667	-0.083	0.000
0.700	-5.000	0.667	-0.083	0.000
0.700	-5.000	0.668	-0.080	0.000
0.700	-5.000	0.668	-0.080	0.000
0.700	-5.000	0.668	-0.080	0.000
0.700	-5.000	0.667	-0.083	0.000
0.700	-5.000	0.668	-0.080	0.000
0.700	-5.000	0.668	-0.080	0.000
0.700	-5.000	0.670	-0.076	0.000
0.700	-5.000	0.668	-0.080	0.000
0.700	-5.000	0.667	-0.083	0.000
0.700	-5.000	0.667	-0.083	0.000
0.700	-5.000	0.667	-0.083	0.000
0.700	-5.000	0.667	-0.083	0.000
0.700	-5.000	0.667	-0.083	0.000
0.700	-5.000	0.667	-0.083	0.000
0.700	-5.000	0.667	-0.083	0.000
0.700	-5.000	0.667	-0.083	0.000
0.700	-5.000	0.667	-0.083	0.000
0.700	-5.000	0.668	-0.080	0.000
0.700	-5.000	0.668	-0.080	0.000
0.700	-5.000	0.668	-0.080	0.000
0.700	-5.000	0.668	-0.080	0.000
0.700	-5.000	0.668	-0.080	0.000
0.700	-5.000	0.668	-0.080	0.000
0.700	-5.000	0.668	-0.080	0.000
0.700	-5.000	0.668	-0.080	0.000
0.700	-5.000	0.668	-0.080	0.000
0.700	-5.000	0.668	-0.080	0.000
0.700	-5.000	0.667	-0.083	0.000
0.700	-5.000	0.668	-0.080	0.000
0.700	-5.000	0.667	-0.083	0.000
0.700	-5.000	0.668	-0.080	0.000
0.700	-5.000	0.668	-0.080	0.000
0.700	-5.000	0.670	-0.076	0.000
0.700	-5.000	0.668	-0.080	0.000
0.700	-5.000	0.668	-0.080	0.000
0.700	-5.000	0.668	-0.080	0.000
0.700	-5.000	0.670	-0.076	0.000
0.700	-5.000	0.668	-0.080	0.000
0.700	-5.000	0.670	-0.076	0.000
0.700	-5.000	0.668	-0.080	0.000
0.700	-5.000	0.667	-0.083	0.000
0.700	-5.000	0.670	-0.076	0.000
0.700	-5.000	0.668	-0.080	0.000
0.700	-5.000	0.668	-0.080	0.000
0.700	-5.000	0.670	-0.076	0.000
0.700	-5.000	0.668	-0.080	0.000
0.700	-5.000	0.667	-0.083	0.000
0.700	-5.000	0.668	-0.080	0.000
0.700	-5.000	0.668	-0.080	0.000
0.700	-5.000	0.668	-0.080	0.000
0.700	-5.000	0.668	-0.080	0.000
0.700	-5.000	0.668	-0.080	0.000
0.700	-5.000	0.670	-0.076	0.000
0.700	-5.000	0.671	-0.072	0.000
0.700	-5.000	0.670	-0.076	0.000
0.700	-5.000	0.668	-0.080	0.000
0.700	-5.000	0.668	-0.080	0.000
0.700	-5.000	0.670	-0.076	0.000
0.700	-5.000	0.668	-0.080	0.000
0.700	-5.000	0.668	-0.080	0.000
0.700	-5.000	0.670	-0.076	0.000
0.700	-5.000	0.670	-0.076	0.000
0.700	-5.000	0.670	-0.076	0.000
0.700	-5.000	0.668	-0.080	0.000
0.700	-5.000	0.667	-0.083	0.000
0.700	-5.000	0.670	-0.076	0.000
0.700	-5.000	0.670	-0.076	0.000
0.700	-5.000	0.670	-0.076	0.000
0.700	-5.000	0.668	-0.080	0.000
0.700	-5.000	0.670	-0.076	0.000
0.700	-5.000	0.670	-0.076	0.000
0.700	-5.000	0.668	-0.080	0.000
0.700	-5.000	0.670	-0.076	0.000
0.700	-5.000	0.670	-0.076	0.000
0.700	-5.000	0.671	-0.072	0.000
0.700	-5.000	0.670	-0.076	0.000
0.700	-5.000	0.670	-0.076	0.000
0.700	-5.000	0.670	-0.076	0.000
0.700	-5.000	0.668	-0.080	0.000
0.700	-5.000	0.668	-0.080	0.000
0.700	-5.000	0.670	-0.076	0.000
0.700	-5.000	0.670	-0.076	0.000
0.700	-5.000	0.670	-0.076	0.000
0.700	-5.000	0.668	-0.080	0.000
0.700	-5.000	0.670	-0.076	0.000
0.700	-5.000	0.670	-0.076	0.000
0.700	-5.000	0.670	-0.076	0.000
0.700	-5.000	0.670	-0.076	0.000
0.700	-5.000	0.670	-0.076	0.000
0.700	-5.000	0.670	-0.076	0.000
0.700	-5.000	0.668	-0.080	0.000
0.700	-5.000	0.670	-0.076	0.000
0.700	-5.000	0.670	-0.076	0.000
0.700	-5.000	0.668	-0.080	0.000
0.700	-5.000	0.668	-0.080	0.000
0.700	-5.000	0.670	-0.076	0.000
0.700	-5.000	0.670	-0.076	0.000
0.700	-5.000	0.668	-0.080	0.000
0.700	-5.000	0.668	-0.080	0.000
0.700	-5.000	0.670	-0.076	0.000
0.700	-5.000	0.670	-0.076	0.000
0.700	-5.000	0.668	-0.080	0.000
0.700	-5.000	0.667	-0.083	0.000
0.700	-5.000	0.667	-0.083	0.000
0.700	-5.000	0.670	-0.076	0.000
0.700	-5.000	0.670	-0.076	0.000
0.700	-5.000	0.670	-0.076	0.000
0.700	-5.000	0.670	-0.076	0.000
0.700	-5.000	0.670	-0.076	0.000
0.700	-5.000	0.670	-0.076	0.000
0.700	-5.000	0.668	-0.080	0.000
0.700	-5.000	0.670	-0.076	0.000
0.700	-5.000	0.670	-0.076	0.000
0.700	-5.000	0.668	-0.080	0.000
0.700	-5.000	0.668	-0.080	0.000
0.700	-5.000	0.670	-0.076	0.000
0.700	-5.000	0.668	-0.080	0.000
0.700	-5.000	0.670	-0.076	0.000
0.700	-5.000	0.670	-0.076	0.000
0.700	-5.000	0.670	-0.076	0.000
0.700	-5.000	0.671	-0.072	0.000
0.700	-5.000	0.670	-0.076	0.000
0.700	-5.000	0.670	-0.076	0.000
0.700	-5.000	0.671	-0.072	0.000
0.700	-5.000	0.670	-0.076	0.000
0.700	-5.000	0.670	-0.076	0.000
0.700	-5.000	0.671	-0.072	0.000
0.700	-5.000	0.670	-0.076	0.000
0.700	-5.000	0.668	-0.080	0.000
0.700	-5.000	0.671	-0.072	0.000
0.700	-5.000	0.668	-0.080	0.000
0.700	-5.000	0.670	-0.076	0.000
0.700	-5.000	0.670	-0.076	0.000
0.700	-5.000	0.670	-0.076	0.000
0.700	-5.000	0.670	-0.076	0.000
0.700	-5.000	0.670	-0.076	0.000
0.700	-5.000	0.670	-0.076	0.000
0.700	-5.000	0.667	-0.083	0.000
0.700	-5.000	0.668	-0.080	0.000
0.700	-5.000	0.670	-0.076	0.000
0.700	-5.000	0.671	-0.072	0.000
0.700	-5.000	0.671	-0.072	0.000
0.700	-5.000	0.670	-0.076	0.000
0.700	-5.000	0.670	-0.076	0.000
0.700	-5.000	0.670	-0.076	0.000
0.700	-5.000	0.670	-0.076	0.000
0.700	-5.000	0.670	-0.076	0.000
0.700	-5.000	0.670	-0.076	0.000
0.700	-5.000	0.671	-0.072	0.000
0.700	-5.000	0.670	-0.076	0.000
0.700	-5.000	0.670	-0.076	0.000
0.700	-5.000	0.668	-0.080	0.000
0.700	-5.000	0.670	-0.076	0.000
0.700	-5.000	0.670	-0.076	0.000
0.700	-5.000	0.670	-0.076	0.000
0.700	-5.000	0.670	-0.076	0.000
0.700	-5.000	0.670	-0.076	0.000
0.700	-5.000	0.670	-0.076	0.000
0.700	-5.000	0.668	-0.080	0.000
0.700	-5.000	0.670	-0.076	0.000
0.700	-5.000	0.670	-0.076	0.000
0.700	-5.000	0.670	-0.076	0.000
0.700	-5.000	0.670	-0.076	0.000
0.700	-5.000	0.670	-0.076	0.000
0.700	-5.000	0.668	-0.080	0.000
0.700	-5.000	0.670	-0.076	0.000
0.700	-5.000	0.670	-0.076	0.000
0.700	-5.000	0.670	-0.076	0.000
0.700	-5.000	0.670	-0.076	0.000
0.700	-5.000	0.670	-0.076	0.000
0.700	-5.000	0.670	-0.076	0.000
0.700	-5.000	0.671	-0.072	0.000
0.700	-5.000	0.670	-0.076	0.000
0.700	-5.000	0.671	-0.072	0.000
0.700	-5.000	0.670	-0.076	0.000
0.700	-5.000	0.670	-0.076	0.000
0.700	-5.000	0.671	-0.072	0.000
0.700	-5.000	0.670	-0.076	0.000
0.700	-5.000	0.671	-0.072	0.000
0.700	-5.000	0.670	-0.076	0.000
0.700	-5.000	0.670	-0.076	0.000
0.700	-5.000	0.670	-0.076	0.000
0.700	-5.000	0.670	-0.076	0.000
0.700	-5.000	0.668	-0.080	0.000
0.700	-5.000	0.670	-0.076	0.000
0.700	-5.000	0.670	-0.076	0.000
0.700	-5.000	0.671	-0.072	0.000
0.700	-5.000	0.668	-0.080	0.000
0.700	-5.000	0.671	-0.072	0.000
0.700	-5.000	0.670	-0.076	0.000
0.700	-5.000	0.671	-0.072	0.000
0.700	-5.000	0.671	-0.072	0.000
0.700	-5.000	0.671	-0.072	0.000
0.700	-5.000	0.670	-0.076	0.000
0.700	-5.000	0.671	-0.072	0.000
0.700	-5.000	0.671	-0.072	0.000
0.700	-5.000	0.670	-0.076	0.000
0.700	-5.000	0.671	-0.072	0.000
0.700	-5.000	0.670	-0.076	0.000
0.700	-5.000	0.670	-0.076	0.000
0.700	-5.000	0.671	-0.072	0.000
0.700	-5.000	0.670	-0.076	0.000
0.700	-5.000	0.671	-0.072	0.000
0.700	-5.000	0.670	-0.076	0.000
0.700	-5.000	0.670	-0.076	0.000
0.700	-5.000	0.670	-0.076	0.000
0.700	-5.000	0.670	-0.076	0.000
0.700	-5.000	0.670	-0.076	0.000
0.700	-5.000	0.670	-0.076	0.000
0.700	-5.000	0.671	-0.072	0.000
0.700	-5.000	0.671	-0.072	0.000
0.700	-5.000	0.670	-0.076	0.000
0.700	-5.000	0.670	-0.076	0.000
0.700	-5.000	0.671	-0.072	0.000
0.700	-5.000	0.671	-0.072	0.000
0.700	-5.000	0.671	-0.072	0.000
0.700	-5.000	0.668	-0.080	0.000
0.700	-5.000	0.671	-0.072	0.000
0.700	-5.000	0.670	-0.076	0.000
0.700	-5.000	0.668	-0.080	0.000
0.700	-5.000	0.671	-0.072	0.000
0.700	-5.000	0.670	-0.076	0.000
0.700	-5.000	0.671	-0.072	0.000
0.700	-5.000	0.668	-0.080	0.000
0.700	-5.000	0.670	-0.076	0.000
0.700	-5.000	0.671	-0.072	0.000
0.700	-5.000	0.670	-0.076	0.000
0.700	-5.000	0.667	-0.083	0.000
0.700	-5.000	0.671	-0.072	0.000
0.700	-5.000	0.671	-0.072	0.000
0.700	-5.000	0.671	-0.072	0.000
0.700	-5.000	0.671	-0.072	0.000
0.700	-5.000	0.671	-0.072	0.000
0.700	-5.000	0.670	-0.076	0.000
0.700	-5.000	0.670	-0.076	0.000
0.700	-5.000	0.670	-0.076	0.000
0.700	-5.000	0.671	-0.072	0.000
0.700	-5.000	0.671	-0.072	0.000
0.700	-5.000	0.670	-0.076	0.000
0.700	-5.000	0.671	-0.072	0.000
0.700	-5.000	0.670	-0.076	0.000
0.700	-5.000	0.670	-0.076	0.000
0.700	-5.000	0.671	-0.072	0.000
0.700	-5.000	0.670	-0.076	0.000
0.700	-5.000	0.671	-0.072	0.000
0.700	-5.000	0.670	-0.076	0.000
0.700	-5.000	0.670	-0.076	0.000
0.700	-5.000	0.670	-0.076	0.000
0.700	-5.000	0.670	-0.076	0.000
0.700	-5.000	0.671	-0.072	0.000
0.700	-5.000	0.671	-0.072	0.000
0.700	-5.000	0.670	-0.076	0.000
0.700	-5.000	0.670	-0.076	0.000
0.700	-5.000	0.670	-0.076	0.000
0.700	-5.000	0.670	-0.076	0.000
0.700	-5.000	0.671	-0.072	0.000
0.700	-5.000	0.670	-0.076	0.000
0.700	-5.000	0.673	-0.069	0.000
0.700	-5.000	0.671	-0.072	0.000
0.700	-5.000	0.670	-0.076	0.000
0.700	-5.000	0.670	-0.076	0.000
0.700	-5.000	0.671	-0.072	0.000
0.700	-5.000	0.671	-0.072	0.000
0.700	-5.000	0.671	-0.072	0.000
0.700	-5.000	0.671	-0.072	0.000
0.700	-5.000	0.670	-0.076	0.000
0.700	-5.000	0.670	-0.076	0.000
0.700	-5.000	0.671	-0.072	0.000
0.700	-5.000	0.671	-0.072	0.000
0.700	-5.000	0.673	-0.069	0.000
0.700	-5.000	0.670	-0.076	0.000
0.700	-5.000	0.673	-0.069	0.000
0.700	-5.000	0.671	-0.072	0.000
0.700	-5.000	0.671	-0.072	0.000
0.700	-5.000	0.673	-0.069	0.000
0.700	-5.000	0.670	-0.076	0.000
0.700	-5.000	0.670	-0.076	0.000
0.700	-5.000	0.670	-0.076	0.000
0.700	-5.000	0.671	-0.072	0.000
0.700	-5.000	0.670	-0.076	0.000
0.700	-5.000	0.670	-0.076	0.000
0.700	-5.000	0.671	-0.072	0.000
0.700	-5.000	0.671	-0.072	0.000
0.700	-5.000	0.671	-0.072	0.000
0.700	-5.000	0.671	-0.072	0.000
0.700	-5.000	0.670	-0.076	0.000
0.700	-5.000	0.671	-0.072	0.000
0.700	-5.000	0.670	-0.076	0.000
0.700	-5.000	0.671	-0.072	0.000
0.700	-5.000	0.671	-0.072	0.000
0.700	-5.000	0.670	-0.076	0.000
0.700	-5.000	0.673	-0.069	0.000
0.700	-5.000	0.670	-0.076	0.000
0.700	-5.000	0.671	-0.072	0.000
0.700	-5.000	0.671	-0.072	0.000
0.700	-5.000	0.670	-0.076	0.000
0.700	-5.000	0.671	-0.072	0.000
0.700	-5.000	0.670	-0.076	0.000
0.700	-5.000	0.671	-0.072	0.000
0.700	-5.000	0.671	-0.072	0.000
0.700	-5.000	0.671	-0.072	0.000
0.700	-5.000	0.671	-0.072	0.000
0.700	-5.000	0.671	-0.072	0.000
0.700	-5.000	0.671	-0.072	0.000
0.700	-5.000	0.671	-0.072	0.000
0.700	-5.000	0.671	-0.072	0.000
0.700	-5.000	0.673	-0.069	0.000
0.700	-5.000	0.670	-0.076	0.000
0.700	-5.000	0.670	-0.076	0.000
0.700	-5.000	0.670	-0.076	0.000
0.700	-5.000	0.671	-0.072	0.000
0.700	-5.000	0.671	-0.072	0.000
0.700	-5.000	0.670	-0.076	0.000
0.700	-5.000	0.671	-0.072	0.000
0.700	-5.000	0.671	-0.072	0.000
0.700	-5.000	0.671	-0.072	0.000
0.700	-5.000	0.670	-0.076	0.000
0.700	-5.000	0.673	-0.069	0.000
0.700	-5.000	0.671	-0.072	0.000
0.700	-5.000	0.670	-0.076	0.000
0.700	-5.000	0.671	-0.072	0.000
0.700	-5.000	0.671	-0.072	0.000
0.700	-5.000	0.673	-0.069	0.000
0.700	-5.000	0.671	-0.072	0.000
0.700	-5.000	0.671	-0.072	0.000
0.700	-5.000	0.670	-0.076	0.000
0.700	-5.000	0.673	-0.069	0.000
0.700	-5.000	0.673	-0.069	0.000
0.700	-5.000	0.671	-0.072	0.000
0.700	-5.000	0.671	-0.072	0.000
0.700	-5.000	0.671	-0.072	0.000
0.700	-5.000	0.671	-0.072	0.000
0.700	-5.000	0.673	-0.069	0.000
0.700	-5.000	0.671	-0.072	0.000
0.700	-5.000	0.671	-0.072	0.000
0.700	-5.000	0.671	-0.072	0.000
0.700	-5.000	0.670	-0.076	0.000
0.700	-5.000	0.671	-0.072	0.000
0.700	-5.000	0.671	-0.072	0.000
0.700	-5.000	0.670	-0.076	0.000
0.700	-5.000	0.671	-0.072	0.000
0.700	-5.000	0.673	-0.069	0.000
0.700	-5.000	0.671	-0.072	0.000
0.700	-5.000	0.671	-0.072	0.000
0.700	-5.000	0.671	-0.072	0.000
0.700	-5.000	0.673	-0.069	0.000
0.700	-5.000	0.671	-0.072	0.000
0.700	-5.000	0.671	-0.072	0.000
0.700	-5.000	0.671	-0.072	0.000
0.700	-5.000	0.671	-0.072	0.000
0.700	-5.000	0.670	-0.076	0.000
0.700	-5.000	0.671	-0.072	0.000
0.700	-5.000	0.671	-0.072	0.000
0.700	-5.000	0.671	-0.072	0.000
0.700	-5.000	0.671	-0.072	0.000
0.700	-5.000	0.670	-0.076	0.000
0.700	-5.000	0.671	-0.072	0.000
0.700	-5.000	0.671	-0.072	0.000
0.700	-5.000	0.671	-0.072	0.000
0.700	-5.000	0.673	-0.069	0.000
0.700	-5.000	0.673	-0.069	0.000
0.700	-5.000	0.671	-0.072	0.000
0.700	-5.000	0.671	-0.072	0.000
0.700	-5.000	0.673	-0.069	0.000
0.700	-5.000	0.671	-0.072	0.000
0.700	-5.000	0.673	-0.069	0.000
0.700	-5.000	0.673	-0.069	0.000
0.700	-5.000	0.671	-0.072	0.000
0.700	-5.000	0.671	-0.072	0.000
0.700	-5.000	0.670	-0.076	0.000
0.700	-5.000	0.670	-0.076	0.000
0.700	-5.000	0.673	-0.069	0.000
0.700	-5.000	0.673	-0.069	0.000
0.700	-5.000	0.673	-0.069	0.000
0.700	-5.000	0.671	-0.072	0.000
0.700	-5.000	0.671	-0.072	0.000
0.700	-5.000	0.671	-0.072	0.000
0.700	-5.000	0.671	-0.072	0.000
0.700	-5.000	0.673	-0.069	0.000
0.700	-5.000	0.673	-0.069	0.000
0.700	-5.000	0.671	-0.072	0.000
0.700	-5.000	0.670	-0.076	0.000
0.700	-5.000	0.671	-0.072	0.000
0.700	-5.000	0.673	-0.069	0.000
0.700	-5.000	0.671	-0.072	0.000
0.700	-5.000	0.671	-0.072	0.000
0.700	-5.000	0.671	-0.072	0.000
0.700	-5.000	0.671	-0.072	0.000
0.700	-5.000	0.671	-0.072	0.000
0.700	-5.000	0.673	-0.069	0.000
0.700	-5.000	0.670	-0.076	0.000
0.700	-5.000	0.673	-0.069	0.000
0.700	-5.000	0.671	-0.072	0.000
0.700	-5.000	0.673	-0.069	0.000
0.700	-5.000	0.671	-0.072	0.000
0.700	-5.000	0.670	-0.076	0.000
0.700	-5.000	0.671	-0.072	0.000
0.700	-5.000	0.670	-0.076	0.000
0.700	-5.000	0.671	-0.072	0.000
0.700	-5.000	0.673	-0.069	0.000
0.700	-5.000	0.671	-0.072	0.000
0.700	-5.000	0.671	-0.072	0.000
0.700	-5.000	0.671	-0.072	0.000
0.700	-5.000	0.673	-0.069	0.000
0.700	-5.000	0.671	-0.072	0.000
0.700	-5.000	0.673	-0.069	0.000
0.700	-5.000	0.671	-0.072	0.000
0.700	-5.000	0.671	-0.072	0.000
0.700	-5.000	0.673	-0.069	0.000
0.700	-5.000	0.674	-0.065	0.000
0.700	-5.000	0.671	-0.072	0.000
0.700	-5.000	0.671	-0.072	0.000
0.700	-5.000	0.673	-0.069	0.000
0.700	-5.000	0.673	-0.069	0.000
0.700	-5.000	0.671	-0.072	0.000
0.700	-5.000	0.673	-0.069	0.000
0.700	-5.000	0.671	-0.072	0.000
0.700	-5.000	0.670	-0.076	0.000
0.700	-5.000	0.673	-0.069	0.000
0.700	-5.000	0.673	-0.069	0.000
0.700	-5.000	0.671	-0.072	0.000
0.700	-5.000	0.671	-0.072	0.000
0.700	-5.000	0.671	-0.072	0.000
0.700	-5.000	0.671	-0.072	0.000
0.700	-5.000	0.671	-0.072	0.000
0.700	-5.000	0.671	-0.072	0.000
0.700	-5.000	0.673	-0.069	0.000
0.700	-5.000	0.671	-0.072	0.000
0.700	-5.000	0.670	-0.076	0.000
0.700	-5.000	0.671	-0.072	0.000
0.700	-5.000	0.671	-0.072	0.000
0.700	-5.000	0.671	-0.072	0.000
0.700	-5.000	0.671	-0.072	0.000
0.700	-5.000	0.671	-0.072	0.000
0.700	-5.000	0.671	-0.072	0.000
0.700	-5.000	0.673	-0.069	0.000
0.700	-5.000	0.673	-0.069	0.000
0.700	-5.000	0.673	-0.069	0.000
0.700	-5.000	0.673	-0.069	0.000
0.700	-5.000	0.671	-0.072	0.000
0.700	-5.000	0.674	-0.065	0.000
0.700	-5.000	0.673	-0.069	0.000
0.700	-5.000	0.670	-0.076	0.000
0.700	-5.000	0.670	-0.076	0.000
0.700	-5.000	0.673	-0.069	0.000
0.700	-5.000	0.671	-0.072	0.000
0.700	-5.000	0.670	-0.076	0.000
0.700	-5.000	0.671	-0.072	0.000
0.700	-5.000	0.671	-0.072	0.000
0.700	-5.000	0.671	-0.072	0.000
0.700	-5.000	0.673	-0.069	0.000
0.700	-5.000	0.671	-0.072	0.000
0.700	-5.000	0.674	-0.065	0.000
0.700	-5.000	0.673	-0.069	0.000
0.700	-5.000	0.674	-0.065	0.000
0.700	-5.000	0.673	-0.069	0.000
0.700	-5.000	0.673	-0.069	0.000
0.700	-5.000	0.673	-0.069	0.000
0.700	-5.000	0.673	-0.069	0.000
0.700	-5.000	0.673	-0.069	0.000
0.700	-5.000	0.671	-0.072	0.000
0.700	-5.000	0.673	-0.069	0.000
0.700	-5.000	0.671	-0.072	0.000
0.700	-5.000	0.670	-0.076	0.000
0.700	-5.000	0.674	-0.065	0.000
0.700	-5.000	0.673	-0.069	0.000
0.700	-5.000	0.673	-0.069	0.000
0.700	-5.000	0.671	-0.072	0.000
0.700	-5.000	0.673	-0.069	0.000
0.700	-5.000	0.671	-0.072	0.000
0.700	-5.000	0.673	-0.069	0.000
0.700	-5.000	0.674	-0.065	0.000
0.700	-5.000	0.673	-0.069	0.000
0.700	-5.000	0.673	-0.069	0.000
0.700	-5.000	0.673	-0.069	0.000
0.700	-5.000	0.673	-0.069	0.000
0.700	-5.000	0.673	-0.069	0.000
0.700	-5.000	0.671	-0.072	0.000
0.700	-5.000	0.673	-0.069	0.000
0.700	-5.000	0.671	-0.072	0.000
0.700	-5.000	0.673	-0.069	0.000
0.700	-5.000	0.673	-0.069	0.000
0.700	-5.000	0.673	-0.069	0.000
0.700	-5.000	0.673	-0.069	0.000
0.700	-5.000	0.671	-0.072	0.000
0.700	-5.000	0.673	-0.069	0.000
0.700	-5.000	0.673	-0.069	0.000
0.700	-5.000	0.674	-0.065	0.000
0.700	-5.000	0.671	-0.072	0.000
0.700	-5.000	0.673	-0.069	0.000
0.700	-5.000	0.674	-0.065	0.000
0.700	-5.000	0.673	-0.069	0.000
0.700	-5.000	0.673	-0.069	0.000
0.700	-5.000	0.673	-0.069	0.000
0.700	-5.000	0.673	-0.069	0.000
0.700	-5.000	0.673	-0.069	0.000
0.700	-5.000	0.673	-0.069	0.000
0.700	-5.000	0.674	-0.065	0.000
0.700	-5.000	0.673	-0.069	0.000
0.700	-5.000	0.674	-0.065	0.000
0.700	-5.000	0.673	-0.069	0.000
0.700	-5.000	0.671	-0.072	0.000
0.700	-5.000	0.671	-0.072	0.000
0.700	-5.000	0.673	-0.069	0.000
0.700	-5.000	0.673	-0.069	0.000
0.700	-5.000	0.673	-0.069	0.000
0.700	-5.000	0.673	-0.069	0.000
0.700	-5.000	0.673	-0.069	0.000
0.700	-5.000	0.673	-0.069	0.000
0.700	-5.000	0.674	-0.065	0.000
0.700	-5.000	0.671	-0.072	0.000
0.700	-5.000	0.674	-0.065	0.000
0.700	-5.000	0.674	-0.065	0.000
0.700	-5.000	0.674	-0.065	0.000
0.700	-5.000	0.673	-0.069	0.000
0.700	-5.000	0.671	-0.072	0.000
0.700	-5.000	0.671	-0.072	0.000
0.700	-5.000	0.673	-0.069	0.000
0.700	-5.000	0.673	-0.069	0.000
0.700	-5.000	0.673	-0.069	0.000
0.700	-5.000	0.674	-0.065	0.000
0.700	-5.000	0.673	-0.069	0.000
0.700	-5.000	0.673	-0.069	0.000
0.700	-5.000	0.670	-0.076	0.000
0.700	-5.000	0.673	-0.069	0.000
0.700	-5.000	0.673	-0.069	0.000
0.700	-5.000	0.673	-0.069	0.000
0.700	-5.000	0.673	-0.069	0.000
0.700	-5.000	0.671	-0.072	0.000
0.700	-5.000	0.673	-0.069	0.000
0.700	-5.000	0.674	-0.065	0.000
0.700	-5.000	0.674	-0.065	0.000
0.700	-5.000	0.673	-0.069	0.000
0.700	-5.000	0.674	-0.065	0.000
0.700	-5.000	0.671	-0.072	0.000
0.700	-5.000	0.673	-0.069	0.000
0.700	-5.000	0.673	-0.069	0.000
0.700	-5.000	0.673	-0.069	0.000
0.700	-5.000	0.673	-0.069	0.000
0.700	-5.000	0.673	-0.069	0.000
0.700	-5.000	0.674	-0.065	0.000
0.700	-5.000	0.673	-0.069	0.000
0.700	-5.000	0.674	-0.065	0.000
0.700	-5.000	0.673	-0.069	0.000
0.700	-5.000	0.671	-0.072	0.000
0.700	-5.000	0.673	-0.069	0.000
0.700	-5.000	0.673	-0.069	0.000
0.700	-5.000	0.673	-0.069	0.000
0.700	-5.000	0.673	-0.069	0.000
0.700	-5.000	0.674	-0.065	0.000
0.700	-5.000	0.673	-0.069	0.000
0.700	-5.000	0.673	-0.069	0.000
0.700	-5.000	0.673	-0.069	0.000
0.700	-5.000	0.673	-0.069	0.000
0.700	-5.000	0.673	-0.069	0.000
0.700	-5.000	0.673	-0.069	0.000
0.700	-5.000	0.671	-0.072	0.000
0.700	-5.000	0.673	-0.069	0.000
0.700	-5.000	0.673	-0.069	0.000
0.700	-5.000	0.673	-0.069	0.000
0.700	-5.000	0.674	-0.065	0.000
0.700	-5.000	0.673	-0.069	0.000
0.700	-5.000	0.674	-0.065	0.000
0.700	-5.000	0.673	-0.069	0.000
0.700	-5.000	0.673	-0.069	0.000
0.700	-5.000	0.673	-0.069	0.000
0.700	-5.000	0.673	-0.069	0.000
0.700	-5.000	0.673	-0.069	0.000
0.700	-5.000	0.673	-0.069	0.000
0.700	-5.000	0.674	-0.065	0.000
0.700	-5.000	0.673	-0.069	0.000
